# year, month, day, hour, min, alt, bl13, bl14, bl34, moon 
2023 05 07 17 00 20.78 0.00 0.00 0.00 0.00
2023 05 07 17 01 20.96 0.00 0.00 0.00 0.00
2023 05 07 17 02 21.14 0.00 0.00 0.00 0.00
2023 05 07 17 03 21.32 0.00 0.00 0.00 0.00
2023 05 07 17 04 21.50 0.00 0.00 0.00 0.00
2023 05 07 17 05 21.69 0.00 0.00 0.00 0.00
2023 05 07 17 06 21.87 115.15 119.49 46.63 0.00
2023 05 07 17 07 22.05 115.24 119.48 46.99 0.00
2023 05 07 17 08 22.23 115.33 119.47 47.34 0.00
2023 05 07 17 09 22.41 115.42 119.47 47.70 0.00
2023 05 07 17 10 22.59 115.52 119.46 48.05 0.00
2023 05 07 17 11 22.78 115.62 119.45 48.41 0.00
2023 05 07 17 12 22.96 115.72 119.44 48.76 0.00
2023 05 07 17 13 23.14 115.83 119.44 49.11 0.00
2023 05 07 17 14 23.32 115.93 119.43 49.46 0.00
2023 05 07 17 15 23.50 116.04 119.42 49.81 0.00
2023 05 07 17 16 23.69 116.15 119.41 50.17 0.00
2023 05 07 17 17 23.87 116.27 119.41 50.51 0.00
2023 05 07 17 18 24.05 116.38 119.40 50.86 0.00
2023 05 07 17 19 24.23 116.50 119.39 51.21 0.00
2023 05 07 17 20 24.42 116.62 119.39 51.56 0.00
2023 05 07 17 21 24.60 116.75 119.38 51.91 0.00
2023 05 07 17 22 24.78 116.87 119.38 52.26 0.00
2023 05 07 17 23 24.96 117.00 119.37 52.60 0.00
2023 05 07 17 24 25.15 117.13 119.36 52.95 0.00
2023 05 07 17 25 25.33 117.26 119.36 53.29 0.00
2023 05 07 17 26 25.51 117.40 119.35 53.64 0.00
2023 05 07 17 27 25.70 117.53 119.35 53.98 0.00
2023 05 07 17 28 25.88 117.67 119.34 54.32 0.00
2023 05 07 17 29 26.06 117.81 119.34 54.66 0.00
2023 05 07 17 30 26.25 117.95 119.33 55.01 0.00
2023 05 07 17 31 26.43 118.10 119.33 55.35 0.00
2023 05 07 17 32 26.61 118.24 119.32 55.69 0.00
2023 05 07 17 33 26.80 118.39 119.32 56.03 0.00
2023 05 07 17 34 26.98 118.54 119.31 56.37 0.00
2023 05 07 17 35 27.17 118.70 119.31 56.70 0.00
2023 05 07 17 36 27.35 118.85 119.31 57.04 0.00
2023 05 07 17 37 27.53 119.01 119.30 57.38 0.00
2023 05 07 17 38 27.72 119.17 119.30 57.72 0.00
2023 05 07 17 39 27.90 119.33 119.29 58.05 0.00
2023 05 07 17 40 28.09 119.49 119.29 58.39 0.00
2023 05 07 17 41 28.27 119.66 119.29 58.72 0.00
2023 05 07 17 42 28.45 119.82 119.28 59.05 0.00
2023 05 07 17 43 28.64 119.99 119.28 59.39 0.00
2023 05 07 17 44 28.82 120.16 119.28 59.72 0.00
2023 05 07 17 45 29.01 120.33 119.28 60.05 0.00
2023 05 07 17 46 29.19 120.51 119.27 60.38 0.00
2023 05 07 17 47 29.38 120.68 119.27 60.71 0.00
2023 05 07 17 48 29.56 120.86 119.27 61.04 0.00
2023 05 07 17 49 29.75 121.04 119.27 61.37 0.00
2023 05 07 17 50 29.93 121.22 119.27 61.69 0.00
2023 05 07 17 51 30.11 121.40 119.27 62.02 0.00
2023 05 07 17 52 30.30 121.58 119.26 62.35 0.00
2023 05 07 17 53 30.48 121.77 119.26 62.67 30.44
2023 05 07 17 54 30.67 121.96 119.26 63.00 30.43
2023 05 07 17 55 30.85 122.15 119.26 63.32 30.42
2023 05 07 17 56 31.04 122.34 119.26 63.64 30.41
2023 05 07 17 57 31.22 122.53 119.26 63.97 30.40
2023 05 07 17 58 31.41 122.72 119.26 64.29 30.39
2023 05 07 17 59 31.59 122.92 119.26 64.61 30.38
2023 05 07 18 00 31.78 123.11 119.26 64.93 30.37
2023 05 07 18 01 31.96 123.31 119.26 65.25 30.37
2023 05 07 18 02 32.15 123.51 119.26 65.57 30.36
2023 05 07 18 03 32.34 123.71 119.26 65.89 30.35
2023 05 07 18 04 32.52 123.91 119.26 66.20 30.34
2023 05 07 18 05 32.71 124.12 119.26 66.52 30.33
2023 05 07 18 06 32.89 124.32 119.27 66.83 30.32
2023 05 07 18 07 33.08 124.53 119.27 67.15 30.31
2023 05 07 18 08 33.26 124.73 119.27 67.46 30.30
2023 05 07 18 09 33.45 124.94 119.27 67.77 30.29
2023 05 07 18 10 33.63 125.15 119.27 68.09 30.28
2023 05 07 18 11 33.82 125.36 119.27 68.40 30.27
2023 05 07 18 12 34.00 125.58 119.28 68.71 30.27
2023 05 07 18 13 34.19 125.79 119.28 69.02 30.26
2023 05 07 18 14 34.37 126.01 119.28 69.33 30.25
2023 05 07 18 15 34.56 126.22 119.28 69.64 30.24
2023 05 07 18 16 34.75 126.44 119.29 69.94 30.23
2023 05 07 18 17 34.93 126.66 119.29 70.25 30.22
2023 05 07 18 18 35.12 126.88 119.29 70.55 30.21
2023 05 07 18 19 35.30 127.10 119.30 70.86 30.20
2023 05 07 18 20 35.49 127.32 119.30 71.16 30.19
2023 05 07 18 21 35.67 127.54 119.30 71.47 30.19
2023 05 07 18 22 35.86 127.76 119.31 71.77 30.18
2023 05 07 18 23 36.04 127.99 119.31 72.07 30.17
2023 05 07 18 24 36.23 128.21 119.32 72.37 30.16
2023 05 07 18 25 36.41 128.44 119.32 72.67 30.15
2023 05 07 18 26 36.60 128.67 119.33 72.97 30.15
2023 05 07 18 27 36.79 128.90 119.33 73.27 30.14
2023 05 07 18 28 36.97 129.13 119.34 73.56 30.13
2023 05 07 18 29 37.16 129.36 119.34 73.86 30.12
2023 05 07 18 30 37.34 129.59 119.35 74.16 30.11
2023 05 07 18 31 37.53 129.82 119.35 74.45 30.11
2023 05 07 18 32 37.71 130.05 119.36 74.74 30.10
2023 05 07 18 33 37.90 130.28 119.36 75.04 30.09
2023 05 07 18 34 38.08 130.52 119.37 75.33 30.08
2023 05 07 18 35 38.27 130.75 119.37 75.62 30.08
2023 05 07 18 36 38.46 130.99 119.38 75.91 30.07
2023 05 07 18 37 38.64 131.22 119.39 76.20 30.06
2023 05 07 18 38 38.83 131.46 119.39 76.49 30.06
2023 05 07 18 39 39.01 131.70 119.40 76.77 30.05
2023 05 07 18 40 39.20 131.93 119.41 77.06 30.04
2023 05 07 18 41 39.38 132.17 119.41 77.35 30.04
2023 05 07 18 42 39.57 132.41 119.42 77.63 30.03
2023 05 07 18 43 39.75 132.65 119.43 77.91 30.02
2023 05 07 18 44 39.94 132.89 119.43 78.20 30.02
2023 05 07 18 45 40.12 133.13 119.44 78.48 30.01
2023 05 07 18 46 40.31 133.37 119.45 78.76 30.01
2023 05 07 18 47 40.49 133.61 119.46 79.04 30.00
2023 05 07 18 48 40.68 133.85 119.46 79.32 30.00
2023 05 07 18 49 40.86 134.10 119.47 79.60 29.99
2023 05 07 18 50 41.05 134.34 119.48 79.88 29.99
2023 05 07 18 51 41.23 134.58 119.49 80.15 29.98
2023 05 07 18 52 41.42 134.83 119.50 80.43 29.98
2023 05 07 18 53 41.60 135.07 119.50 80.70 29.98
2023 05 07 18 54 41.79 135.31 119.51 80.98 29.97
2023 05 07 18 55 41.97 135.56 119.52 81.25 29.97
2023 05 07 18 56 42.16 135.80 119.53 81.52 29.97
2023 05 07 18 57 42.34 136.05 119.54 81.79 29.96
2023 05 07 18 58 42.52 136.29 119.55 82.06 29.96
2023 05 07 18 59 42.71 136.54 119.56 82.33 29.96
2023 05 07 19 00 42.89 136.78 119.57 82.60 29.96
2023 05 07 19 01 43.08 137.03 119.58 82.87 29.95
2023 05 07 19 02 43.26 137.27 119.58 83.13 29.95
2023 05 07 19 03 43.45 137.52 119.59 83.40 29.95
2023 05 07 19 04 43.63 137.77 119.60 83.66 29.95
2023 05 07 19 05 43.81 138.01 119.61 83.93 29.95
2023 05 07 19 06 44.00 138.26 119.62 84.19 29.95
2023 05 07 19 07 44.18 138.50 119.63 84.45 29.95
2023 05 07 19 08 44.37 138.75 119.64 84.71 29.95
2023 05 07 19 09 44.55 139.00 119.65 84.97 29.95
2023 05 07 19 10 44.73 139.24 119.66 85.23 29.95
2023 05 07 19 11 44.92 139.49 119.67 85.49 29.96
2023 05 07 19 12 45.10 139.73 119.68 85.74 29.96
2023 05 07 19 13 45.28 139.98 119.69 86.00 29.96
2023 05 07 19 14 45.47 140.23 119.70 86.25 29.96
2023 05 07 19 15 45.65 140.47 119.71 86.51 29.97
2023 05 07 19 16 45.83 140.72 119.72 86.76 29.97
2023 05 07 19 17 46.01 140.96 119.73 87.01 29.97
2023 05 07 19 18 46.20 141.21 119.74 87.26 29.98
2023 05 07 19 19 46.38 141.46 119.75 87.51 29.98
2023 05 07 19 20 46.56 141.70 119.76 87.76 29.99
2023 05 07 19 21 46.74 141.95 119.77 88.01 30.00
2023 05 07 19 22 46.93 142.19 119.78 88.26 30.00
2023 05 07 19 23 47.11 142.44 119.79 88.50 30.01
2023 05 07 19 24 47.29 142.68 119.80 88.75 30.02
2023 05 07 19 25 47.47 142.92 119.81 88.99 30.03
2023 05 07 19 26 47.65 143.17 119.82 89.24 30.03
2023 05 07 19 27 47.84 143.41 119.83 89.48 30.04
2023 05 07 19 28 48.02 143.65 119.85 89.72 30.05
2023 05 07 19 29 48.20 143.90 119.86 89.96 30.06
2023 05 07 19 30 48.38 144.14 119.87 90.20 30.08
2023 05 07 19 31 48.56 144.38 119.88 90.44 30.09
2023 05 07 19 32 48.74 144.62 119.89 90.67 30.10
2023 05 07 19 33 48.92 144.86 119.90 90.91 30.11
2023 05 07 19 34 49.10 145.11 119.91 91.14 30.13
2023 05 07 19 35 49.28 145.35 119.92 91.38 30.14
2023 05 07 19 36 49.46 145.59 119.93 91.61 30.16
2023 05 07 19 37 49.64 145.83 119.94 91.84 30.17
2023 05 07 19 38 49.82 146.06 119.95 92.08 30.19
2023 05 07 19 39 50.00 146.30 119.96 92.31 30.21
2023 05 07 19 40 50.18 146.54 119.97 92.53 30.23
2023 05 07 19 41 50.36 146.78 119.98 92.76 30.25
2023 05 07 19 42 50.54 147.02 119.99 92.99 30.27
2023 05 07 19 43 50.72 147.25 120.00 93.22 30.29
2023 05 07 19 44 50.90 147.49 120.01 93.44 30.31
2023 05 07 19 45 51.08 147.72 120.02 93.67 30.33
2023 05 07 19 46 51.25 147.96 120.03 93.89 30.35
2023 05 07 19 47 51.43 148.19 120.04 94.11 30.38
2023 05 07 19 48 51.61 148.42 120.05 94.33 30.40
2023 05 07 19 49 51.79 148.66 120.06 94.55 30.43
2023 05 07 19 50 51.96 148.89 120.07 94.77 30.46
2023 05 07 19 51 52.14 149.12 120.08 94.99 30.48
2023 05 07 19 52 52.32 149.35 120.09 95.21 30.51
2023 05 07 19 53 52.50 149.58 120.10 95.42 30.54
2023 05 07 19 54 52.67 149.81 120.11 95.64 30.58
2023 05 07 19 55 52.85 150.04 120.12 95.85 30.61
2023 05 07 19 56 53.02 150.27 120.12 96.06 30.64
2023 05 07 19 57 53.20 150.49 120.13 96.28 30.68
2023 05 07 19 58 53.38 150.72 120.14 96.49 30.71
2023 05 07 19 59 53.55 150.95 120.15 96.70 30.75
2023 05 07 20 00 53.73 151.17 120.16 96.91 30.79
2023 05 07 20 01 53.90 151.39 120.17 97.11 30.83
2023 05 07 20 02 54.07 151.62 120.18 97.32 30.87
2023 05 07 20 03 54.25 151.84 120.18 97.53 30.91
2023 05 07 20 04 54.42 152.06 120.19 97.73 30.95
2023 05 07 20 05 54.60 152.28 120.20 97.93 31.00
2023 05 07 20 06 54.77 152.50 120.21 98.14 31.04
2023 05 07 20 07 54.94 152.72 120.22 98.34 31.09
2023 05 07 20 08 55.11 152.94 120.22 98.54 31.14
2023 05 07 20 09 55.29 153.15 120.23 98.74 31.19
2023 05 07 20 10 55.46 153.37 120.24 98.94 31.24
2023 05 07 20 11 55.63 153.58 120.24 99.14 31.30
2023 05 07 20 12 55.80 153.80 120.25 99.33 31.35
2023 05 07 20 13 55.97 154.01 120.26 99.53 31.41
2023 05 07 20 14 56.14 154.22 120.26 99.72 31.47
2023 05 07 20 15 56.31 154.43 120.27 99.92 31.53
2023 05 07 20 16 56.48 154.64 120.28 100.11 31.59
2023 05 07 20 17 56.65 154.85 120.28 100.30 31.65
2023 05 07 20 18 56.82 155.06 120.29 100.49 31.72
2023 05 07 20 19 56.99 155.27 120.29 100.68 31.79
2023 05 07 20 20 57.16 155.47 120.30 100.87 31.85
2023 05 07 20 21 57.33 155.68 120.30 101.06 31.93
2023 05 07 20 22 57.49 155.88 120.31 101.24 32.00
2023 05 07 20 23 57.66 156.08 120.31 101.43 32.07
2023 05 07 20 24 57.83 156.28 120.32 101.61 32.15
2023 05 07 20 25 57.99 156.48 120.32 101.79 32.23
2023 05 07 20 26 58.16 156.68 120.32 101.98 32.31
2023 05 07 20 27 58.32 156.88 120.33 102.16 32.39
2023 05 07 20 28 58.49 157.08 120.33 102.34 32.48
2023 05 07 20 29 58.65 157.27 120.33 102.52 32.56
2023 05 07 20 30 58.82 157.47 120.34 102.70 32.65
2023 05 07 20 31 58.98 157.66 120.34 102.87 32.74
2023 05 07 20 32 59.14 157.85 120.34 103.05 32.84
2023 05 07 20 33 59.31 158.05 120.34 103.22 32.94
2023 05 07 20 34 59.47 158.23 120.35 103.40 33.03
2023 05 07 20 35 59.63 158.42 120.35 103.57 33.13
2023 05 07 20 36 59.79 158.61 120.35 103.74 33.24
2023 05 07 20 37 59.95 158.80 120.35 103.91 33.34
2023 05 07 20 38 60.11 158.98 120.35 104.08 33.45
2023 05 07 20 39 60.27 159.17 120.35 104.25 33.56
2023 05 07 20 40 60.43 159.35 120.35 104.42 33.68
2023 05 07 20 41 60.59 159.53 120.35 104.59 33.80
2023 05 07 20 42 60.75 159.71 120.35 104.75 33.92
2023 05 07 20 43 60.90 159.89 120.35 104.92 34.04
2023 05 07 20 44 61.06 160.06 120.35 105.08 34.16
2023 05 07 20 45 61.21 160.24 120.34 105.25 34.29
2023 05 07 20 46 61.37 160.41 120.34 105.41 34.42
2023 05 07 20 47 61.52 160.59 120.34 105.57 34.56
2023 05 07 20 48 61.68 160.76 120.34 105.73 34.69
2023 05 07 20 49 61.83 160.93 120.33 105.89 34.83
2023 05 07 20 50 61.98 161.10 120.33 106.05 34.98
2023 05 07 20 51 62.14 161.27 120.33 106.20 35.12
2023 05 07 20 52 62.29 161.43 120.32 106.36 35.27
2023 05 07 20 53 62.44 161.60 120.32 106.51 35.43
2023 05 07 20 54 62.59 161.76 120.31 106.67 35.58
2023 05 07 20 55 62.74 161.92 120.31 106.82 35.74
2023 05 07 20 56 62.89 162.09 120.30 106.97 35.90
2023 05 07 20 57 63.03 162.24 120.30 107.12 36.07
2023 05 07 20 58 63.18 162.40 120.29 107.27 36.24
2023 05 07 20 59 63.33 162.56 120.28 107.42 36.42
2023 05 07 21 00 63.47 162.71 120.28 107.57 36.59
2023 05 07 21 01 63.62 162.87 120.27 107.72 36.77
2023 05 07 21 02 63.76 163.02 120.26 107.86 36.96
2023 05 07 21 03 63.90 163.17 120.25 108.01 37.15
2023 05 07 21 04 64.04 163.32 120.24 108.15 37.34
2023 05 07 21 05 64.18 163.47 120.23 108.29 37.54
2023 05 07 21 06 64.32 163.62 120.22 108.43 37.74
2023 05 07 21 07 64.46 163.76 120.21 108.58 37.94
2023 05 07 21 08 64.60 163.90 120.20 108.71 38.15
2023 05 07 21 09 64.74 164.05 120.19 108.85 38.36
2023 05 07 21 10 64.88 164.19 120.18 108.99 38.58
2023 05 07 21 11 65.01 164.32 120.17 109.13 38.80
2023 05 07 21 12 65.15 164.46 120.16 109.26 39.03
2023 05 07 21 13 65.28 164.60 120.14 109.40 39.26
2023 05 07 21 14 65.41 164.73 120.13 109.53 39.49
2023 05 07 21 15 65.54 164.86 120.12 109.67 39.73
2023 05 07 21 16 65.67 165.00 120.10 109.80 39.97
2023 05 07 21 17 65.80 165.13 120.09 109.93 40.22
2023 05 07 21 18 65.93 165.25 120.07 110.06 40.47
2023 05 07 21 19 66.06 165.38 120.06 110.19 40.72
2023 05 07 21 20 66.18 165.50 120.04 110.32 40.99
2023 05 07 21 21 66.31 165.63 120.02 110.44 41.25
2023 05 07 21 22 66.43 165.75 120.01 110.57 41.52
2023 05 07 21 23 66.56 165.87 119.99 110.69 41.80
2023 05 07 21 24 66.68 165.99 119.97 110.82 42.07
2023 05 07 21 25 66.80 166.11 119.95 110.94 42.36
2023 05 07 21 26 66.92 166.22 119.93 111.06 42.65
2023 05 07 21 27 67.03 166.33 119.91 111.18 42.94
2023 05 07 21 28 67.15 166.45 119.89 111.30 43.24
2023 05 07 21 29 67.27 166.56 119.87 111.42 43.54
2023 05 07 21 30 67.38 166.67 119.85 111.54 43.85
2023 05 07 21 31 67.49 166.77 119.83 111.66 44.17
2023 05 07 21 32 67.60 166.88 119.80 111.78 44.48
2023 05 07 21 33 67.71 166.98 119.78 111.89 44.81
2023 05 07 21 34 67.82 167.09 119.76 112.01 45.14
2023 05 07 21 35 67.93 167.19 119.73 112.12 45.47
2023 05 07 21 36 68.03 167.28 119.71 112.23 45.81
2023 05 07 21 37 68.14 167.38 119.68 112.34 46.15
2023 05 07 21 38 68.24 167.48 119.66 112.46 46.50
2023 05 07 21 39 68.34 167.57 119.63 112.56 46.85
2023 05 07 21 40 68.44 167.66 119.60 112.67 47.21
2023 05 07 21 41 68.54 167.75 119.57 112.78 47.57
2023 05 07 21 42 68.63 167.84 119.55 112.89 47.94
2023 05 07 21 43 68.73 167.93 119.52 112.99 48.32
2023 05 07 21 44 68.82 168.02 119.49 113.10 48.69
2023 05 07 21 45 68.91 168.10 119.46 113.20 49.08
2023 05 07 21 46 69.00 168.18 119.43 113.31 49.47
2023 05 07 21 47 69.09 168.26 119.39 113.41 49.86
2023 05 07 21 48 69.18 168.34 119.36 113.51 50.26
2023 05 07 21 49 69.26 168.42 119.33 113.61 50.66
2023 05 07 21 50 69.34 168.49 119.30 113.71 51.07
2023 05 07 21 51 69.43 168.57 119.26 113.81 51.48
2023 05 07 21 52 69.51 168.64 119.23 113.91 51.90
2023 05 07 21 53 69.58 168.71 119.19 114.01 52.32
2023 05 07 21 54 69.66 168.78 119.16 114.10 52.75
2023 05 07 21 55 69.73 168.85 119.12 114.20 53.18
2023 05 07 21 56 69.80 168.91 119.08 114.29 53.61
2023 05 07 21 57 69.87 168.97 119.04 114.38 54.06
2023 05 07 21 58 69.94 169.04 119.01 114.48 54.50
2023 05 07 21 59 70.01 169.10 118.97 114.57 54.95
2023 05 07 22 00 70.07 169.15 118.93 114.66 55.40
2023 05 07 22 01 70.14 169.21 118.89 114.75 55.86
2023 05 07 22 02 70.20 169.26 118.84 114.84 56.32
2023 05 07 22 03 70.25 169.32 118.80 114.93 56.79
2023 05 07 22 04 70.31 169.37 118.76 115.01 57.26
2023 05 07 22 05 70.36 169.42 118.72 115.10 57.73
2023 05 07 22 06 70.42 169.46 118.67 115.18 58.21
2023 05 07 22 07 70.47 169.51 118.63 115.27 58.69
2023 05 07 22 08 70.51 169.55 118.58 115.35 59.18
2023 05 07 22 09 70.56 169.60 118.53 115.44 59.66
2023 05 07 22 10 70.60 169.64 118.49 115.52 60.16
2023 05 07 22 11 70.64 169.68 118.44 115.60 60.65
2023 05 07 22 12 70.68 169.71 118.39 115.68 61.15
2023 05 07 22 13 70.72 169.75 118.34 115.76 61.65
2023 05 07 22 14 70.76 169.78 118.29 115.84 62.15
2023 05 07 22 15 70.79 169.81 118.24 115.91 62.66
2023 05 07 22 16 70.82 169.84 118.19 115.99 63.17
2023 05 07 22 17 70.85 169.87 118.14 116.07 63.68
2023 05 07 22 18 70.87 169.90 118.09 116.14 64.19
2023 05 07 22 19 70.90 169.92 118.03 116.22 64.71
2023 05 07 22 20 70.92 169.95 117.98 116.29 65.22
2023 05 07 22 21 70.94 169.97 117.92 116.36 65.74
2023 05 07 22 22 70.96 169.99 117.87 116.44 66.26
2023 05 07 22 23 70.97 170.00 117.81 116.51 66.78
2023 05 07 22 24 70.98 170.02 117.75 116.58 67.31
2023 05 07 22 25 70.99 170.03 117.69 116.65 67.83
2023 05 07 22 26 71.00 170.05 117.64 116.72 68.36
2023 05 07 22 27 71.01 170.06 117.58 116.78 68.88
2023 05 07 22 28 71.01 170.06 117.52 116.85 69.41
2023 05 07 22 29 71.01 170.07 117.45 116.92 69.94
2023 05 07 22 30 71.01 170.08 117.39 116.98 70.47
2023 05 07 22 31 71.01 170.08 117.33 117.05 71.00
2023 05 07 22 32 71.00 170.08 117.27 117.11 71.52
2023 05 07 22 33 70.99 170.08 117.20 117.17 72.05
2023 05 07 22 34 70.98 170.08 117.14 117.24 72.58
2023 05 07 22 35 70.97 170.07 117.07 117.30 73.11
2023 05 07 22 36 70.96 170.07 117.00 117.36 73.63
2023 05 07 22 37 70.94 170.06 116.94 117.42 74.16
2023 05 07 22 38 70.92 170.05 116.87 117.48 74.68
2023 05 07 22 39 70.90 170.04 116.80 117.54 75.21
2023 05 07 22 40 70.87 170.03 116.73 117.59 75.73
2023 05 07 22 41 70.85 170.01 116.66 117.65 76.25
2023 05 07 22 42 70.82 170.00 116.58 117.71 76.77
2023 05 07 22 43 70.79 169.98 116.51 117.76 77.29
2023 05 07 22 44 70.76 169.96 116.44 117.82 77.81
2023 05 07 22 45 70.72 169.94 116.36 117.87 78.32
2023 05 07 22 46 70.68 169.91 116.29 117.92 78.83
2023 05 07 22 47 70.64 169.89 116.21 117.98 79.34
2023 05 07 22 48 70.60 169.86 116.14 118.03 79.85
2023 05 07 22 49 70.56 169.83 116.06 118.08 80.35
2023 05 07 22 50 70.51 169.80 115.98 118.13 80.86
2023 05 07 22 51 70.46 169.77 115.90 118.18 81.35
2023 05 07 22 52 70.41 169.74 115.82 118.23 81.85
2023 05 07 22 53 70.36 169.70 115.74 118.28 82.34
2023 05 07 22 54 70.31 169.66 115.66 118.32 82.83
2023 05 07 22 55 70.25 169.62 115.57 118.37 83.32
2023 05 07 22 56 70.19 169.58 115.49 118.42 83.80
2023 05 07 22 57 70.13 169.54 115.40 118.46 84.28
2023 05 07 22 58 70.07 169.49 115.32 118.51 84.76
2023 05 07 22 59 70.01 169.45 115.23 118.55 85.23
2023 05 07 23 00 69.94 169.40 115.14 118.59 85.70
2023 05 07 23 01 69.87 169.35 115.06 118.64 86.16
2023 05 07 23 02 69.80 169.30 114.97 118.68 86.62
2023 05 07 23 03 69.73 169.24 114.88 118.72 87.08
2023 05 07 23 04 69.66 169.19 114.79 118.76 87.53
2023 05 07 23 05 69.58 169.13 114.69 118.80 87.97
2023 05 07 23 06 69.50 169.07 114.60 118.84 88.42
2023 05 07 23 07 69.42 169.01 114.51 118.88 88.85
2023 05 07 23 08 69.34 168.95 114.41 118.92 89.29
2023 05 07 23 09 69.26 168.89 114.32 118.95 89.72
2023 05 07 23 10 69.17 168.82 114.22 118.99 90.14
2023 05 07 23 11 69.09 168.75 114.12 119.03 90.56
2023 05 07 23 12 69.00 168.69 114.02 119.06 90.97
2023 05 07 23 13 68.91 168.62 113.93 119.10 91.38
2023 05 07 23 14 68.82 168.54 113.83 119.13 91.79
2023 05 07 23 15 68.73 168.47 113.72 119.16 92.19
2023 05 07 23 16 68.63 168.39 113.62 119.20 92.58
2023 05 07 23 17 68.53 168.32 113.52 119.23 92.97
2023 05 07 23 18 68.44 168.24 113.42 119.26 93.35
2023 05 07 23 19 68.34 168.16 113.31 119.29 93.73
2023 05 07 23 20 68.24 168.07 113.21 119.32 94.10
2023 05 07 23 21 68.13 167.99 113.10 119.35 94.47
2023 05 07 23 22 68.03 167.90 112.99 119.38 94.83
2023 05 07 23 23 67.92 167.82 112.88 119.41 95.19
2023 05 07 23 24 67.82 167.73 112.77 119.44 95.54
2023 05 07 23 25 67.71 167.64 112.66 119.47 95.88
2023 05 07 23 26 67.60 167.54 112.55 119.49 96.22
2023 05 07 23 27 67.49 167.45 112.44 119.52 96.55
2023 05 07 23 28 67.38 167.35 112.33 119.55 96.88
2023 05 07 23 29 67.26 167.25 112.21 119.57 97.20
2023 05 07 23 30 67.15 167.16 112.10 119.60 97.52
2023 05 07 23 31 67.03 167.05 111.98 119.62 97.83
2023 05 07 23 32 66.91 166.95 111.86 119.64 98.13
2023 05 07 23 33 66.79 166.85 111.74 119.67 98.43
2023 05 07 23 34 66.67 166.74 111.62 119.69 98.72
2023 05 07 23 35 66.55 166.64 111.50 119.71 99.01
2023 05 07 23 36 66.43 166.53 111.38 119.73 99.28
2023 05 07 23 37 66.31 166.42 111.26 119.75 99.56
2023 05 07 23 38 66.18 166.30 111.14 119.77 99.82
2023 05 07 23 39 66.05 166.19 111.01 119.79 100.08
2023 05 07 23 40 65.93 166.07 110.89 119.81 100.33
2023 05 07 23 41 65.80 165.96 110.76 119.83 100.58
2023 05 07 23 42 65.67 165.84 110.64 119.85 100.82
2023 05 07 23 43 65.54 165.72 110.51 119.87 101.05
2023 05 07 23 44 65.41 165.60 110.38 119.89 101.27
2023 05 07 23 45 65.28 165.47 110.25 119.90 101.49
2023 05 07 23 46 65.14 165.35 110.12 119.92 101.70
2023 05 07 23 47 65.01 165.22 109.99 119.94 101.90
2023 05 07 23 48 64.87 165.09 109.85 119.95 102.09
2023 05 07 23 49 64.74 164.97 109.72 119.97 102.28
2023 05 07 23 50 64.60 164.83 109.59 119.98 102.46
2023 05 07 23 51 64.46 164.70 109.45 120.00 102.63
2023 05 07 23 52 64.32 164.57 109.31 120.01 102.79
2023 05 07 23 53 64.18 164.43 109.18 120.02 102.94
2023 05 07 23 54 64.04 164.30 109.04 120.04 103.09
2023 05 07 23 55 63.90 164.16 108.90 120.05 103.22
2023 05 07 23 56 63.75 164.02 108.76 120.06 103.35
2023 05 07 23 57 63.61 163.88 108.61 120.07 103.47
2023 05 07 23 58 63.47 163.73 108.47 120.08 103.57
2023 05 07 23 59 63.32 163.59 108.33 120.09 103.67
2023 05 08 00 00 63.18 163.44 108.18 120.10 103.76
2023 05 08 00 01 63.03 163.29 108.04 120.11 103.83
2023 05 08 00 02 62.88 163.15 107.89 120.12 103.89
2023 05 08 00 03 62.73 163.00 107.74 120.13 103.95
2023 05 08 00 04 62.58 162.84 107.59 120.14 103.99
2023 05 08 00 05 62.43 162.69 107.44 120.15 104.01
2023 05 08 00 06 62.28 162.54 107.29 120.16 104.03
2023 05 08 00 07 62.13 162.38 107.14 120.16 104.02
2023 05 08 00 08 61.98 162.22 106.99 120.17 104.01
2023 05 08 00 09 61.83 162.06 106.83 120.18 103.98
2023 05 08 00 10 61.67 161.90 106.68 120.18 103.93
2023 05 08 00 11 61.52 161.74 106.52 120.19 103.87
2023 05 08 00 12 61.36 161.58 106.36 120.19 103.79
2023 05 08 00 13 61.21 161.42 106.21 120.20 103.69
2023 05 08 00 14 61.05 161.25 106.05 120.20 103.57
2023 05 08 00 15 60.90 161.08 105.89 120.21 103.43
2023 05 08 00 16 60.74 160.91 105.72 120.21 103.26
2023 05 08 00 17 60.58 160.74 105.56 120.22 103.08
2023 05 08 00 18 60.42 160.57 105.40 120.22 102.86
2023 05 08 00 19 60.27 160.40 105.23 120.22 102.63
2023 05 08 00 20 60.11 160.23 105.07 120.23 102.36
2023 05 08 00 21 59.95 160.05 104.90 120.23 102.06
2023 05 08 00 22 59.79 159.88 104.74 120.23 101.73
2023 05 08 00 23 59.62 159.70 104.57 120.23 101.36
2023 05 08 00 24 59.46 159.52 104.40 120.23 100.95
2023 05 08 00 25 59.30 159.34 104.23 120.23 100.51
2023 05 08 00 26 59.14 159.16 104.06 120.24 100.02
2023 05 08 00 27 58.98 158.98 103.88 120.24 99.48
2023 05 08 00 28 58.81 158.79 103.71 120.24 98.89
2023 05 08 00 29 58.65 158.61 103.53 120.24 98.24
2023 05 08 00 30 58.48 158.42 103.36 120.24 97.54
2023 05 08 00 31 58.32 158.24 103.18 120.24 96.76
2023 05 08 00 32 58.15 158.05 103.00 120.24 95.92
2023 05 08 00 33 57.99 157.86 102.83 120.23 95.00
2023 05 08 00 34 57.82 157.67 102.65 120.23 93.99
2023 05 08 00 35 57.65 157.48 102.47 120.23 92.89
2023 05 08 00 36 57.49 157.28 102.28 120.23 91.70
2023 05 08 00 37 57.32 157.09 102.10 120.23 90.39
2023 05 08 00 38 57.15 156.89 101.92 120.23 88.98
2023 05 08 00 39 56.98 156.70 101.73 120.22 87.43
2023 05 08 00 40 56.82 156.50 101.55 120.22 85.76
2023 05 08 00 41 56.65 156.30 101.36 120.22 83.95
2023 05 08 00 42 56.48 156.10 101.17 120.21 81.99
2023 05 08 00 43 56.31 155.90 100.98 120.21 79.89
2023 05 08 00 44 56.14 155.70 100.79 120.21 77.64
2023 05 08 00 45 55.97 155.50 100.60 120.20 75.23
2023 05 08 00 46 55.80 155.29 100.41 120.20 72.69
2023 05 08 00 47 55.62 155.09 100.21 120.20 70.02
2023 05 08 00 48 55.45 154.88 100.02 120.19 67.23
2023 05 08 00 49 55.28 154.68 99.82 120.19 64.37
2023 05 08 00 50 55.11 154.47 99.63 120.18 61.46
2023 05 08 00 51 54.94 154.26 99.43 120.18 58.53
2023 05 08 00 52 54.76 154.05 99.23 120.17 55.64
2023 05 08 00 53 54.59 153.84 99.03 120.17 52.82
2023 05 08 00 54 54.42 153.63 98.83 120.16 50.12
2023 05 08 00 55 54.24 153.42 98.63 120.15 47.58
2023 05 08 00 56 54.07 153.20 98.43 120.15 45.24
2023 05 08 00 57 53.89 152.99 98.22 120.14 43.11
2023 05 08 00 58 53.72 152.77 98.02 120.14 41.22
2023 05 08 00 59 53.54 152.56 97.81 120.13 39.56
2023 05 08 01 00 53.37 152.34 97.61 120.12 38.15
2023 05 08 01 01 53.19 152.12 97.40 120.12 36.96
2023 05 08 01 02 53.02 151.90 97.19 120.11 35.99
2023 05 08 01 03 52.84 151.68 96.98 120.10 35.21
2023 05 08 01 04 52.67 151.46 96.77 120.10 34.59
2023 05 08 01 05 52.49 151.24 96.56 120.09 34.13
2023 05 08 01 06 52.31 151.02 96.35 120.08 33.80
2023 05 08 01 07 52.14 150.80 96.13 120.07 33.57
2023 05 08 01 08 51.96 150.58 95.92 120.07 33.43
2023 05 08 01 09 51.78 150.35 95.70 120.06 33.36
2023 05 08 01 10 51.60 150.13 95.48 120.05 33.34
2023 05 08 01 11 51.43 149.90 95.27 120.04 33.38
2023 05 08 01 12 51.25 149.68 95.05 120.04 33.44
2023 05 08 01 13 51.07 149.45 94.83 120.03 33.54
2023 05 08 01 14 50.89 149.22 94.60 120.02 33.65
2023 05 08 01 15 50.71 148.99 94.38 120.01 33.78
2023 05 08 01 16 50.53 148.76 94.16 120.00 33.92
2023 05 08 01 17 50.36 148.54 93.94 120.00 34.06
2023 05 08 01 18 50.18 148.31 93.71 119.99 34.21
2023 05 08 01 19 50.00 148.07 93.48 119.98 34.36
2023 05 08 01 20 49.82 147.84 93.26 119.97 34.51
2023 05 08 01 21 49.64 147.61 93.03 119.96 34.65
2023 05 08 01 22 49.46 147.38 92.80 119.95 34.79
2023 05 08 01 23 49.28 147.15 92.57 119.94 34.93
2023 05 08 01 24 49.10 146.91 92.34 119.94 35.06
2023 05 08 01 25 48.92 146.68 92.10 119.93 35.19
2023 05 08 01 26 48.74 146.45 91.87 119.92 35.31
2023 05 08 01 27 48.55 146.21 91.64 119.91 35.42
2023 05 08 01 28 48.37 145.98 91.40 119.90 35.53
2023 05 08 01 29 48.19 145.74 91.17 119.89 35.63
2023 05 08 01 30 48.01 145.50 90.93 119.88 35.73
2023 05 08 01 31 47.83 145.27 90.69 119.87 35.82
2023 05 08 01 32 47.65 145.03 90.45 119.86 35.91
2023 05 08 01 33 47.47 144.79 90.21 119.86 35.99
2023 05 08 01 34 47.28 144.56 89.97 119.85 36.07
2023 05 08 01 35 47.10 144.32 89.73 119.84 36.14
2023 05 08 01 36 46.92 144.08 89.48 119.83 36.20
2023 05 08 01 37 46.74 143.84 89.24 119.82 36.26
2023 05 08 01 38 46.56 143.60 88.99 119.81 36.32
2023 05 08 01 39 46.37 143.37 88.75 119.80 36.37
2023 05 08 01 40 46.19 143.13 88.50 119.79 36.41
2023 05 08 01 41 46.01 142.89 88.25 119.78 36.46
2023 05 08 01 42 45.83 142.65 88.00 119.78 36.50
2023 05 08 01 43 45.64 142.41 87.75 119.77 36.53
2023 05 08 01 44 45.46 142.17 87.50 119.76 36.56
2023 05 08 01 45 45.28 141.93 87.25 119.75 36.59
2023 05 08 01 46 45.09 141.69 86.99 119.74 36.61
2023 05 08 01 47 44.91 141.45 86.74 119.73 36.63
2023 05 08 01 48 44.73 141.21 86.48 119.72 36.65
2023 05 08 01 49 44.54 140.96 86.23 119.71 36.66
2023 05 08 01 50 44.36 140.72 85.97 119.70 36.67
2023 05 08 01 51 44.18 140.48 85.71 119.70 36.68
2023 05 08 01 52 43.99 140.24 85.45 119.69 36.69
2023 05 08 01 53 43.81 140.00 85.19 119.68 36.69
2023 05 08 01 54 43.62 139.76 84.93 119.67 36.69
2023 05 08 01 55 43.44 139.52 84.67 119.66 36.69
2023 05 08 01 56 43.26 139.28 84.41 119.65 36.69
2023 05 08 01 57 43.07 139.04 84.14 119.65 36.68
2023 05 08 01 58 42.89 138.80 83.88 119.64 36.68
2023 05 08 01 59 42.70 138.56 83.61 119.63 36.67
2023 05 08 02 00 42.52 138.32 83.35 119.62 36.65
2023 05 08 02 01 42.33 138.08 83.08 119.61 36.64
2023 05 08 02 02 42.15 137.84 82.81 119.61 36.63
2023 05 08 02 03 41.97 137.60 82.54 119.60 36.61
2023 05 08 02 04 41.78 137.36 82.27 119.59 36.59
2023 05 08 02 05 41.60 137.12 82.00 119.58 36.57
2023 05 08 02 06 41.41 136.88 81.72 119.57 36.55
2023 05 08 02 07 41.23 136.64 81.45 119.57 36.53
2023 05 08 02 08 41.04 136.40 81.18 119.56 36.50
2023 05 08 02 09 40.86 136.16 80.90 119.55 36.48
2023 05 08 02 10 40.67 135.92 80.63 119.54 36.45
2023 05 08 02 11 40.49 135.68 80.35 119.54 36.42
2023 05 08 02 12 40.30 135.45 80.07 119.53 36.39
2023 05 08 02 13 40.12 135.21 79.79 119.52 36.36
2023 05 08 02 14 39.93 134.97 79.51 119.52 36.33
2023 05 08 02 15 39.75 134.74 79.23 119.51 36.30
2023 05 08 02 16 39.56 134.50 78.95 119.50 36.27
2023 05 08 02 17 39.38 134.26 78.67 119.50 36.23
2023 05 08 02 18 39.19 134.03 78.38 119.49 36.20
2023 05 08 02 19 39.01 133.79 78.10 119.48 36.16
2023 05 08 02 20 38.82 133.56 77.81 119.48 36.13
2023 05 08 02 21 38.63 133.33 77.53 119.47 36.09
2023 05 08 02 22 38.45 133.09 77.24 119.47 36.05
2023 05 08 02 23 38.26 132.86 76.95 119.46 36.01
2023 05 08 02 24 38.08 132.63 76.66 119.45 35.97
2023 05 08 02 25 37.89 132.40 76.37 119.45 35.93
2023 05 08 02 26 37.71 132.17 76.08 119.44 35.89
2023 05 08 02 27 37.52 131.94 75.79 119.44 35.85
2023 05 08 02 28 37.34 131.71 75.50 119.43 35.81
2023 05 08 02 29 37.15 131.48 75.20 119.43 35.76
2023 05 08 02 30 36.97 131.25 74.91 119.42 35.72
2023 05 08 02 31 36.78 131.03 74.61 119.42 35.68
2023 05 08 02 32 36.59 130.80 74.32 119.41 35.63
2023 05 08 02 33 36.41 130.57 74.02 119.41 35.59
2023 05 08 02 34 36.22 130.35 73.72 119.40 35.54
2023 05 08 02 35 36.04 130.12 73.42 119.40 35.50
2023 05 08 02 36 35.85 129.90 73.12 119.40 35.45
2023 05 08 02 37 35.67 129.68 72.82 119.39 35.40
2023 05 08 02 38 35.48 129.46 72.52 119.39 35.36
2023 05 08 02 39 35.30 129.24 72.22 119.38 35.31
2023 05 08 02 40 35.11 129.02 71.91 119.38 35.26
2023 05 08 02 41 34.93 128.80 71.61 119.38 35.21
2023 05 08 02 42 34.74 128.58 71.31 119.37 35.16
2023 05 08 02 43 34.55 128.37 71.00 119.37 35.11
2023 05 08 02 44 34.37 128.15 70.69 119.37 35.06
2023 05 08 02 45 34.18 127.94 70.39 119.37 35.01
2023 05 08 02 46 34.00 127.72 70.08 119.36 34.96
2023 05 08 02 47 33.81 127.51 69.77 119.36 34.91
2023 05 08 02 48 33.63 127.30 69.46 119.36 34.86
2023 05 08 02 49 33.44 127.09 69.15 119.36 34.81
2023 05 08 02 50 33.26 126.88 68.84 119.35 34.76
2023 05 08 02 51 33.07 126.67 68.52 119.35 34.71
2023 05 08 02 52 32.89 126.47 68.21 119.35 34.66
2023 05 08 02 53 32.70 126.26 67.90 119.35 34.60
2023 05 08 02 54 32.51 126.06 67.58 119.35 34.55
2023 05 08 02 55 32.33 125.85 67.27 119.35 34.50
2023 05 08 02 56 32.14 125.65 66.95 119.35 34.44
2023 05 08 02 57 31.96 125.45 66.63 119.34 34.39
2023 05 08 02 58 31.77 125.25 66.32 119.34 34.34
2023 05 08 02 59 31.59 125.06 66.00 119.34 34.28
2023 05 08 03 00 31.40 124.86 65.68 119.34 34.23
2023 05 08 03 01 31.22 124.67 65.36 119.34 34.18
2023 05 08 03 02 31.03 124.47 65.04 119.34 34.12
2023 05 08 03 03 30.85 124.28 64.71 119.34 34.07
2023 05 08 03 04 30.66 124.09 64.39 119.34 34.01
2023 05 08 03 05 30.48 123.90 64.07 119.34 33.96
2023 05 08 03 06 30.29 123.71 63.74 119.34 33.90
2023 05 08 03 07 30.11 123.53 63.42 119.34 33.85
2023 05 08 03 08 29.92 123.34 63.09 119.34 33.79
2023 05 08 03 09 29.74 123.16 62.77 119.35 33.74
2023 05 08 03 10 29.56 122.98 62.44 119.35 33.68
2023 05 08 03 11 29.37 122.80 62.11 119.35 33.63
2023 05 08 03 12 29.19 122.62 61.78 119.35 33.57
2023 05 08 03 13 29.00 122.45 61.45 119.35 33.51
2023 05 08 03 14 28.82 122.27 61.12 119.35 33.46
2023 05 08 03 15 28.63 122.10 60.79 119.36 33.40
2023 05 08 03 16 28.45 121.93 60.46 119.36 33.35
2023 05 08 03 17 28.26 121.76 60.13 119.36 33.29
2023 05 08 03 18 28.08 121.59 59.80 119.36 33.23
2023 05 08 03 19 27.90 121.42 59.46 119.36 33.18
2023 05 08 03 20 27.71 121.26 59.13 119.37 33.12
2023 05 08 03 21 27.53 121.10 58.79 119.37 33.06
2023 05 08 03 22 27.34 120.94 58.46 119.37 33.01
2023 05 08 03 23 27.16 120.78 58.12 119.38 32.95
2023 05 08 03 24 26.98 120.62 57.78 119.38 32.89
2023 05 08 03 25 26.79 120.47 57.44 119.38 32.83
2023 05 08 03 26 26.61 120.31 57.11 119.39 32.78
2023 05 08 03 27 26.42 120.16 56.77 119.39 32.72
2023 05 08 03 28 26.24 120.01 56.43 119.39 32.66
2023 05 08 03 29 26.06 119.87 56.09 119.40 32.60
2023 05 08 03 30 25.87 119.72 55.74 119.40 32.54
2023 05 08 03 31 25.69 119.58 55.40 119.41 32.49
2023 05 08 03 32 25.51 119.44 55.06 119.41 32.43
2023 05 08 03 33 25.32 119.30 54.72 119.42 32.37
2023 05 08 03 34 25.14 119.16 54.37 119.42 32.31
2023 05 08 03 35 24.96 119.02 54.03 119.43 32.25
2023 05 08 03 36 24.78 118.89 53.68 119.43 32.20
2023 05 08 03 37 24.59 118.76 53.34 119.44 32.14
2023 05 08 03 38 24.41 118.63 52.99 119.44 32.08
2023 05 08 03 39 24.23 118.51 52.64 119.45 32.02
2023 05 08 03 40 24.05 118.38 52.29 119.45 31.96
2023 05 08 03 41 23.86 118.26 51.95 119.46 31.90
2023 05 08 03 42 23.68 118.14 51.60 119.46 31.84
2023 05 08 03 43 23.50 118.02 51.25 119.47 31.78
2023 05 08 03 44 23.32 117.91 50.90 119.47 31.72
2023 05 08 03 45 23.13 117.79 50.55 119.48 31.67
2023 05 08 03 46 22.95 117.68 50.19 119.49 31.61
2023 05 08 03 47 22.77 117.57 49.84 119.49 31.55
2023 05 08 03 48 22.59 117.47 49.49 119.50 31.49
2023 05 08 03 49 22.41 117.36 49.14 119.51 31.43
2023 05 08 03 50 22.22 117.26 48.78 119.51 31.37
2023 05 08 03 51 22.04 117.16 48.43 119.52 31.31
2023 05 08 03 52 21.86 117.06 48.07 119.53 31.25
2023 05 08 03 53 21.68 116.97 47.72 119.53 31.19
2023 05 08 03 54 21.50 116.88 47.36 119.54 31.13
2023 05 08 03 55 21.32 116.79 47.00 119.55 31.07
2023 05 08 03 56 21.14 116.70 46.65 119.56 31.01
2023 05 08 03 57 20.96 116.61 46.29 119.56 30.95
2023 05 08 03 58 20.78 116.53 45.93 119.57 30.89
2023 05 08 03 59 20.59 116.45 45.57 119.58 30.83
2023 05 08 04 00 20.41 116.37 45.21 119.59 30.77
2023 05 08 04 01 20.23 116.30 44.85 119.59 30.71
2023 05 08 04 02 20.05 116.22 44.49 119.60 30.65
2023 05 08 04 03 19.87 116.15 44.13 119.61 30.59
2023 05 08 04 04 19.69 116.08 43.77 119.62 30.53
2023 05 08 04 05 19.51 116.02 43.41 119.62 30.47
2023 05 08 04 06 19.33 115.95 43.05 119.63 30.41
2023 05 08 04 07 19.15 115.89 42.68 119.64 30.35
2023 05 08 04 08 18.97 115.84 42.32 119.65 30.29
2023 05 08 04 09 18.79 115.78 41.96 119.66 30.22
2023 05 08 04 10 18.62 115.73 41.59 119.67 30.16
2023 05 08 04 11 18.44 115.68 41.23 119.67 30.10
2023 05 08 04 12 18.26 115.63 40.86 119.68 30.04
2023 05 08 04 13 18.08 115.58 40.50 119.69 29.98
2023 05 08 04 14 17.90 115.54 40.13 119.70 29.92
2023 05 08 04 15 17.72 115.50 39.76 119.71 29.86
2023 05 08 04 16 17.54 115.46 39.40 119.72 29.80
2023 05 08 04 17 17.36 115.43 39.03 119.73 29.74
2023 05 08 04 18 17.18 115.39 38.66 119.74 29.68
2023 05 08 04 19 17.01 115.36 38.29 119.74 29.61
2023 05 08 04 20 16.83 115.34 37.92 119.75 29.55
2023 05 08 04 21 16.65 115.31 37.55 119.76 29.49
2023 05 08 04 22 16.47 115.29 37.18 119.77 29.43
2023 05 08 04 23 16.30 115.27 36.82 119.78 29.37
2023 05 08 04 24 16.12 115.25 36.44 119.79 29.31
2023 05 08 04 25 15.94 115.24 36.07 119.80 29.24
2023 05 08 04 26 15.76 115.23 35.70 119.81 29.18
2023 05 08 04 27 15.59 115.22 35.33 119.82 29.12
2023 05 08 04 28 15.41 115.21 34.96 119.82 29.06
2023 05 08 04 29 15.23 115.21 34.59 119.83 29.00
2023 05 08 04 30 15.06 115.21 34.22 119.84 28.93
2023 05 08 04 31 14.88 115.21 33.84 119.85 28.87
2023 05 08 04 32 14.70 115.21 33.47 119.86 28.81
2023 05 08 04 33 14.53 115.22 33.10 119.87 28.75
2023 05 08 04 34 14.35 115.23 32.72 119.88 28.69
2023 05 08 04 35 14.18 115.24 32.35 119.89 28.62
2023 05 08 04 36 14.00 0.00 0.00 0.00 0.00
2023 05 08 04 37 13.82 0.00 0.00 0.00 0.00
2023 05 08 04 38 13.65 0.00 0.00 0.00 0.00
2023 05 08 04 39 13.47 0.00 0.00 0.00 0.00
2023 05 08 04 40 13.30 0.00 0.00 0.00 0.00
2023 05 08 04 41 13.12 0.00 0.00 0.00 0.00
2023 05 08 04 42 12.95 0.00 0.00 0.00 0.00
2023 05 08 04 43 12.78 0.00 0.00 0.00 0.00
2023 05 08 04 44 12.60 0.00 0.00 0.00 0.00
2023 05 08 04 45 12.43 0.00 0.00 0.00 0.00
2023 05 08 04 46 12.25 0.00 0.00 0.00 0.00
2023 05 08 04 47 12.08 0.00 0.00 0.00 0.00
2023 05 08 04 48 11.91 0.00 0.00 0.00 0.00
2023 05 08 04 49 11.73 0.00 0.00 0.00 0.00
2023 05 08 04 50 11.56 0.00 0.00 0.00 0.00
2023 05 08 04 51 11.39 0.00 0.00 0.00 0.00
2023 05 08 04 52 11.21 0.00 0.00 0.00 0.00
2023 05 08 04 53 11.04 0.00 0.00 0.00 0.00
2023 05 08 04 54 10.87 0.00 0.00 0.00 0.00
2023 05 08 04 55 10.70 0.00 0.00 0.00 0.00
2023 05 08 04 56 10.52 0.00 0.00 0.00 0.00
2023 05 08 04 57 10.35 0.00 0.00 0.00 0.00
2023 05 08 04 58 10.18 0.00 0.00 0.00 0.00
2023 05 08 04 59 10.01 0.00 0.00 0.00 0.00
