# year, month, day, hour, min, alt, bl13, bl14, bl34, moon 
2023 05 08 17 00 21.49 0.00 0.00 0.00 0.00
2023 05 08 17 01 21.67 0.00 0.00 0.00 0.00
2023 05 08 17 02 21.85 0.00 0.00 0.00 0.00
2023 05 08 17 03 22.04 0.00 0.00 0.00 0.00
2023 05 08 17 04 22.22 0.00 0.00 0.00 0.00
2023 05 08 17 05 22.40 0.00 0.00 0.00 0.00
2023 05 08 17 06 22.58 115.51 119.46 48.03 0.00
2023 05 08 17 07 22.76 115.61 119.45 48.38 0.00
2023 05 08 17 08 22.94 115.72 119.44 48.74 0.00
2023 05 08 17 09 23.13 115.82 119.44 49.09 0.00
2023 05 08 17 10 23.31 115.93 119.43 49.44 0.00
2023 05 08 17 11 23.49 116.04 119.42 49.79 0.00
2023 05 08 17 12 23.67 116.15 119.42 50.14 0.00
2023 05 08 17 13 23.86 116.26 119.41 50.49 0.00
2023 05 08 17 14 24.04 116.38 119.40 50.84 0.00
2023 05 08 17 15 24.22 116.49 119.40 51.19 0.00
2023 05 08 17 16 24.40 116.62 119.39 51.54 0.00
2023 05 08 17 17 24.59 116.74 119.38 51.88 0.00
2023 05 08 17 18 24.77 116.86 119.38 52.23 0.00
2023 05 08 17 19 24.95 116.99 119.37 52.58 0.00
2023 05 08 17 20 25.13 117.12 119.36 52.92 0.00
2023 05 08 17 21 25.32 117.25 119.36 53.27 0.00
2023 05 08 17 22 25.50 117.39 119.35 53.61 0.00
2023 05 08 17 23 25.68 117.52 119.35 53.96 0.00
2023 05 08 17 24 25.87 117.66 119.34 54.30 0.00
2023 05 08 17 25 26.05 117.80 119.34 54.64 0.00
2023 05 08 17 26 26.23 117.94 119.33 54.98 0.00
2023 05 08 17 27 26.42 118.09 119.33 55.32 0.00
2023 05 08 17 28 26.60 118.23 119.32 55.66 0.00
2023 05 08 17 29 26.79 118.38 119.32 56.00 0.00
2023 05 08 17 30 26.97 118.53 119.31 56.34 0.00
2023 05 08 17 31 27.15 118.69 119.31 56.68 0.00
2023 05 08 17 32 27.34 118.84 119.31 57.02 0.00
2023 05 08 17 33 27.52 119.00 119.30 57.36 0.00
2023 05 08 17 34 27.70 119.16 119.30 57.69 0.00
2023 05 08 17 35 27.89 119.32 119.29 58.03 0.00
2023 05 08 17 36 28.07 119.48 119.29 58.36 0.00
2023 05 08 17 37 28.26 119.64 119.29 58.70 0.00
2023 05 08 17 38 28.44 119.81 119.29 59.03 0.00
2023 05 08 17 39 28.63 119.98 119.28 59.36 0.00
2023 05 08 17 40 28.81 120.15 119.28 59.70 0.00
2023 05 08 17 41 28.99 120.32 119.28 60.03 0.00
2023 05 08 17 42 29.18 120.49 119.27 60.36 0.00
2023 05 08 17 43 29.36 120.67 119.27 60.69 0.00
2023 05 08 17 44 29.55 120.85 119.27 61.02 0.00
2023 05 08 17 45 29.73 121.02 119.27 61.34 0.00
2023 05 08 17 46 29.92 121.21 119.27 61.67 0.00
2023 05 08 17 47 30.10 121.39 119.27 62.00 0.00
2023 05 08 17 48 30.29 121.57 119.26 62.33 0.00
2023 05 08 17 49 30.47 121.76 119.26 62.65 0.00
2023 05 08 17 50 30.66 121.94 119.26 62.98 0.00
2023 05 08 17 51 30.84 122.13 119.26 63.30 0.00
2023 05 08 17 52 31.03 122.32 119.26 63.62 0.00
2023 05 08 17 53 31.21 122.51 119.26 63.95 0.00
2023 05 08 17 54 31.40 122.71 119.26 64.27 0.00
2023 05 08 17 55 31.58 122.90 119.26 64.59 0.00
2023 05 08 17 56 31.77 123.10 119.26 64.91 0.00
2023 05 08 17 57 31.95 123.30 119.26 65.23 0.00
2023 05 08 17 58 32.14 123.50 119.26 65.55 0.00
2023 05 08 17 59 32.32 123.70 119.26 65.86 0.00
2023 05 08 18 00 32.51 123.90 119.26 66.18 0.00
2023 05 08 18 01 32.69 124.10 119.26 66.50 0.00
2023 05 08 18 02 32.88 124.31 119.27 66.81 0.00
2023 05 08 18 03 33.06 124.51 119.27 67.13 0.00
2023 05 08 18 04 33.25 124.72 119.27 67.44 0.00
2023 05 08 18 05 33.43 124.93 119.27 67.75 0.00
2023 05 08 18 06 33.62 125.14 119.27 68.07 0.00
2023 05 08 18 07 33.81 125.35 119.27 68.38 0.00
2023 05 08 18 08 33.99 125.56 119.28 68.69 0.00
2023 05 08 18 09 34.18 125.78 119.28 69.00 0.00
2023 05 08 18 10 34.36 125.99 119.28 69.31 0.00
2023 05 08 18 11 34.55 126.21 119.28 69.61 0.00
2023 05 08 18 12 34.73 126.42 119.29 69.92 0.00
2023 05 08 18 13 34.92 126.64 119.29 70.23 0.00
2023 05 08 18 14 35.10 126.86 119.29 70.53 0.00
2023 05 08 18 15 35.29 127.08 119.30 70.84 0.00
2023 05 08 18 16 35.47 127.30 119.30 71.14 0.00
2023 05 08 18 17 35.66 127.53 119.30 71.45 0.00
2023 05 08 18 18 35.85 127.75 119.31 71.75 0.00
2023 05 08 18 19 36.03 127.97 119.31 72.05 0.00
2023 05 08 18 20 36.22 128.20 119.32 72.35 0.00
2023 05 08 18 21 36.40 128.43 119.32 72.65 0.00
2023 05 08 18 22 36.59 128.65 119.33 72.95 0.00
2023 05 08 18 23 36.77 128.88 119.33 73.25 0.00
2023 05 08 18 24 36.96 129.11 119.33 73.54 0.00
2023 05 08 18 25 37.14 129.34 119.34 73.84 0.00
2023 05 08 18 26 37.33 129.57 119.35 74.14 0.00
2023 05 08 18 27 37.52 129.80 119.35 74.43 0.00
2023 05 08 18 28 37.70 130.03 119.36 74.72 0.00
2023 05 08 18 29 37.89 130.27 119.36 75.02 0.00
2023 05 08 18 30 38.07 130.50 119.37 75.31 0.00
2023 05 08 18 31 38.26 130.74 119.37 75.60 0.00
2023 05 08 18 32 38.44 130.97 119.38 75.89 0.00
2023 05 08 18 33 38.63 131.21 119.39 76.18 0.00
2023 05 08 18 34 38.81 131.44 119.39 76.47 0.00
2023 05 08 18 35 39.00 131.68 119.40 76.75 0.00
2023 05 08 18 36 39.18 131.92 119.41 77.04 0.00
2023 05 08 18 37 39.37 132.16 119.41 77.33 0.00
2023 05 08 18 38 39.55 132.39 119.42 77.61 0.00
2023 05 08 18 39 39.74 132.63 119.43 77.90 0.00
2023 05 08 18 40 39.92 132.87 119.43 78.18 0.00
2023 05 08 18 41 40.11 133.11 119.44 78.46 0.00
2023 05 08 18 42 40.29 133.35 119.45 78.74 0.00
2023 05 08 18 43 40.48 133.60 119.46 79.02 0.00
2023 05 08 18 44 40.66 133.84 119.46 79.30 0.00
2023 05 08 18 45 40.85 134.08 119.47 79.58 0.00
2023 05 08 18 46 41.03 134.32 119.48 79.86 0.00
2023 05 08 18 47 41.22 134.57 119.49 80.13 0.00
2023 05 08 18 48 41.40 134.81 119.50 80.41 0.00
2023 05 08 18 49 41.59 135.05 119.50 80.68 41.59
2023 05 08 18 50 41.77 135.30 119.51 80.96 41.58
2023 05 08 18 51 41.96 135.54 119.52 81.23 41.58
2023 05 08 18 52 42.14 135.79 119.53 81.50 41.57
2023 05 08 18 53 42.33 136.03 119.54 81.77 41.57
2023 05 08 18 54 42.51 136.27 119.55 82.04 41.56
2023 05 08 18 55 42.70 136.52 119.56 82.31 41.55
2023 05 08 18 56 42.88 136.77 119.57 82.58 41.55
2023 05 08 18 57 43.06 137.01 119.57 82.85 41.54
2023 05 08 18 58 43.25 137.26 119.58 83.12 41.54
2023 05 08 18 59 43.43 137.50 119.59 83.38 41.53
2023 05 08 19 00 43.62 137.75 119.60 83.64 41.52
2023 05 08 19 01 43.80 137.99 119.61 83.91 41.52
2023 05 08 19 02 43.99 138.24 119.62 84.17 41.51
2023 05 08 19 03 44.17 138.49 119.63 84.43 41.50
2023 05 08 19 04 44.35 138.73 119.64 84.69 41.50
2023 05 08 19 05 44.54 138.98 119.65 84.95 41.49
2023 05 08 19 06 44.72 139.23 119.66 85.21 41.48
2023 05 08 19 07 44.90 139.47 119.67 85.47 41.47
2023 05 08 19 08 45.09 139.72 119.68 85.73 41.47
2023 05 08 19 09 45.27 139.96 119.69 85.98 41.46
2023 05 08 19 10 45.45 140.21 119.70 86.24 41.45
2023 05 08 19 11 45.64 140.46 119.71 86.49 41.45
2023 05 08 19 12 45.82 140.70 119.72 86.74 41.44
2023 05 08 19 13 46.00 140.95 119.73 87.00 41.43
2023 05 08 19 14 46.18 141.19 119.74 87.25 41.42
2023 05 08 19 15 46.37 141.44 119.75 87.50 41.42
2023 05 08 19 16 46.55 141.68 119.76 87.75 41.41
2023 05 08 19 17 46.73 141.93 119.77 87.99 41.40
2023 05 08 19 18 46.91 142.17 119.78 88.24 41.39
2023 05 08 19 19 47.10 142.42 119.79 88.49 41.39
2023 05 08 19 20 47.28 142.66 119.80 88.73 41.38
2023 05 08 19 21 47.46 142.91 119.81 88.98 41.37
2023 05 08 19 22 47.64 143.15 119.82 89.22 41.36
2023 05 08 19 23 47.82 143.39 119.83 89.46 41.36
2023 05 08 19 24 48.00 143.64 119.84 89.70 41.35
2023 05 08 19 25 48.19 143.88 119.85 89.94 41.34
2023 05 08 19 26 48.37 144.12 119.87 90.18 41.33
2023 05 08 19 27 48.55 144.37 119.88 90.42 41.33
2023 05 08 19 28 48.73 144.61 119.89 90.66 41.32
2023 05 08 19 29 48.91 144.85 119.90 90.89 41.31
2023 05 08 19 30 49.09 145.09 119.91 91.13 41.30
2023 05 08 19 31 49.27 145.33 119.92 91.36 41.30
2023 05 08 19 32 49.45 145.57 119.93 91.60 41.29
2023 05 08 19 33 49.63 145.81 119.94 91.83 41.28
2023 05 08 19 34 49.81 146.05 119.95 92.06 41.28
2023 05 08 19 35 49.99 146.29 119.96 92.29 41.27
2023 05 08 19 36 50.17 146.52 119.97 92.52 41.26
2023 05 08 19 37 50.35 146.76 119.98 92.75 41.26
2023 05 08 19 38 50.53 147.00 119.99 92.97 41.25
2023 05 08 19 39 50.71 147.24 120.00 93.20 41.24
2023 05 08 19 40 50.88 147.47 120.01 93.43 41.24
2023 05 08 19 41 51.06 147.71 120.02 93.65 41.23
2023 05 08 19 42 51.24 147.94 120.03 93.87 41.23
2023 05 08 19 43 51.42 148.18 120.04 94.10 41.22
2023 05 08 19 44 51.60 148.41 120.05 94.32 41.22
2023 05 08 19 45 51.78 148.64 120.06 94.54 41.21
2023 05 08 19 46 51.95 148.87 120.07 94.76 41.21
2023 05 08 19 47 52.13 149.10 120.08 94.97 41.20
2023 05 08 19 48 52.31 149.34 120.09 95.19 41.20
2023 05 08 19 49 52.48 149.57 120.10 95.41 41.19
2023 05 08 19 50 52.66 149.79 120.11 95.62 41.19
2023 05 08 19 51 52.84 150.02 120.11 95.84 41.18
2023 05 08 19 52 53.01 150.25 120.12 96.05 41.18
2023 05 08 19 53 53.19 150.48 120.13 96.26 41.18
2023 05 08 19 54 53.36 150.70 120.14 96.47 41.18
2023 05 08 19 55 53.54 150.93 120.15 96.68 41.17
2023 05 08 19 56 53.71 151.15 120.16 96.89 41.17
2023 05 08 19 57 53.89 151.38 120.17 97.10 41.17
2023 05 08 19 58 54.06 151.60 120.18 97.31 41.17
2023 05 08 19 59 54.24 151.82 120.18 97.51 41.17
2023 05 08 20 00 54.41 152.04 120.19 97.72 41.17
2023 05 08 20 01 54.58 152.27 120.20 97.92 41.17
2023 05 08 20 02 54.76 152.48 120.21 98.12 41.17
2023 05 08 20 03 54.93 152.70 120.22 98.32 41.17
2023 05 08 20 04 55.10 152.92 120.22 98.53 41.17
2023 05 08 20 05 55.27 153.14 120.23 98.73 41.18
2023 05 08 20 06 55.45 153.35 120.24 98.92 41.18
2023 05 08 20 07 55.62 153.57 120.24 99.12 41.18
2023 05 08 20 08 55.79 153.78 120.25 99.32 41.19
2023 05 08 20 09 55.96 154.00 120.26 99.51 41.19
2023 05 08 20 10 56.13 154.21 120.26 99.71 41.20
2023 05 08 20 11 56.30 154.42 120.27 99.90 41.20
2023 05 08 20 12 56.47 154.63 120.28 100.10 41.21
2023 05 08 20 13 56.64 154.84 120.28 100.29 41.22
2023 05 08 20 14 56.81 155.04 120.29 100.48 41.22
2023 05 08 20 15 56.98 155.25 120.29 100.67 41.23
2023 05 08 20 16 57.15 155.46 120.30 100.86 41.24
2023 05 08 20 17 57.31 155.66 120.30 101.04 41.25
2023 05 08 20 18 57.48 155.87 120.31 101.23 41.26
2023 05 08 20 19 57.65 156.07 120.31 101.41 41.28
2023 05 08 20 20 57.82 156.27 120.32 101.60 41.29
2023 05 08 20 21 57.98 156.47 120.32 101.78 41.30
2023 05 08 20 22 58.15 156.67 120.32 101.96 41.32
2023 05 08 20 23 58.31 156.87 120.33 102.15 41.34
2023 05 08 20 24 58.48 157.06 120.33 102.33 41.35
2023 05 08 20 25 58.64 157.26 120.33 102.51 41.37
2023 05 08 20 26 58.81 157.46 120.34 102.68 41.39
2023 05 08 20 27 58.97 157.65 120.34 102.86 41.41
2023 05 08 20 28 59.13 157.84 120.34 103.04 41.43
2023 05 08 20 29 59.30 158.03 120.34 103.21 41.45
2023 05 08 20 30 59.46 158.22 120.35 103.39 41.48
2023 05 08 20 31 59.62 158.41 120.35 103.56 41.50
2023 05 08 20 32 59.78 158.60 120.35 103.73 41.53
2023 05 08 20 33 59.94 158.78 120.35 103.90 41.56
2023 05 08 20 34 60.10 158.97 120.35 104.07 41.59
2023 05 08 20 35 60.26 159.15 120.35 104.24 41.62
2023 05 08 20 36 60.42 159.34 120.35 104.41 41.65
2023 05 08 20 37 60.58 159.52 120.35 104.58 41.68
2023 05 08 20 38 60.73 159.70 120.35 104.74 41.72
2023 05 08 20 39 60.89 159.87 120.35 104.91 41.76
2023 05 08 20 40 61.05 160.05 120.35 105.07 41.79
2023 05 08 20 41 61.20 160.23 120.34 105.24 41.83
2023 05 08 20 42 61.36 160.40 120.34 105.40 41.88
2023 05 08 20 43 61.51 160.58 120.34 105.56 41.92
2023 05 08 20 44 61.67 160.75 120.34 105.72 41.97
2023 05 08 20 45 61.82 160.92 120.33 105.88 42.01
2023 05 08 20 46 61.97 161.09 120.33 106.04 42.06
2023 05 08 20 47 62.13 161.26 120.33 106.19 42.11
2023 05 08 20 48 62.28 161.42 120.32 106.35 42.17
2023 05 08 20 49 62.43 161.59 120.32 106.50 42.22
2023 05 08 20 50 62.58 161.75 120.31 106.66 42.28
2023 05 08 20 51 62.73 161.91 120.31 106.81 42.34
2023 05 08 20 52 62.87 162.07 120.30 106.96 42.40
2023 05 08 20 53 63.02 162.23 120.30 107.11 42.47
2023 05 08 20 54 63.17 162.39 120.29 107.26 42.54
2023 05 08 20 55 63.32 162.55 120.28 107.41 42.60
2023 05 08 20 56 63.46 162.70 120.28 107.56 42.68
2023 05 08 20 57 63.61 162.86 120.27 107.71 42.75
2023 05 08 20 58 63.75 163.01 120.26 107.85 42.83
2023 05 08 20 59 63.89 163.16 120.25 108.00 42.91
2023 05 08 21 00 64.03 163.31 120.24 108.14 42.99
2023 05 08 21 01 64.17 163.46 120.23 108.28 43.08
2023 05 08 21 02 64.32 163.61 120.22 108.42 43.16
2023 05 08 21 03 64.45 163.75 120.21 108.57 43.25
2023 05 08 21 04 64.59 163.89 120.20 108.71 43.35
2023 05 08 21 05 64.73 164.04 120.19 108.84 43.45
2023 05 08 21 06 64.87 164.18 120.18 108.98 43.55
2023 05 08 21 07 65.00 164.31 120.17 109.12 43.65
2023 05 08 21 08 65.14 164.45 120.16 109.25 43.76
2023 05 08 21 09 65.27 164.59 120.14 109.39 43.87
2023 05 08 21 10 65.40 164.72 120.13 109.52 43.98
2023 05 08 21 11 65.53 164.86 120.12 109.66 44.10
2023 05 08 21 12 65.67 164.99 120.10 109.79 44.22
2023 05 08 21 13 65.79 165.12 120.09 109.92 44.34
2023 05 08 21 14 65.92 165.24 120.07 110.05 44.47
2023 05 08 21 15 66.05 165.37 120.06 110.18 44.60
2023 05 08 21 16 66.18 165.50 120.04 110.31 44.73
2023 05 08 21 17 66.30 165.62 120.02 110.43 44.87
2023 05 08 21 18 66.42 165.74 120.01 110.56 45.02
2023 05 08 21 19 66.55 165.86 119.99 110.69 45.16
2023 05 08 21 20 66.67 165.98 119.97 110.81 45.31
2023 05 08 21 21 66.79 166.10 119.95 110.93 45.47
2023 05 08 21 22 66.91 166.21 119.93 111.05 45.63
2023 05 08 21 23 67.03 166.33 119.91 111.18 45.79
2023 05 08 21 24 67.14 166.44 119.89 111.30 45.96
2023 05 08 21 25 67.26 166.55 119.87 111.42 46.13
2023 05 08 21 26 67.37 166.66 119.85 111.53 46.31
2023 05 08 21 27 67.48 166.77 119.83 111.65 46.49
2023 05 08 21 28 67.60 166.87 119.80 111.77 46.67
2023 05 08 21 29 67.70 166.98 119.78 111.88 46.86
2023 05 08 21 30 67.81 167.08 119.76 112.00 47.06
2023 05 08 21 31 67.92 167.18 119.73 112.11 47.26
2023 05 08 21 32 68.03 167.28 119.71 112.22 47.46
2023 05 08 21 33 68.13 167.38 119.68 112.34 47.67
2023 05 08 21 34 68.23 167.47 119.66 112.45 47.88
2023 05 08 21 35 68.33 167.57 119.63 112.56 48.10
2023 05 08 21 36 68.43 167.66 119.60 112.67 48.33
2023 05 08 21 37 68.53 167.75 119.58 112.77 48.55
2023 05 08 21 38 68.63 167.84 119.55 112.88 48.79
2023 05 08 21 39 68.72 167.93 119.52 112.99 49.02
2023 05 08 21 40 68.82 168.01 119.49 113.09 49.27
2023 05 08 21 41 68.91 168.09 119.46 113.20 49.52
2023 05 08 21 42 69.00 168.18 119.43 113.30 49.77
2023 05 08 21 43 69.08 168.26 119.40 113.40 50.03
2023 05 08 21 44 69.17 168.34 119.36 113.50 50.29
2023 05 08 21 45 69.26 168.41 119.33 113.61 50.56
2023 05 08 21 46 69.34 168.49 119.30 113.71 50.83
2023 05 08 21 47 69.42 168.56 119.26 113.80 51.11
2023 05 08 21 48 69.50 168.64 119.23 113.90 51.39
2023 05 08 21 49 69.58 168.71 119.19 114.00 51.68
2023 05 08 21 50 69.65 168.77 119.16 114.09 51.98
2023 05 08 21 51 69.73 168.84 119.12 114.19 52.28
2023 05 08 21 52 69.80 168.91 119.08 114.28 52.58
2023 05 08 21 53 69.87 168.97 119.05 114.38 52.89
2023 05 08 21 54 69.94 169.03 119.01 114.47 53.20
2023 05 08 21 55 70.00 169.09 118.97 114.56 53.52
2023 05 08 21 56 70.07 169.15 118.93 114.65 53.84
2023 05 08 21 57 70.13 169.21 118.89 114.74 54.17
2023 05 08 21 58 70.19 169.26 118.85 114.83 54.50
2023 05 08 21 59 70.25 169.31 118.80 114.92 54.84
2023 05 08 22 00 70.31 169.36 118.76 115.01 55.18
2023 05 08 22 01 70.36 169.41 118.72 115.09 55.53
2023 05 08 22 02 70.41 169.46 118.67 115.18 55.88
2023 05 08 22 03 70.46 169.51 118.63 115.26 56.24
2023 05 08 22 04 70.51 169.55 118.58 115.35 56.60
2023 05 08 22 05 70.56 169.59 118.54 115.43 56.96
2023 05 08 22 06 70.60 169.63 118.49 115.51 57.33
2023 05 08 22 07 70.64 169.67 118.44 115.59 57.70
2023 05 08 22 08 70.68 169.71 118.40 115.67 58.08
2023 05 08 22 09 70.72 169.75 118.35 115.75 58.46
2023 05 08 22 10 70.75 169.78 118.30 115.83 58.85
2023 05 08 22 11 70.79 169.81 118.25 115.91 59.23
2023 05 08 22 12 70.82 169.84 118.19 115.99 59.62
2023 05 08 22 13 70.85 169.87 118.14 116.06 60.02
2023 05 08 22 14 70.87 169.90 118.09 116.14 60.42
2023 05 08 22 15 70.90 169.92 118.04 116.21 60.82
2023 05 08 22 16 70.92 169.94 117.98 116.29 61.22
2023 05 08 22 17 70.94 169.97 117.93 116.36 61.63
2023 05 08 22 18 70.95 169.98 117.87 116.43 62.04
2023 05 08 22 19 70.97 170.00 117.81 116.50 62.45
2023 05 08 22 20 70.98 170.02 117.76 116.57 62.87
2023 05 08 22 21 70.99 170.03 117.70 116.64 63.29
2023 05 08 22 22 71.00 170.04 117.64 116.71 63.71
2023 05 08 22 23 71.01 170.05 117.58 116.78 64.13
2023 05 08 22 24 71.01 170.06 117.52 116.85 64.55
2023 05 08 22 25 71.01 170.07 117.46 116.91 64.98
2023 05 08 22 26 71.01 170.08 117.40 116.98 65.41
2023 05 08 22 27 71.01 170.08 117.33 117.04 65.84
2023 05 08 22 28 71.00 170.08 117.27 117.11 66.27
2023 05 08 22 29 70.99 170.08 117.21 117.17 66.70
2023 05 08 22 30 70.98 170.08 117.14 117.23 67.13
2023 05 08 22 31 70.97 170.07 117.07 117.29 67.56
2023 05 08 22 32 70.96 170.07 117.01 117.35 68.00
2023 05 08 22 33 70.94 170.06 116.94 117.41 68.43
2023 05 08 22 34 70.92 170.05 116.87 117.47 68.87
2023 05 08 22 35 70.90 170.04 116.80 117.53 69.30
2023 05 08 22 36 70.88 170.03 116.73 117.59 69.74
2023 05 08 22 37 70.85 170.01 116.66 117.65 70.17
2023 05 08 22 38 70.82 170.00 116.59 117.70 70.61
2023 05 08 22 39 70.79 169.98 116.52 117.76 71.04
2023 05 08 22 40 70.76 169.96 116.44 117.81 71.48
2023 05 08 22 41 70.72 169.94 116.37 117.87 71.91
2023 05 08 22 42 70.69 169.92 116.29 117.92 72.34
2023 05 08 22 43 70.65 169.89 116.22 117.97 72.78
2023 05 08 22 44 70.60 169.86 116.14 118.02 73.21
2023 05 08 22 45 70.56 169.83 116.06 118.08 73.64
2023 05 08 22 46 70.52 169.80 115.98 118.13 74.07
2023 05 08 22 47 70.47 169.77 115.90 118.18 74.49
2023 05 08 22 48 70.42 169.74 115.82 118.22 74.92
2023 05 08 22 49 70.37 169.70 115.74 118.27 75.34
2023 05 08 22 50 70.31 169.66 115.66 118.32 75.77
2023 05 08 22 51 70.26 169.63 115.58 118.37 76.19
2023 05 08 22 52 70.20 169.58 115.49 118.41 76.60
2023 05 08 22 53 70.14 169.54 115.41 118.46 77.02
2023 05 08 22 54 70.08 169.50 115.32 118.50 77.43
2023 05 08 22 55 70.01 169.45 115.24 118.55 77.85
2023 05 08 22 56 69.94 169.40 115.15 118.59 78.26
2023 05 08 22 57 69.88 169.35 115.06 118.63 78.66
2023 05 08 22 58 69.81 169.30 114.97 118.68 79.07
2023 05 08 22 59 69.73 169.25 114.88 118.72 79.47
2023 05 08 23 00 69.66 169.19 114.79 118.76 79.87
2023 05 08 23 01 69.59 169.14 114.70 118.80 80.27
2023 05 08 23 02 69.51 169.08 114.61 118.84 80.66
2023 05 08 23 03 69.43 169.02 114.51 118.88 81.05
2023 05 08 23 04 69.35 168.96 114.42 118.91 81.44
2023 05 08 23 05 69.27 168.89 114.32 118.95 81.82
2023 05 08 23 06 69.18 168.83 114.23 118.99 82.20
2023 05 08 23 07 69.09 168.76 114.13 119.02 82.58
2023 05 08 23 08 69.01 168.69 114.03 119.06 82.96
2023 05 08 23 09 68.92 168.62 113.93 119.09 83.33
2023 05 08 23 10 68.83 168.55 113.83 119.13 83.70
2023 05 08 23 11 68.73 168.47 113.73 119.16 84.06
2023 05 08 23 12 68.64 168.40 113.63 119.20 84.43
2023 05 08 23 13 68.54 168.32 113.53 119.23 84.78
2023 05 08 23 14 68.44 168.24 113.42 119.26 85.14
2023 05 08 23 15 68.34 168.16 113.32 119.29 85.49
2023 05 08 23 16 68.24 168.08 113.21 119.32 85.84
2023 05 08 23 17 68.14 167.99 113.11 119.35 86.18
2023 05 08 23 18 68.04 167.91 113.00 119.38 86.52
2023 05 08 23 19 67.93 167.82 112.89 119.41 86.86
2023 05 08 23 20 67.82 167.73 112.78 119.44 87.19
2023 05 08 23 21 67.72 167.64 112.67 119.46 87.52
2023 05 08 23 22 67.61 167.55 112.56 119.49 87.85
2023 05 08 23 23 67.50 167.45 112.45 119.52 88.17
2023 05 08 23 24 67.38 167.36 112.33 119.54 88.49
2023 05 08 23 25 67.27 167.26 112.22 119.57 88.81
2023 05 08 23 26 67.15 167.16 112.10 119.59 89.12
2023 05 08 23 27 67.04 167.06 111.99 119.62 89.43
2023 05 08 23 28 66.92 166.96 111.87 119.64 89.73
2023 05 08 23 29 66.80 166.86 111.75 119.67 90.03
2023 05 08 23 30 66.68 166.75 111.63 119.69 90.33
2023 05 08 23 31 66.56 166.64 111.51 119.71 90.63
2023 05 08 23 32 66.44 166.53 111.39 119.73 90.92
2023 05 08 23 33 66.31 166.42 111.27 119.75 91.20
2023 05 08 23 34 66.19 166.31 111.15 119.77 91.48
2023 05 08 23 35 66.06 166.20 111.02 119.79 91.76
2023 05 08 23 36 65.94 166.08 110.90 119.81 92.04
2023 05 08 23 37 65.81 165.97 110.77 119.83 92.31
2023 05 08 23 38 65.68 165.85 110.65 119.85 92.58
2023 05 08 23 39 65.55 165.73 110.52 119.87 92.84
2023 05 08 23 40 65.42 165.61 110.39 119.89 93.10
2023 05 08 23 41 65.28 165.48 110.26 119.90 93.36
2023 05 08 23 42 65.15 165.36 110.13 119.92 93.61
2023 05 08 23 43 65.02 165.23 110.00 119.94 93.86
2023 05 08 23 44 64.88 165.10 109.86 119.95 94.11
2023 05 08 23 45 64.74 164.97 109.73 119.97 94.35
2023 05 08 23 46 64.61 164.84 109.59 119.98 94.59
2023 05 08 23 47 64.47 164.71 109.46 119.99 94.83
2023 05 08 23 48 64.33 164.58 109.32 120.01 95.06
2023 05 08 23 49 64.19 164.44 109.18 120.02 95.29
2023 05 08 23 50 64.05 164.30 109.05 120.03 95.51
2023 05 08 23 51 63.91 164.17 108.91 120.05 95.73
2023 05 08 23 52 63.76 164.03 108.77 120.06 95.95
2023 05 08 23 53 63.62 163.88 108.62 120.07 96.17
2023 05 08 23 54 63.48 163.74 108.48 120.08 96.38
2023 05 08 23 55 63.33 163.60 108.34 120.09 96.58
2023 05 08 23 56 63.19 163.45 108.19 120.10 96.79
2023 05 08 23 57 63.04 163.30 108.05 120.11 96.99
2023 05 08 23 58 62.89 163.16 107.90 120.12 97.19
2023 05 08 23 59 62.74 163.01 107.75 120.13 97.38
2023 05 09 00 00 62.59 162.85 107.60 120.14 97.57
2023 05 09 00 01 62.44 162.70 107.45 120.15 97.76
2023 05 09 00 02 62.29 162.55 107.30 120.15 97.94
2023 05 09 00 03 62.14 162.39 107.15 120.16 98.12
2023 05 09 00 04 61.99 162.23 107.00 120.17 98.30
2023 05 09 00 05 61.84 162.07 106.84 120.18 98.47
2023 05 09 00 06 61.68 161.91 106.69 120.18 98.64
2023 05 09 00 07 61.53 161.75 106.53 120.19 98.80
2023 05 09 00 08 61.38 161.59 106.37 120.19 98.97
2023 05 09 00 09 61.22 161.43 106.22 120.20 99.13
2023 05 09 00 10 61.06 161.26 106.06 120.20 99.28
2023 05 09 00 11 60.91 161.09 105.90 120.21 99.43
2023 05 09 00 12 60.75 160.93 105.74 120.21 99.58
2023 05 09 00 13 60.59 160.76 105.57 120.22 99.73
2023 05 09 00 14 60.44 160.59 105.41 120.22 99.87
2023 05 09 00 15 60.28 160.41 105.25 120.22 100.01
2023 05 09 00 16 60.12 160.24 105.08 120.23 100.14
2023 05 09 00 17 59.96 160.07 104.91 120.23 100.27
2023 05 09 00 18 59.80 159.89 104.75 120.23 100.40
2023 05 09 00 19 59.64 159.71 104.58 120.23 100.53
2023 05 09 00 20 59.47 159.53 104.41 120.23 100.65
2023 05 09 00 21 59.31 159.35 104.24 120.23 100.76
2023 05 09 00 22 59.15 159.17 104.07 120.24 100.88
2023 05 09 00 23 58.99 158.99 103.89 120.24 100.99
2023 05 09 00 24 58.82 158.81 103.72 120.24 101.09
2023 05 09 00 25 58.66 158.62 103.55 120.24 101.19
2023 05 09 00 26 58.50 158.44 103.37 120.24 101.29
2023 05 09 00 27 58.33 158.25 103.19 120.24 101.39
2023 05 09 00 28 58.16 158.06 103.02 120.24 101.48
2023 05 09 00 29 58.00 157.87 102.84 120.23 101.56
2023 05 09 00 30 57.83 157.68 102.66 120.23 101.64
2023 05 09 00 31 57.67 157.49 102.48 120.23 101.72
2023 05 09 00 32 57.50 157.30 102.30 120.23 101.80
2023 05 09 00 33 57.33 157.10 102.11 120.23 101.87
2023 05 09 00 34 57.16 156.91 101.93 120.23 101.93
2023 05 09 00 35 57.00 156.71 101.74 120.22 101.99
2023 05 09 00 36 56.83 156.51 101.56 120.22 102.05
2023 05 09 00 37 56.66 156.32 101.37 120.22 102.10
2023 05 09 00 38 56.49 156.12 101.18 120.21 102.15
2023 05 09 00 39 56.32 155.92 100.99 120.21 102.20
2023 05 09 00 40 56.15 155.71 100.80 120.21 102.23
2023 05 09 00 41 55.98 155.51 100.61 120.20 102.27
2023 05 09 00 42 55.81 155.31 100.42 120.20 102.30
2023 05 09 00 43 55.64 155.10 100.23 120.20 102.32
2023 05 09 00 44 55.46 154.90 100.03 120.19 102.34
2023 05 09 00 45 55.29 154.69 99.84 120.19 102.35
2023 05 09 00 46 55.12 154.48 99.64 120.18 102.36
2023 05 09 00 47 54.95 154.27 99.44 120.18 102.36
2023 05 09 00 48 54.78 154.06 99.25 120.17 102.36
2023 05 09 00 49 54.60 153.85 99.05 120.17 102.35
2023 05 09 00 50 54.43 153.64 98.85 120.16 102.33
2023 05 09 00 51 54.25 153.43 98.64 120.15 102.31
2023 05 09 00 52 54.08 153.22 98.44 120.15 102.28
2023 05 09 00 53 53.91 153.00 98.24 120.14 102.24
2023 05 09 00 54 53.73 152.79 98.03 120.14 102.20
2023 05 09 00 55 53.56 152.57 97.83 120.13 102.15
2023 05 09 00 56 53.38 152.35 97.62 120.12 102.09
2023 05 09 00 57 53.21 152.14 97.41 120.12 102.03
2023 05 09 00 58 53.03 151.92 97.20 120.11 101.95
2023 05 09 00 59 52.85 151.70 97.00 120.10 101.87
2023 05 09 01 00 52.68 151.48 96.78 120.10 101.78
2023 05 09 01 01 52.50 151.26 96.57 120.09 101.68
2023 05 09 01 02 52.33 151.04 96.36 120.08 101.57
2023 05 09 01 03 52.15 150.81 96.15 120.08 101.45
2023 05 09 01 04 51.97 150.59 95.93 120.07 101.32
2023 05 09 01 05 51.79 150.37 95.71 120.06 101.18
2023 05 09 01 06 51.62 150.14 95.50 120.05 101.03
2023 05 09 01 07 51.44 149.92 95.28 120.04 100.86
2023 05 09 01 08 51.26 149.69 95.06 120.04 100.69
2023 05 09 01 09 51.08 149.46 94.84 120.03 100.50
2023 05 09 01 10 50.90 149.24 94.62 120.02 100.30
2023 05 09 01 11 50.73 149.01 94.40 120.01 100.08
2023 05 09 01 12 50.55 148.78 94.17 120.00 99.85
2023 05 09 01 13 50.37 148.55 93.95 120.00 99.60
2023 05 09 01 14 50.19 148.32 93.73 119.99 99.33
2023 05 09 01 15 50.01 148.09 93.50 119.98 99.05
2023 05 09 01 16 49.83 147.86 93.27 119.97 98.75
2023 05 09 01 17 49.65 147.63 93.04 119.96 98.43
2023 05 09 01 18 49.47 147.40 92.81 119.95 98.09
2023 05 09 01 19 49.29 147.16 92.58 119.95 97.73
2023 05 09 01 20 49.11 146.93 92.35 119.94 97.34
2023 05 09 01 21 48.93 146.70 92.12 119.93 96.94
2023 05 09 01 22 48.75 146.46 91.89 119.92 96.50
2023 05 09 01 23 48.57 146.23 91.65 119.91 96.04
2023 05 09 01 24 48.39 145.99 91.42 119.90 95.55
2023 05 09 01 25 48.20 145.76 91.18 119.89 95.03
2023 05 09 01 26 48.02 145.52 90.94 119.88 94.48
2023 05 09 01 27 47.84 145.28 90.71 119.87 93.90
2023 05 09 01 28 47.66 145.05 90.47 119.87 93.28
2023 05 09 01 29 47.48 144.81 90.23 119.86 92.62
2023 05 09 01 30 47.30 144.57 89.98 119.85 91.93
2023 05 09 01 31 47.12 144.34 89.74 119.84 91.19
2023 05 09 01 32 46.93 144.10 89.50 119.83 90.42
2023 05 09 01 33 46.75 143.86 89.26 119.82 89.59
2023 05 09 01 34 46.57 143.62 89.01 119.81 88.72
2023 05 09 01 35 46.39 143.38 88.76 119.80 87.80
2023 05 09 01 36 46.20 143.14 88.52 119.79 86.83
2023 05 09 01 37 46.02 142.90 88.27 119.78 85.81
2023 05 09 01 38 45.84 142.66 88.02 119.78 84.74
2023 05 09 01 39 45.66 142.42 87.77 119.77 83.61
2023 05 09 01 40 45.47 142.18 87.52 119.76 82.43
2023 05 09 01 41 45.29 141.94 87.26 119.75 81.19
2023 05 09 01 42 45.11 141.70 87.01 119.74 79.90
2023 05 09 01 43 44.92 141.46 86.76 119.73 78.56
2023 05 09 01 44 44.74 141.22 86.50 119.72 77.16
2023 05 09 01 45 44.56 140.98 86.25 119.71 75.72
2023 05 09 01 46 44.37 140.74 85.99 119.71 74.24
2023 05 09 01 47 44.19 140.50 85.73 119.70 72.72
2023 05 09 01 48 44.00 140.26 85.47 119.69 71.17
2023 05 09 01 49 43.82 140.02 85.21 119.68 69.60
2023 05 09 01 50 43.64 139.78 84.95 119.67 68.01
2023 05 09 01 51 43.45 139.54 84.69 119.66 66.42
2023 05 09 01 52 43.27 139.30 84.43 119.65 64.84
2023 05 09 01 53 43.08 139.05 84.16 119.65 63.28
2023 05 09 01 54 42.90 138.81 83.90 119.64 61.74
2023 05 09 01 55 42.72 138.57 83.63 119.63 60.25
2023 05 09 01 56 42.53 138.33 83.36 119.62 58.80
2023 05 09 01 57 42.35 138.09 83.10 119.61 57.41
2023 05 09 01 58 42.16 137.85 82.83 119.61 56.09
2023 05 09 01 59 41.98 137.61 82.56 119.60 54.84
2023 05 09 02 00 41.79 137.37 82.29 119.59 53.67
2023 05 09 02 01 41.61 137.13 82.02 119.58 52.59
2023 05 09 02 02 41.42 136.89 81.74 119.57 51.58
2023 05 09 02 03 41.24 136.65 81.47 119.57 50.67
2023 05 09 02 04 41.05 136.42 81.20 119.56 49.83
2023 05 09 02 05 40.87 136.18 80.92 119.55 49.08
2023 05 09 02 06 40.68 135.94 80.64 119.55 48.40
2023 05 09 02 07 40.50 135.70 80.37 119.54 47.80
2023 05 09 02 08 40.31 135.46 80.09 119.53 47.27
2023 05 09 02 09 40.13 135.23 79.81 119.52 46.80
2023 05 09 02 10 39.94 134.99 79.53 119.52 46.40
2023 05 09 02 11 39.76 134.75 79.25 119.51 46.04
2023 05 09 02 12 39.57 134.52 78.97 119.50 45.74
2023 05 09 02 13 39.39 134.28 78.68 119.50 45.49
2023 05 09 02 14 39.20 134.05 78.40 119.49 45.27
2023 05 09 02 15 39.02 133.81 78.12 119.48 45.09
2023 05 09 02 16 38.83 133.58 77.83 119.48 44.94
2023 05 09 02 17 38.65 133.34 77.54 119.47 44.82
2023 05 09 02 18 38.46 133.11 77.26 119.47 44.72
2023 05 09 02 19 38.28 132.88 76.97 119.46 44.65
2023 05 09 02 20 38.09 132.65 76.68 119.45 44.59
2023 05 09 02 21 37.91 132.41 76.39 119.45 44.56
2023 05 09 02 22 37.72 132.18 76.10 119.44 44.53
2023 05 09 02 23 37.53 131.95 75.81 119.44 44.52
2023 05 09 02 24 37.35 131.72 75.52 119.43 44.51
2023 05 09 02 25 37.16 131.50 75.22 119.43 44.52
2023 05 09 02 26 36.98 131.27 74.93 119.42 44.53
2023 05 09 02 27 36.79 131.04 74.63 119.42 44.55
2023 05 09 02 28 36.61 130.81 74.34 119.41 44.58
2023 05 09 02 29 36.42 130.59 74.04 119.41 44.61
2023 05 09 02 30 36.24 130.36 73.74 119.40 44.64
2023 05 09 02 31 36.05 130.14 73.44 119.40 44.67
2023 05 09 02 32 35.87 129.92 73.14 119.40 44.71
2023 05 09 02 33 35.68 129.69 72.84 119.39 44.74
2023 05 09 02 34 35.49 129.47 72.54 119.39 44.78
2023 05 09 02 35 35.31 129.25 72.24 119.38 44.82
2023 05 09 02 36 35.12 129.03 71.94 119.38 44.86
2023 05 09 02 37 34.94 128.81 71.63 119.38 44.90
2023 05 09 02 38 34.75 128.60 71.33 119.37 44.94
2023 05 09 02 39 34.57 128.38 71.02 119.37 44.98
2023 05 09 02 40 34.38 128.17 70.71 119.37 45.01
2023 05 09 02 41 34.20 127.95 70.41 119.37 45.05
2023 05 09 02 42 34.01 127.74 70.10 119.36 45.08
2023 05 09 02 43 33.82 127.53 69.79 119.36 45.12
2023 05 09 02 44 33.64 127.31 69.48 119.36 45.15
2023 05 09 02 45 33.45 127.10 69.17 119.36 45.18
2023 05 09 02 46 33.27 126.89 68.86 119.35 45.21
2023 05 09 02 47 33.08 126.69 68.55 119.35 45.24
2023 05 09 02 48 32.90 126.48 68.23 119.35 45.27
2023 05 09 02 49 32.71 126.28 67.92 119.35 45.29
2023 05 09 02 50 32.53 126.07 67.60 119.35 45.31
2023 05 09 02 51 32.34 125.87 67.29 119.35 45.34
2023 05 09 02 52 32.16 125.67 66.97 119.35 45.36
2023 05 09 02 53 31.97 125.47 66.66 119.34 45.38
2023 05 09 02 54 31.79 125.27 66.34 119.34 45.39
2023 05 09 02 55 31.60 125.07 66.02 119.34 45.41
2023 05 09 02 56 31.42 124.87 65.70 119.34 45.42
2023 05 09 02 57 31.23 124.68 65.38 119.34 45.44
2023 05 09 02 58 31.05 124.49 65.06 119.34 45.45
2023 05 09 02 59 30.86 124.29 64.74 119.34 45.46
2023 05 09 03 00 30.68 124.10 64.41 119.34 45.47
2023 05 09 03 01 30.49 123.91 64.09 119.34 45.47
2023 05 09 03 02 30.31 123.73 63.77 119.34 45.48
2023 05 09 03 03 30.12 123.54 63.44 119.34 45.48
2023 05 09 03 04 29.94 123.36 63.12 119.34 45.49
2023 05 09 03 05 29.75 123.17 62.79 119.35 45.49
2023 05 09 03 06 29.57 122.99 62.46 119.35 45.49
2023 05 09 03 07 29.38 122.81 62.13 119.35 45.49
2023 05 09 03 08 29.20 122.63 61.81 119.35 45.48
2023 05 09 03 09 29.01 122.46 61.48 119.35 45.48
2023 05 09 03 10 28.83 122.28 61.15 119.35 45.47
2023 05 09 03 11 28.65 122.11 60.82 119.36 45.47
2023 05 09 03 12 28.46 121.94 60.48 119.36 45.46
2023 05 09 03 13 28.28 121.77 60.15 119.36 45.45
2023 05 09 03 14 28.09 121.60 59.82 119.36 45.44
2023 05 09 03 15 27.91 121.43 59.48 119.36 45.43
2023 05 09 03 16 27.72 121.27 59.15 119.37 45.42
2023 05 09 03 17 27.54 121.11 58.81 119.37 45.41
2023 05 09 03 18 27.36 120.95 58.48 119.37 45.39
2023 05 09 03 19 27.17 120.79 58.14 119.38 45.38
2023 05 09 03 20 26.99 120.63 57.81 119.38 45.36
2023 05 09 03 21 26.80 120.48 57.47 119.38 45.35
2023 05 09 03 22 26.62 120.32 57.13 119.39 45.33
2023 05 09 03 23 26.44 120.17 56.79 119.39 45.31
2023 05 09 03 24 26.25 120.02 56.45 119.39 45.29
2023 05 09 03 25 26.07 119.88 56.11 119.40 45.27
2023 05 09 03 26 25.89 119.73 55.77 119.40 45.25
2023 05 09 03 27 25.70 119.59 55.43 119.41 45.23
2023 05 09 03 28 25.52 119.45 55.08 119.41 45.20
2023 05 09 03 29 25.34 119.31 54.74 119.42 45.18
2023 05 09 03 30 25.15 119.17 54.40 119.42 45.16
2023 05 09 03 31 24.97 119.03 54.05 119.42 45.13
2023 05 09 03 32 24.79 118.90 53.71 119.43 45.10
2023 05 09 03 33 24.61 118.77 53.36 119.43 45.08
2023 05 09 03 34 24.42 118.64 53.01 119.44 45.05
2023 05 09 03 35 24.24 118.51 52.67 119.45 45.02
2023 05 09 03 36 24.06 118.39 52.32 119.45 44.99
2023 05 09 03 37 23.88 118.27 51.97 119.46 44.96
2023 05 09 03 38 23.69 118.15 51.62 119.46 44.93
2023 05 09 03 39 23.51 118.03 51.27 119.47 44.90
2023 05 09 03 40 23.33 117.91 50.92 119.47 44.87
2023 05 09 03 41 23.15 117.80 50.57 119.48 44.84
2023 05 09 03 42 22.96 117.69 50.22 119.49 44.81
2023 05 09 03 43 22.78 117.58 49.87 119.49 44.77
2023 05 09 03 44 22.60 117.47 49.51 119.50 44.74
2023 05 09 03 45 22.42 117.37 49.16 119.51 44.70
2023 05 09 03 46 22.24 117.27 48.81 119.51 44.67
2023 05 09 03 47 22.06 117.17 48.45 119.52 44.63
2023 05 09 03 48 21.87 117.07 48.10 119.53 44.60
2023 05 09 03 49 21.69 116.97 47.74 119.53 44.56
2023 05 09 03 50 21.51 116.88 47.39 119.54 44.52
2023 05 09 03 51 21.33 116.79 47.03 119.55 44.49
2023 05 09 03 52 21.15 116.70 46.67 119.55 44.45
2023 05 09 03 53 20.97 116.62 46.31 119.56 44.41
2023 05 09 03 54 20.79 116.54 45.96 119.57 44.37
2023 05 09 03 55 20.61 116.45 45.60 119.58 44.33
2023 05 09 03 56 20.43 116.38 45.24 119.58 44.29
2023 05 09 03 57 20.25 116.30 44.88 119.59 44.25
2023 05 09 03 58 20.07 116.23 44.52 119.60 44.21
2023 05 09 03 59 19.89 116.16 44.16 119.61 44.17
2023 05 09 04 00 19.71 116.09 43.79 119.62 44.12
2023 05 09 04 01 19.53 116.02 43.43 119.62 44.08
2023 05 09 04 02 19.35 115.96 43.07 119.63 44.04
2023 05 09 04 03 19.17 115.90 42.71 119.64 43.99
2023 05 09 04 04 18.99 115.84 42.34 119.65 43.95
2023 05 09 04 05 18.81 115.78 41.98 119.66 43.91
2023 05 09 04 06 18.63 115.73 41.62 119.67 43.86
2023 05 09 04 07 18.45 115.68 41.25 119.67 43.82
2023 05 09 04 08 18.27 115.63 40.89 119.68 43.77
2023 05 09 04 09 18.09 115.59 40.52 119.69 43.73
2023 05 09 04 10 17.91 115.54 40.15 119.70 43.68
2023 05 09 04 11 17.73 115.50 39.79 119.71 43.63
2023 05 09 04 12 17.55 115.46 39.42 119.72 43.59
2023 05 09 04 13 17.38 115.43 39.05 119.73 43.54
2023 05 09 04 14 17.20 115.40 38.69 119.73 43.49
2023 05 09 04 15 17.02 115.37 38.32 119.74 43.44
2023 05 09 04 16 16.84 115.34 37.95 119.75 43.39
2023 05 09 04 17 16.66 115.31 37.58 119.76 43.35
2023 05 09 04 18 16.49 115.29 37.21 119.77 43.30
2023 05 09 04 19 16.31 115.27 36.84 119.78 43.25
2023 05 09 04 20 16.13 115.25 36.47 119.79 43.20
2023 05 09 04 21 15.95 115.24 36.10 119.80 43.15
2023 05 09 04 22 15.78 115.23 35.73 119.81 43.10
2023 05 09 04 23 15.60 115.22 35.36 119.81 43.05
2023 05 09 04 24 15.42 115.21 34.99 119.82 43.00
2023 05 09 04 25 15.25 115.21 34.61 119.83 42.94
2023 05 09 04 26 15.07 115.21 34.24 119.84 42.89
2023 05 09 04 27 14.89 115.21 33.87 119.85 42.84
2023 05 09 04 28 14.72 115.21 33.50 119.86 42.79
2023 05 09 04 29 14.54 115.22 33.12 119.87 42.73
2023 05 09 04 30 14.36 115.23 32.75 119.88 42.68
2023 05 09 04 31 14.19 115.24 32.37 119.89 42.63
2023 05 09 04 32 14.01 115.25 32.00 119.90 42.57
2023 05 09 04 33 13.84 115.27 31.63 119.90 42.52
2023 05 09 04 34 13.66 115.29 31.25 119.91 42.47
2023 05 09 04 35 13.49 115.31 30.88 119.92 42.41
2023 05 09 04 36 13.31 0.00 0.00 0.00 0.00
2023 05 09 04 37 13.14 0.00 0.00 0.00 0.00
2023 05 09 04 38 12.96 0.00 0.00 0.00 0.00
2023 05 09 04 39 12.79 0.00 0.00 0.00 0.00
2023 05 09 04 40 12.61 0.00 0.00 0.00 0.00
2023 05 09 04 41 12.44 0.00 0.00 0.00 0.00
2023 05 09 04 42 12.27 0.00 0.00 0.00 0.00
2023 05 09 04 43 12.09 0.00 0.00 0.00 0.00
2023 05 09 04 44 11.92 0.00 0.00 0.00 0.00
2023 05 09 04 45 11.74 0.00 0.00 0.00 0.00
2023 05 09 04 46 11.57 0.00 0.00 0.00 0.00
2023 05 09 04 47 11.40 0.00 0.00 0.00 0.00
2023 05 09 04 48 11.23 0.00 0.00 0.00 0.00
2023 05 09 04 49 11.05 0.00 0.00 0.00 0.00
2023 05 09 04 50 10.88 0.00 0.00 0.00 0.00
2023 05 09 04 51 10.71 0.00 0.00 0.00 0.00
2023 05 09 04 52 10.54 0.00 0.00 0.00 0.00
2023 05 09 04 53 10.36 0.00 0.00 0.00 0.00
2023 05 09 04 54 10.19 0.00 0.00 0.00 0.00
2023 05 09 04 55 10.02 0.00 0.00 0.00 0.00
2023 05 09 04 56 9.85 0.00 0.00 0.00 0.00
2023 05 09 04 57 9.68 0.00 0.00 0.00 0.00
2023 05 09 04 58 9.51 0.00 0.00 0.00 0.00
2023 05 09 04 59 9.34 0.00 0.00 0.00 0.00
