17 16 17.77 82.50 648.48 0.18
17 17 18.00 82.74 655.78 0.17
17 18 18.23 82.99 662.06 0.17
17 19 18.45 83.23 668.32 0.17
17 20 18.68 83.48 674.57 0.17
17 21 18.91 83.72 680.83 0.16
17 22 19.14 83.96 687.10 0.16
17 23 19.37 84.21 693.36 0.16
17 24 19.60 84.45 699.62 0.16
17 25 19.83 84.70 705.88 0.16
17 26 20.06 84.94 711.96 0.15
17 27 20.29 85.19 717.53 0.15
17 28 20.52 85.43 723.09 0.15
17 29 20.75 85.68 728.66 0.15
17 30 20.98 85.92 734.23 0.15
17 31 21.21 86.16 739.80 0.14
17 32 21.44 86.41 745.38 0.14
17 33 21.67 86.65 750.95 0.14
17 34 21.90 86.90 756.52 0.14
17 35 22.13 87.14 761.70 0.14
17 36 22.36 87.38 766.57 0.13
17 37 22.59 87.63 771.45 0.13
17 38 22.82 87.87 776.33 0.13
17 39 23.05 88.11 781.21 0.13
17 40 23.28 88.35 786.09 0.13
17 41 23.51 88.60 790.96 0.13
17 42 23.74 88.84 795.84 0.12
17 43 23.97 89.08 800.72 0.12
17 44 24.20 89.32 805.30 0.12
17 45 24.43 89.56 809.83 0.12
17 46 24.66 89.80 814.36 0.12
17 47 24.89 90.04 818.89 0.12
17 48 25.12 90.28 823.24 0.11
17 49 25.35 90.52 827.43 0.11
17 50 25.58 90.76 831.61 0.11
17 51 25.81 91.00 835.79 0.11
17 52 26.04 91.24 839.92 0.11
17 53 26.27 91.47 843.75 0.11
17 54 26.50 91.71 847.59 0.10
17 55 26.73 91.95 851.42 0.10
17 56 26.96 92.18 855.26 0.10
17 57 27.19 92.42 859.10 0.10
17 58 27.42 92.65 862.93 0.10
17 59 27.65 92.89 866.77 0.10
18 00 27.88 93.12 870.61 0.09
18 01 28.11 93.36 874.27 0.09
18 02 28.34 93.59 877.76 0.09
18 03 28.57 93.82 881.25 0.09
18 04 28.81 94.06 884.74 0.09
18 05 29.04 94.29 888.22 0.09
18 06 29.27 94.52 891.71 0.09
18 07 29.50 94.75 895.20 0.08
18 08 29.73 94.98 898.69 0.08
18 09 29.96 95.21 902.18 0.08
18 10 30.19 95.44 905.38 0.08
18 11 30.42 95.66 908.52 0.08
18 12 30.65 95.89 911.66 0.08
18 13 30.88 96.12 914.80 0.08
18 14 31.11 96.34 917.78 0.08
18 15 31.34 96.57 920.57 0.07
18 16 31.57 96.79 923.36 0.07
18 17 31.80 97.02 926.15 0.07
18 18 32.03 97.24 928.98 0.07
18 19 32.26 97.46 932.12 0.07
18 20 32.49 97.69 935.26 0.07
18 21 32.72 97.91 938.40 0.07
18 22 32.95 98.13 941.54 0.07
18 23 33.18 98.35 944.13 0.07
18 24 33.41 98.57 946.57 0.06
18 25 33.64 98.79 949.01 0.06
18 26 33.87 99.00 951.46 0.06
18 27 34.10 99.22 954.05 0.06
18 28 34.33 99.44 956.84 0.06
18 29 34.56 99.65 959.63 0.06
18 30 34.79 99.86 962.42 0.06
18 31 35.02 100.08 965.17 0.06
18 32 35.25 100.29 967.61 0.06
18 33 35.48 100.50 970.05 0.05
18 34 35.71 100.71 972.49 0.05
18 35 35.94 100.92 974.93 0.05
18 36 36.17 101.13 977.11 0.05
18 37 36.40 101.34 979.20 0.05
18 38 36.63 101.55 981.29 0.05
18 39 36.86 101.76 983.38 0.05
18 40 37.09 101.96 985.61 0.05
18 41 37.32 102.17 988.04 0.05
18 42 37.55 102.37 990.48 0.05
18 43 37.78 102.57 992.92 0.05
18 44 38.01 102.77 995.34 0.05
18 45 38.24 102.98 997.43 0.04
18 46 38.47 103.18 999.52 0.04
18 47 38.70 103.38 1001.60 0.04
18 48 38.93 103.57 1003.69 0.04
18 49 39.16 103.77 1005.54 0.04
18 50 39.39 103.97 1007.28 0.04
18 51 39.62 104.16 1009.02 0.04
18 52 39.85 104.36 1010.75 0.04
18 53 40.08 104.55 1012.61 0.04
18 54 40.31 104.74 1014.69 0.04
18 55 40.54 104.94 1016.78 0.04
18 56 40.77 105.13 1018.86 0.04
18 57 40.99 105.32 1020.95 0.04
18 58 41.22 105.50 1022.69 0.03
18 59 41.45 105.69 1024.43 0.03
19 00 41.68 105.88 1026.17 0.03
19 01 41.91 106.06 1027.90 0.03
19 02 42.14 106.25 1029.64 0.03
19 03 42.37 106.43 1031.37 0.03
19 04 42.60 106.61 1033.11 0.03
19 05 42.83 106.80 1034.84 0.03
19 06 43.06 106.98 1036.57 0.03
19 07 43.29 107.16 1038.31 0.03
19 08 43.51 107.33 1040.04 0.03
19 09 43.74 107.51 1041.77 0.03
19 10 43.97 107.69 1043.51 0.03
19 11 44.20 107.86 1044.93 0.03
19 12 44.43 108.04 1046.32 0.03
19 13 44.66 108.21 1047.70 0.03
19 14 44.89 108.38 1049.09 0.03
19 15 45.11 108.55 1050.64 0.03
19 16 45.34 108.72 1052.37 0.02
19 17 45.57 108.89 1054.10 0.02
19 18 45.80 109.06 1055.83 0.02
19 19 46.03 109.22 1057.52 0.02
19 20 46.26 109.39 1058.90 0.02
19 21 46.48 109.55 1060.28 0.02
19 22 46.71 109.71 1061.66 0.02
19 23 46.94 109.88 1063.04 0.02
19 24 47.17 110.04 1064.42 0.02
19 25 47.39 110.19 1065.80 0.02
19 26 47.62 110.35 1067.18 0.02
19 27 47.85 110.51 1068.55 0.02
19 28 48.08 110.67 1069.93 0.02
19 29 48.30 110.82 1071.31 0.02
19 30 48.53 110.97 1072.69 0.02
19 31 48.76 111.13 1074.06 0.02
19 32 48.98 111.28 1075.44 0.02
19 33 49.21 111.43 1076.49 0.02
19 34 49.44 111.58 1077.52 0.02
19 35 49.67 111.72 1078.55 0.02
19 36 49.89 111.87 1079.58 0.02
19 37 50.12 112.02 1080.79 0.02
19 38 50.34 112.16 1082.16 0.02
19 39 50.57 112.30 1083.53 0.02
19 40 50.80 112.44 1084.90 0.02
19 41 51.02 112.58 1086.24 0.02
19 42 51.25 112.72 1087.26 0.02
19 43 51.47 112.86 1088.29 0.01
19 44 51.70 113.00 1089.32 0.01
19 45 51.93 113.13 1090.34 0.01
19 46 52.15 113.27 1091.36 0.01
19 47 52.38 113.40 1092.39 0.01
19 48 52.60 113.53 1093.41 0.01
19 49 52.83 113.66 1094.43 0.01
19 50 53.05 113.79 1095.46 0.01
19 51 53.28 113.92 1096.48 0.01
19 52 53.50 114.05 1097.50 0.01
19 53 53.73 114.17 1098.52 0.01
19 54 53.95 114.30 1099.54 0.01
19 55 54.17 114.42 1100.55 0.01
19 56 54.40 114.54 1101.57 0.01
19 57 54.62 114.66 1102.59 0.01
19 58 54.84 114.78 1103.60 0.01
19 59 55.07 114.90 1104.62 0.01
20 00 55.29 115.02 1105.63 0.01
20 01 55.51 115.13 1106.65 0.01
20 02 55.74 115.25 1107.66 0.01
20 03 55.96 115.36 1108.67 0.01
20 04 56.18 115.47 1109.41 0.01
20 05 56.40 115.58 1110.08 0.01
20 06 56.63 115.69 1110.75 0.01
20 07 56.85 115.80 1111.43 0.01
20 08 57.07 115.90 1112.20 0.01
20 09 57.29 116.01 1113.21 0.01
20 10 57.51 116.11 1114.22 0.01
20 11 57.73 116.22 1115.22 0.01
20 12 57.95 116.32 1116.22 0.01
20 13 58.18 116.42 1116.96 0.01
20 14 58.40 116.52 1117.63 0.01
20 15 58.62 116.61 1118.29 0.01
20 16 58.84 116.71 1118.96 0.01
20 17 59.06 116.81 1119.71 0.01
20 18 59.27 116.90 1120.71 0.01
20 19 59.49 116.99 1121.70 0.01
20 20 59.71 117.08 1122.70 0.01
20 21 59.93 117.17 1123.69 0.01
20 22 60.15 117.26 1124.45 0.01
20 23 60.37 117.35 1125.11 0.01
20 24 60.58 117.43 1125.77 0.01
20 25 60.80 117.52 1126.43 0.01
20 26 61.02 117.60 1127.09 0.01
20 27 61.24 117.68 1127.75 0.01
20 28 61.45 117.77 1128.40 0.01
20 29 61.67 117.85 1129.06 0.01
20 30 61.88 117.92 1129.71 0.01
20 31 62.10 118.00 1130.36 0.01
20 32 62.31 118.08 1131.01 0.01
20 33 62.53 118.15 1131.66 0.01
20 34 62.74 118.22 1132.31 0.01
20 35 62.96 118.29 1132.96 0.01
20 36 63.17 118.36 1133.60 0.01
20 37 63.38 118.43 1134.25 0.01
20 38 63.59 118.50 1134.89 0.01
20 39 63.81 118.57 1135.54 0.01
20 40 64.02 118.63 1136.15 0.01
20 41 64.23 118.70 1136.47 0.01
20 42 64.44 118.76 1136.79 0.01
20 43 64.65 118.82 1137.11 0.01
20 44 64.86 118.88 1137.42 0.01
20 45 65.07 118.94 1137.85 0.01
20 46 65.28 119.00 1138.48 0.01
20 47 65.49 119.05 1139.11 0.01
20 48 65.69 119.11 1139.74 0.01
20 49 65.90 119.16 1140.37 0.01
20 50 66.11 119.21 1140.99 0.01
20 51 66.31 119.26 1141.62 0.00
20 52 66.52 119.31 1142.24 0.00
20 53 66.72 119.36 1142.86 0.00
20 54 66.93 119.41 1143.48 0.00
20 55 67.13 119.45 1143.89 0.00
20 56 67.33 119.50 1144.20 0.00
20 57 67.54 119.54 1144.51 0.00
20 58 67.74 119.58 1144.81 0.00
20 59 67.94 119.62 1145.12 0.00
21 00 68.14 119.66 1145.63 0.00
21 01 68.34 119.70 1146.23 0.00
21 02 68.53 119.73 1146.83 0.00
21 03 68.73 119.77 1147.43 0.00
21 04 68.93 119.80 1148.02 0.00
21 05 69.12 119.84 1148.43 0.00
21 06 69.32 119.87 1148.72 0.00
21 07 69.51 119.90 1149.02 0.00
21 08 69.71 119.93 1149.31 0.00
21 09 69.90 119.95 1149.60 0.00
21 10 70.09 119.98 1149.89 0.00
21 11 70.28 120.00 1150.18 0.00
21 12 70.47 120.03 1150.46 0.00
21 13 70.65 120.05 1150.75 0.00
21 14 70.84 120.07 1151.03 0.00
21 15 71.03 120.09 1151.35 0.00
21 16 71.21 120.11 1151.91 0.00
21 17 71.39 120.13 1152.46 0.00
21 18 71.58 120.14 1153.02 0.00
21 19 71.76 120.16 1153.56 0.00
21 20 71.94 120.17 1154.10 0.00
21 21 72.11 120.18 1154.47 0.00
21 22 72.29 120.19 1154.74 0.00
21 23 72.46 120.20 1155.00 0.00
21 24 72.64 120.21 1155.27 0.00
21 25 72.81 120.22 1155.53 0.00
21 26 72.98 120.23 1155.78 0.00
21 27 73.15 120.23 1156.04 0.00
21 28 73.32 120.23 1156.29 0.00
21 29 73.48 120.24 1156.54 0.00
21 30 73.64 120.24 1156.79 0.00
21 31 73.80 120.24 1157.03 0.00
21 32 73.96 120.24 1157.28 0.00
21 33 74.12 120.23 1157.51 0.00
21 34 74.28 120.23 1157.75 0.00
21 35 74.43 120.22 1157.98 0.00
21 36 74.58 120.22 1158.21 0.00
21 37 74.73 120.21 1158.44 0.00
21 38 74.88 120.20 1158.66 0.00
21 39 75.02 120.19 1158.88 0.00
21 40 75.16 120.18 1159.09 0.00
21 41 75.30 120.17 1159.30 0.00
21 42 75.44 120.15 1159.51 0.00
21 43 75.57 120.14 1159.71 0.00
21 44 75.70 120.12 1159.91 0.00
21 45 75.83 120.11 1160.11 0.00
21 46 75.96 120.09 1160.30 0.00
21 47 76.08 120.07 1160.48 0.00
21 48 76.20 120.05 1160.66 0.00
21 49 76.32 120.02 1160.84 0.00
21 50 76.43 120.00 1161.01 0.00
21 51 76.54 119.98 1161.18 0.00
21 52 76.65 119.95 1161.34 0.00
21 53 76.75 119.93 1161.50 0.00
21 54 76.85 119.90 1161.65 0.00
21 55 76.95 119.87 1161.79 0.00
21 56 77.04 119.84 1161.87 0.00
21 57 77.13 119.81 1161.87 0.00
21 58 77.21 119.78 1161.87 0.00
21 59 77.29 119.74 1161.87 0.00
22 00 77.37 119.71 1161.87 0.00
22 01 77.44 119.67 1161.87 0.00
22 02 77.51 119.63 1161.87 0.00
22 03 77.58 119.60 1161.87 0.00
22 04 77.64 119.56 1161.87 0.00
22 05 77.69 119.52 1161.87 0.00
22 06 77.74 119.48 1161.87 0.00
22 07 77.79 119.43 1161.87 0.00
22 08 77.83 119.39 1161.87 0.00
22 09 77.87 119.35 1161.87 0.00
22 10 77.90 119.30 1161.87 0.00
22 11 77.93 119.25 1161.87 0.01
22 12 77.96 119.21 1161.87 0.01
22 13 77.97 119.16 1161.87 0.01
22 14 77.99 119.11 1161.87 0.01
22 15 78.00 119.06 1161.87 0.01
22 16 78.00 119.00 1161.88 0.01
22 17 78.00 118.95 1161.88 0.01
22 18 78.00 118.90 1161.87 0.01
22 19 77.99 118.84 1161.87 0.01
22 20 77.98 118.79 1161.87 0.01
22 21 77.96 118.73 1161.87 0.01
22 22 77.94 118.67 1161.87 0.01
22 23 77.91 118.61 1161.87 0.01
22 24 77.87 118.55 1161.87 0.01
22 25 77.84 118.49 1161.87 0.01
22 26 77.80 118.43 1161.87 0.01
22 27 77.75 118.36 1161.87 0.01
22 28 77.70 118.30 1161.87 0.01
22 29 77.64 118.24 1161.87 0.01
22 30 77.58 118.17 1161.87 0.01
22 31 77.52 118.10 1161.87 0.01
22 32 77.45 118.03 1161.87 0.01
22 33 77.38 117.96 1161.87 0.01
22 34 77.30 117.89 1161.87 0.01
22 35 77.22 117.82 1161.87 0.01
22 36 77.14 117.75 1161.87 0.01
22 37 77.05 117.68 1161.87 0.01
22 38 76.96 117.61 1161.81 0.01
22 39 76.86 117.53 1161.67 0.01
22 40 76.76 117.46 1161.52 0.01
22 41 76.66 117.38 1161.36 0.01
22 42 76.56 117.30 1161.20 0.01
22 43 76.45 117.22 1161.04 0.01
22 44 76.33 117.14 1160.86 0.01
22 45 76.22 117.06 1160.69 0.01
22 46 76.10 116.98 1160.51 0.01
22 47 75.98 116.90 1160.32 0.01
22 48 75.85 116.82 1160.13 0.01
22 49 75.72 116.74 1159.94 0.01
22 50 75.59 116.65 1159.74 0.01
22 51 75.46 116.57 1159.54 0.01
22 52 75.32 116.48 1159.33 0.01
22 53 75.18 116.39 1159.12 0.01
22 54 75.04 116.31 1158.91 0.01
22 55 74.90 116.22 1158.69 0.01
22 56 74.75 116.13 1158.47 0.01
22 57 74.60 116.04 1158.24 0.01
22 58 74.45 115.95 1158.02 0.01
22 59 74.30 115.86 1157.78 0.01
23 00 74.14 115.76 1157.55 0.01
23 01 73.99 115.67 1157.31 0.01
23 02 73.83 115.58 1157.07 0.01
23 03 73.67 115.48 1156.83 0.01
23 04 73.50 115.39 1156.58 0.01
23 05 73.34 115.29 1156.33 0.01
23 06 73.17 115.20 1156.08 0.01
23 07 73.00 115.10 1155.82 0.01
23 08 72.83 115.00 1155.56 0.01
23 09 72.66 114.90 1155.30 0.01
23 10 72.49 114.80 1155.04 0.01
23 11 72.32 114.70 1154.78 0.01
23 12 72.14 114.60 1154.51 0.01
23 13 71.96 114.50 1154.18 0.01
23 14 71.78 114.40 1153.64 0.01
23 15 71.60 114.29 1153.10 0.01
23 16 71.42 114.19 1152.55 0.01
23 17 71.24 114.09 1151.99 0.01
23 18 71.05 113.98 1151.43 0.01
23 19 70.87 113.88 1151.07 0.01
23 20 70.68 113.77 1150.79 0.01
23 21 70.49 113.67 1150.51 0.01
23 22 70.31 113.56 1150.22 0.01
23 23 70.12 113.45 1149.93 0.01
23 24 69.93 113.34 1149.64 0.01
23 25 69.73 113.23 1149.35 0.01
23 26 69.54 113.12 1149.06 0.01
23 27 69.35 113.01 1148.77 0.01
23 28 69.15 112.90 1148.47 0.01
23 29 68.96 112.79 1148.11 0.02
23 30 68.76 112.68 1147.52 0.02
23 31 68.56 112.57 1146.92 0.02
23 32 68.37 112.46 1146.32 0.02
23 33 68.17 112.35 1145.72 0.02
23 34 67.97 112.23 1145.16 0.02
23 35 67.77 112.12 1144.86 0.02
23 36 67.57 112.00 1144.55 0.02
23 37 67.36 111.89 1144.25 0.02
23 38 67.16 111.77 1143.94 0.02
23 39 66.96 111.66 1143.57 0.02
23 40 66.75 111.54 1142.95 0.02
23 41 66.55 111.43 1142.33 0.02
23 42 66.34 111.31 1141.71 0.02
23 43 66.14 111.19 1141.08 0.02
23 44 65.93 111.08 1140.46 0.02
23 45 65.72 110.96 1139.83 0.02
23 46 65.52 110.84 1139.20 0.02
23 47 65.31 110.72 1138.57 0.02
23 48 65.10 110.60 1137.94 0.02
23 49 64.89 110.48 1137.47 0.02
23 50 64.68 110.36 1137.15 0.02
23 51 64.47 110.24 1136.84 0.02
23 52 64.26 110.12 1136.52 0.02
23 53 64.05 110.00 1136.20 0.02
23 54 63.84 109.88 1135.63 0.02
23 55 63.63 109.76 1134.99 0.02
23 56 63.41 109.64 1134.35 0.02
23 57 63.20 109.52 1133.70 0.02
23 58 62.99 109.40 1133.05 0.02
23 59 62.77 109.28 1132.41 0.02
00 00 62.56 109.15 1131.76 0.02
00 01 62.35 109.03 1131.11 0.02
00 02 62.13 108.91 1130.46 0.02
00 03 61.92 108.79 1129.81 0.02
00 04 61.70 108.66 1129.15 0.03
00 05 61.48 108.54 1128.50 0.03
00 06 61.27 108.42 1127.84 0.03
00 07 61.05 108.29 1127.19 0.03
00 08 60.83 108.17 1126.53 0.03
00 09 60.62 108.05 1125.87 0.03
00 10 60.40 107.92 1125.21 0.03
00 11 60.18 107.80 1124.55 0.03
00 12 59.96 107.68 1123.84 0.03
00 13 59.74 107.55 1122.84 0.03
00 14 59.53 107.43 1121.85 0.03
00 15 59.31 107.31 1120.85 0.03
00 16 59.09 107.18 1119.86 0.03
00 17 58.87 107.06 1119.06 0.03
00 18 58.65 106.93 1118.39 0.03
00 19 58.43 106.81 1117.73 0.03
00 20 58.21 106.69 1117.06 0.03
00 21 57.99 106.56 1116.37 0.03
00 22 57.77 106.44 1115.37 0.03
00 23 57.55 106.31 1114.37 0.03
00 24 57.32 106.19 1113.36 0.03
00 25 57.10 106.07 1112.35 0.03
00 26 56.88 105.94 1111.53 0.03
00 27 56.66 105.82 1110.85 0.03
00 28 56.44 105.70 1110.18 0.03
00 29 56.22 105.57 1109.51 0.03
00 30 55.99 105.45 1108.82 0.04
00 31 55.77 105.33 1107.81 0.04
00 32 55.55 105.21 1106.80 0.04
00 33 55.32 105.08 1105.78 0.04
00 34 55.10 104.96 1104.77 0.04
00 35 54.88 104.84 1103.76 0.04
00 36 54.65 104.72 1102.74 0.04
00 37 54.43 104.59 1101.72 0.04
00 38 54.21 104.47 1100.70 0.04
00 39 53.98 104.35 1099.69 0.04
00 40 53.76 104.23 1098.67 0.04
00 41 53.53 104.11 1097.65 0.04
00 42 53.31 103.99 1096.63 0.04
00 43 53.08 103.87 1095.61 0.04
00 44 52.86 103.75 1094.58 0.04
00 45 52.63 103.63 1093.56 0.04
00 46 52.41 103.51 1092.54 0.04
00 47 52.18 103.39 1091.52 0.04
00 48 51.96 103.27 1090.49 0.04
00 49 51.73 103.15 1089.47 0.04
00 50 51.51 103.04 1088.44 0.04
00 51 51.28 102.92 1087.42 0.04
00 52 51.06 102.80 1086.39 0.05
00 53 50.83 102.69 1085.11 0.05
00 54 50.60 102.57 1083.74 0.05
00 55 50.38 102.45 1082.36 0.05
00 56 50.15 102.34 1080.99 0.05
00 57 49.93 102.22 1079.73 0.05
00 58 49.70 102.11 1078.70 0.05
00 59 49.47 101.99 1077.67 0.05
01 00 49.25 101.88 1076.64 0.05
01 01 49.02 101.77 1075.61 0.05
01 02 48.79 101.66 1074.27 0.05
01 03 48.56 101.54 1072.89 0.05
01 04 48.34 101.43 1071.51 0.05
01 05 48.11 101.32 1070.14 0.05
01 06 47.88 101.21 1068.76 0.05
01 07 47.66 101.10 1067.38 0.05
01 08 47.43 100.99 1066.00 0.05
01 09 47.20 100.88 1064.62 0.05
01 10 46.97 100.78 1063.24 0.05
01 11 46.74 100.67 1061.86 0.05
01 12 46.52 100.56 1060.48 0.05
01 13 46.29 100.46 1059.10 0.06
01 14 46.06 100.35 1057.72 0.06
01 15 45.83 100.25 1056.09 0.06
01 16 45.60 100.14 1054.36 0.06
01 17 45.38 100.04 1052.63 0.06
01 18 45.15 99.94 1050.90 0.06
01 19 44.92 99.83 1049.29 0.06
01 20 44.69 99.73 1047.91 0.06
01 21 44.46 99.63 1046.52 0.06
01 22 44.23 99.53 1045.14 0.06
01 23 44.01 99.43 1043.75 0.06
01 24 43.78 99.34 1042.03 0.06
01 25 43.55 99.24 1040.30 0.06
01 26 43.32 99.14 1038.56 0.06
01 27 43.09 99.05 1036.83 0.06
01 28 42.86 98.95 1035.10 0.06
01 29 42.63 98.86 1033.36 0.06
01 30 42.40 98.76 1031.63 0.06
01 31 42.17 98.67 1029.89 0.06
01 32 41.95 98.58 1028.16 0.06
01 33 41.72 98.49 1026.42 0.06
01 34 41.49 98.40 1024.69 0.06
01 35 41.26 98.31 1022.95 0.07
01 36 41.03 98.22 1021.21 0.07
01 37 40.80 98.13 1019.17 0.07
01 38 40.57 98.05 1017.09 0.07
01 39 40.34 97.96 1015.00 0.07
01 40 40.11 97.88 1012.92 0.07
01 41 39.88 97.80 1011.01 0.07
01 42 39.65 97.71 1009.27 0.07
01 43 39.42 97.63 1007.53 0.07
01 44 39.19 97.55 1005.80 0.07
01 45 38.96 97.47 1004.00 0.07
01 46 38.73 97.39 1001.91 0.07
01 47 38.50 97.32 999.83 0.07
01 48 38.27 97.24 997.74 0.07
01 49 38.04 97.16 995.65 0.07
01 50 37.81 97.09 993.28 0.07
01 51 37.59 97.02 990.84 0.07
01 52 37.36 96.94 988.41 0.07
01 53 37.13 96.87 985.97 0.07
01 54 36.90 96.80 983.69 0.07
01 55 36.67 96.73 981.60 0.07
01 56 36.44 96.66 979.51 0.07
01 57 36.21 96.60 977.42 0.07
01 58 35.98 96.53 975.29 0.07
01 59 35.75 96.47 972.85 0.07
02 00 35.52 96.40 970.41 0.08
02 01 35.29 96.34 967.97 0.08
02 02 35.06 96.28 965.53 0.08
02 03 34.83 96.22 962.83 0.08
02 04 34.60 96.16 960.04 0.08
02 05 34.37 96.10 957.25 0.08
02 06 34.13 96.05 954.46 0.08
02 07 33.90 95.99 951.82 0.08
02 08 33.67 95.94 949.38 0.08
02 09 33.44 95.88 946.94 0.08
02 10 33.21 95.83 944.50 0.08
02 11 32.98 95.78 942.01 0.08
02 12 32.75 95.73 938.87 0.08
02 13 32.52 95.68 935.73 0.08
02 14 32.29 95.64 932.59 0.08
02 15 32.06 95.59 929.45 0.08
02 16 31.83 95.54 926.56 0.08
02 17 31.60 95.50 923.77 0.08
02 18 31.37 95.46 920.98 0.08
02 19 31.14 95.42 918.19 0.08
02 20 30.91 95.38 915.27 0.08
02 21 30.68 95.34 912.13 0.08
02 22 30.45 95.30 908.99 0.08
02 23 30.22 95.27 905.85 0.08
02 24 29.99 95.23 902.70 0.08
02 25 29.76 95.20 899.21 0.08
02 26 29.53 95.17 895.72 0.08
02 27 29.30 95.14 892.23 0.08
02 28 29.07 95.11 888.74 0.08
02 29 28.84 95.08 885.25 0.08
02 30 28.61 95.05 881.77 0.08
02 31 28.38 95.03 878.28 0.08
02 32 28.15 95.00 874.79 0.08
02 33 27.92 94.98 871.18 0.08
02 34 27.69 94.96 867.34 0.08
02 35 27.46 94.94 863.50 0.08
02 36 27.23 94.92 859.67 0.08
02 37 27.00 94.90 855.83 0.08
02 38 26.77 94.88 851.99 0.08
02 39 26.54 94.87 848.16 0.08
02 40 26.31 94.85 844.32 0.08
02 41 26.08 94.84 840.48 0.08
02 42 25.85 94.83 836.42 0.08
02 43 25.62 94.82 832.23 0.08
02 44 25.39 94.81 828.05 0.08
02 45 25.16 94.81 823.86 0.08
02 46 24.93 94.80 819.57 0.08
02 47 24.70 94.79 815.03 0.08
02 48 24.47 94.79 810.50 0.08
02 49 24.23 94.79 805.97 0.08
02 50 24.00 94.79 801.44 0.08
02 51 23.77 94.79 796.57 0.08
02 52 23.54 94.79 791.69 0.08
02 53 23.31 94.80 786.81 0.08
02 54 23.08 94.80 781.93 0.08
02 55 22.85 94.81 777.05 0.08
02 56 22.62 94.81 772.18 0.08
02 57 22.39 94.82 767.30 0.08
02 58 22.16 94.83 762.42 0.08
02 59 21.93 94.85 757.35 0.08
03 00 21.70 94.86 751.77 0.08
03 01 21.47 94.87 746.20 0.08
03 02 21.25 94.89 740.63 0.08
03 03 21.02 94.90 735.06 0.08
03 04 20.79 94.92 729.49 0.08
03 05 20.56 94.94 723.92 0.08
03 06 20.33 94.96 718.35 0.08
03 07 20.10 94.99 712.78 0.08
03 08 19.87 95.01 706.81 0.08
03 09 19.64 95.03 700.55 0.08
03 10 19.41 95.06 694.29 0.08
03 11 19.18 95.09 688.02 0.08
03 12 18.95 95.12 681.76 0.08
03 13 18.72 95.14 675.50 0.08
03 14 18.49 95.18 669.24 0.08
03 15 18.26 95.21 662.99 0.08
03 16 18.03 95.24 656.73 0.08
03 17 17.80 95.28 649.56 0.08
03 18 17.57 95.31 642.26 0.08
03 19 17.34 95.35 634.97 0.08
03 20 17.11 95.39 627.67 0.08
03 21 16.88 95.43 620.38 0.08
03 22 16.65 95.47 613.08 0.08
03 23 16.42 95.51 605.79 0.08
03 24 16.19 95.56 598.50 0.08
03 25 15.97 95.60 591.10 0.08
03 26 15.74 95.65 583.12 0.08
03 27 15.51 95.70 575.13 0.08
03 28 15.28 95.75 567.15 0.08
03 29 15.05 95.80 559.17 0.08
03 30 14.82 95.85 550.65 0.08
03 31 14.59 95.90 541.98 0.08
03 32 14.36 95.95 533.31 0.08
03 33 14.13 96.01 524.64 0.08
03 34 13.90 96.06 515.69 0.08
03 35 13.68 96.12 506.33 0.08
03 36 13.45 96.18 496.97 0.08
03 37 13.22 96.24 487.62 0.08
03 38 12.99 96.30 478.25 0.08
03 39 12.76 96.36 468.55 0.08
03 40 12.53 96.42 458.86 0.08
03 41 12.30 96.49 449.17 0.07
03 42 12.08 96.55 439.47 0.07
03 43 11.85 96.62 429.09 0.07
03 44 11.62 96.68 418.37 0.07
03 45 11.39 96.75 407.64 0.07
03 46 11.16 96.82 396.92 0.07
03 47 10.93 96.89 386.10 0.07
03 48 10.71 96.96 375.04 0.07
03 49 10.48 97.04 363.98 0.07
03 50 10.25 97.11 352.93 0.07
03 51 10.02 97.19 341.87 0.07
