2022 04 22 17 00 14.10 0.00 0.00
2022 04 22 17 01 14.33 0.00 0.00
2022 04 22 17 02 14.56 0.00 0.00
2022 04 22 17 03 14.79 0.00 0.00
2022 04 22 17 04 15.02 0.00 0.00
2022 04 22 17 05 15.24 0.00 0.00
2022 04 22 17 06 15.47 0.00 0.00
2022 04 22 17 07 15.70 0.00 0.00
2022 04 22 17 08 15.93 0.00 0.00
2022 04 22 17 09 16.16 0.00 0.00
2022 04 22 17 10 16.39 0.00 0.00
2022 04 22 17 11 16.62 0.00 0.00
2022 04 22 17 12 16.85 0.00 0.00
2022 04 22 17 13 17.08 0.00 0.00
2022 04 22 17 14 17.31 0.00 0.00
2022 04 22 17 15 17.54 0.00 0.00
2022 04 22 17 16 17.77 82.50 0.00
2022 04 22 17 17 18.00 82.74 0.00
2022 04 22 17 18 18.23 82.99 0.00
2022 04 22 17 19 18.45 83.23 0.00
2022 04 22 17 20 18.68 83.48 0.00
2022 04 22 17 21 18.91 83.72 0.00
2022 04 22 17 22 19.14 83.96 0.00
2022 04 22 17 23 19.37 84.21 0.00
2022 04 22 17 24 19.60 84.45 0.00
2022 04 22 17 25 19.83 84.70 0.00
2022 04 22 17 26 20.06 84.94 0.00
2022 04 22 17 27 20.29 85.19 0.00
2022 04 22 17 28 20.52 85.43 0.00
2022 04 22 17 29 20.75 85.68 0.00
2022 04 22 17 30 20.98 85.92 0.00
2022 04 22 17 31 21.21 86.16 0.00
2022 04 22 17 32 21.44 86.41 0.00
2022 04 22 17 33 21.67 86.65 0.00
2022 04 22 17 34 21.90 86.90 0.00
2022 04 22 17 35 22.13 87.14 0.00
2022 04 22 17 36 22.36 87.38 0.00
2022 04 22 17 37 22.59 87.63 0.00
2022 04 22 17 38 22.82 87.87 0.00
2022 04 22 17 39 23.05 88.11 0.00
2022 04 22 17 40 23.28 88.35 0.00
2022 04 22 17 41 23.51 88.60 0.00
2022 04 22 17 42 23.74 88.84 0.00
2022 04 22 17 43 23.97 89.08 0.00
2022 04 22 17 44 24.20 89.32 0.00
2022 04 22 17 45 24.43 89.56 0.00
2022 04 22 17 46 24.66 89.80 0.00
2022 04 22 17 47 24.89 90.04 0.00
2022 04 22 17 48 25.12 90.28 0.00
2022 04 22 17 49 25.35 90.52 0.00
2022 04 22 17 50 25.58 90.76 0.00
2022 04 22 17 51 25.81 91.00 0.00
2022 04 22 17 52 26.04 91.24 0.00
2022 04 22 17 53 26.27 91.47 0.00
2022 04 22 17 54 26.50 91.71 0.00
2022 04 22 17 55 26.73 91.95 0.00
2022 04 22 17 56 26.96 92.18 0.00
2022 04 22 17 57 27.19 92.42 0.00
2022 04 22 17 58 27.42 92.65 0.00
2022 04 22 17 59 27.65 92.89 0.00
2022 04 22 18 00 27.88 93.12 0.00
2022 04 22 18 01 28.11 93.36 0.00
2022 04 22 18 02 28.34 93.59 0.00
2022 04 22 18 03 28.57 93.82 0.00
2022 04 22 18 04 28.81 94.06 0.00
2022 04 22 18 05 29.04 94.29 0.00
2022 04 22 18 06 29.27 94.52 0.00
2022 04 22 18 07 29.50 94.75 0.00
2022 04 22 18 08 29.73 94.98 0.00
2022 04 22 18 09 29.96 95.21 0.00
2022 04 22 18 10 30.19 95.44 0.00
2022 04 22 18 11 30.42 95.66 0.00
2022 04 22 18 12 30.65 95.89 0.00
2022 04 22 18 13 30.88 96.12 0.00
2022 04 22 18 14 31.11 96.34 0.00
2022 04 22 18 15 31.34 96.57 0.00
2022 04 22 18 16 31.57 96.79 0.00
2022 04 22 18 17 31.80 97.02 0.00
2022 04 22 18 18 32.03 97.24 0.00
2022 04 22 18 19 32.26 97.46 0.00
2022 04 22 18 20 32.49 97.69 0.00
2022 04 22 18 21 32.72 97.91 0.00
2022 04 22 18 22 32.95 98.13 0.00
2022 04 22 18 23 33.18 98.35 0.00
2022 04 22 18 24 33.41 98.57 0.00
2022 04 22 18 25 33.64 98.79 0.00
2022 04 22 18 26 33.87 99.00 0.00
2022 04 22 18 27 34.10 99.22 0.00
2022 04 22 18 28 34.33 99.44 0.00
2022 04 22 18 29 34.56 99.65 0.00
2022 04 22 18 30 34.79 99.86 0.00
2022 04 22 18 31 35.02 100.08 0.00
2022 04 22 18 32 35.25 100.29 0.00
2022 04 22 18 33 35.48 100.50 0.00
2022 04 22 18 34 35.71 100.71 0.00
2022 04 22 18 35 35.94 100.92 0.00
2022 04 22 18 36 36.17 101.13 0.00
2022 04 22 18 37 36.40 101.34 0.00
2022 04 22 18 38 36.63 101.55 0.00
2022 04 22 18 39 36.86 101.76 0.00
2022 04 22 18 40 37.09 101.96 0.00
2022 04 22 18 41 37.32 102.17 0.00
2022 04 22 18 42 37.55 102.37 0.00
2022 04 22 18 43 37.78 102.57 0.00
2022 04 22 18 44 38.01 102.77 0.00
2022 04 22 18 45 38.24 102.98 0.00
2022 04 22 18 46 38.47 103.18 0.00
2022 04 22 18 47 38.70 103.38 0.00
2022 04 22 18 48 38.93 103.57 0.00
2022 04 22 18 49 39.16 103.77 0.00
2022 04 22 18 50 39.39 103.97 0.00
2022 04 22 18 51 39.62 104.16 0.00
2022 04 22 18 52 39.85 104.36 0.00
2022 04 22 18 53 40.08 104.55 0.00
2022 04 22 18 54 40.31 104.74 0.00
2022 04 22 18 55 40.54 104.94 0.00
2022 04 22 18 56 40.77 105.13 0.00
2022 04 22 18 57 40.99 105.32 0.00
2022 04 22 18 58 41.22 105.50 0.00
2022 04 22 18 59 41.45 105.69 0.00
2022 04 22 19 00 41.68 105.88 0.00
2022 04 22 19 01 41.91 106.06 0.00
2022 04 22 19 02 42.14 106.25 0.00
2022 04 22 19 03 42.37 106.43 0.00
2022 04 22 19 04 42.60 106.61 0.00
2022 04 22 19 05 42.83 106.80 0.00
2022 04 22 19 06 43.06 106.98 0.00
2022 04 22 19 07 43.29 107.16 0.00
2022 04 22 19 08 43.51 107.33 0.00
2022 04 22 19 09 43.74 107.51 0.00
2022 04 22 19 10 43.97 107.69 0.00
2022 04 22 19 11 44.20 107.86 0.00
2022 04 22 19 12 44.43 108.04 0.00
2022 04 22 19 13 44.66 108.21 0.00
2022 04 22 19 14 44.89 108.38 0.00
2022 04 22 19 15 45.11 108.55 0.00
2022 04 22 19 16 45.34 108.72 0.00
2022 04 22 19 17 45.57 108.89 0.00
2022 04 22 19 18 45.80 109.06 0.00
2022 04 22 19 19 46.03 109.22 0.00
2022 04 22 19 20 46.26 109.39 0.00
2022 04 22 19 21 46.48 109.55 0.00
2022 04 22 19 22 46.71 109.71 0.00
2022 04 22 19 23 46.94 109.88 0.00
2022 04 22 19 24 47.17 110.04 0.00
2022 04 22 19 25 47.39 110.19 0.00
2022 04 22 19 26 47.62 110.35 0.00
2022 04 22 19 27 47.85 110.51 0.00
2022 04 22 19 28 48.08 110.67 0.00
2022 04 22 19 29 48.30 110.82 0.00
2022 04 22 19 30 48.53 110.97 0.00
2022 04 22 19 31 48.76 111.13 0.00
2022 04 22 19 32 48.98 111.28 0.00
2022 04 22 19 33 49.21 111.43 0.00
2022 04 22 19 34 49.44 111.58 0.00
2022 04 22 19 35 49.67 111.72 0.00
2022 04 22 19 36 49.89 111.87 0.00
2022 04 22 19 37 50.12 112.02 0.00
2022 04 22 19 38 50.34 112.16 0.00
2022 04 22 19 39 50.57 112.30 0.00
2022 04 22 19 40 50.80 112.44 0.00
2022 04 22 19 41 51.02 112.58 0.00
2022 04 22 19 42 51.25 112.72 0.00
2022 04 22 19 43 51.47 112.86 0.00
2022 04 22 19 44 51.70 113.00 0.00
2022 04 22 19 45 51.93 113.13 0.00
2022 04 22 19 46 52.15 113.27 0.00
2022 04 22 19 47 52.38 113.40 0.00
2022 04 22 19 48 52.60 113.53 0.00
2022 04 22 19 49 52.83 113.66 0.00
2022 04 22 19 50 53.05 113.79 0.00
2022 04 22 19 51 53.28 113.92 0.00
2022 04 22 19 52 53.50 114.05 0.00
2022 04 22 19 53 53.73 114.17 0.00
2022 04 22 19 54 53.95 114.30 0.00
2022 04 22 19 55 54.17 114.42 0.00
2022 04 22 19 56 54.40 114.54 0.00
2022 04 22 19 57 54.62 114.66 0.00
2022 04 22 19 58 54.84 114.78 0.00
2022 04 22 19 59 55.07 114.90 0.00
2022 04 22 20 00 55.29 115.02 0.00
2022 04 22 20 01 55.51 115.13 0.00
2022 04 22 20 02 55.74 115.25 0.00
2022 04 22 20 03 55.96 115.36 0.00
2022 04 22 20 04 56.18 115.47 0.00
2022 04 22 20 05 56.40 115.58 0.00
2022 04 22 20 06 56.63 115.69 0.00
2022 04 22 20 07 56.85 115.80 0.00
2022 04 22 20 08 57.07 115.90 0.00
2022 04 22 20 09 57.29 116.01 0.00
2022 04 22 20 10 57.51 116.11 0.00
2022 04 22 20 11 57.73 116.22 0.00
2022 04 22 20 12 57.95 116.32 0.00
2022 04 22 20 13 58.18 116.42 0.00
2022 04 22 20 14 58.40 116.52 0.00
2022 04 22 20 15 58.62 116.61 0.00
2022 04 22 20 16 58.84 116.71 0.00
2022 04 22 20 17 59.06 116.81 0.00
2022 04 22 20 18 59.27 116.90 0.00
2022 04 22 20 19 59.49 116.99 0.00
2022 04 22 20 20 59.71 117.08 0.00
2022 04 22 20 21 59.93 117.17 0.00
2022 04 22 20 22 60.15 117.26 0.00
2022 04 22 20 23 60.37 117.35 0.00
2022 04 22 20 24 60.58 117.43 0.00
2022 04 22 20 25 60.80 117.52 0.00
2022 04 22 20 26 61.02 117.60 0.00
2022 04 22 20 27 61.24 117.68 0.00
2022 04 22 20 28 61.45 117.77 0.00
2022 04 22 20 29 61.67 117.85 0.00
2022 04 22 20 30 61.88 117.92 0.00
2022 04 22 20 31 62.10 118.00 0.00
2022 04 22 20 32 62.31 118.08 0.00
2022 04 22 20 33 62.53 118.15 0.00
2022 04 22 20 34 62.74 118.22 0.00
2022 04 22 20 35 62.96 118.29 0.00
2022 04 22 20 36 63.17 118.36 0.00
2022 04 22 20 37 63.38 118.43 0.00
2022 04 22 20 38 63.59 118.50 0.00
2022 04 22 20 39 63.81 118.57 0.00
2022 04 22 20 40 64.02 118.63 0.00
2022 04 22 20 41 64.23 118.70 0.00
2022 04 22 20 42 64.44 118.76 0.00
2022 04 22 20 43 64.65 118.82 0.00
2022 04 22 20 44 64.86 118.88 0.00
2022 04 22 20 45 65.07 118.94 0.00
2022 04 22 20 46 65.28 119.00 0.00
2022 04 22 20 47 65.49 119.05 0.00
2022 04 22 20 48 65.69 119.11 0.00
2022 04 22 20 49 65.90 119.16 0.00
2022 04 22 20 50 66.11 119.21 0.00
2022 04 22 20 51 66.31 119.26 0.00
2022 04 22 20 52 66.52 119.31 0.00
2022 04 22 20 53 66.72 119.36 0.00
2022 04 22 20 54 66.93 119.41 0.00
2022 04 22 20 55 67.13 119.45 0.00
2022 04 22 20 56 67.33 119.50 0.00
2022 04 22 20 57 67.54 119.54 0.00
2022 04 22 20 58 67.74 119.58 0.00
2022 04 22 20 59 67.94 119.62 0.00
2022 04 22 21 00 68.14 119.66 0.00
2022 04 22 21 01 68.34 119.70 0.00
2022 04 22 21 02 68.53 119.73 0.00
2022 04 22 21 03 68.73 119.77 0.00
2022 04 22 21 04 68.93 119.80 0.00
2022 04 22 21 05 69.12 119.84 0.00
2022 04 22 21 06 69.32 119.87 0.00
2022 04 22 21 07 69.51 119.90 0.00
2022 04 22 21 08 69.71 119.93 0.00
2022 04 22 21 09 69.90 119.95 0.00
2022 04 22 21 10 70.09 119.98 0.00
2022 04 22 21 11 70.28 120.00 0.00
2022 04 22 21 12 70.47 120.03 0.00
2022 04 22 21 13 70.65 120.05 0.00
2022 04 22 21 14 70.84 120.07 0.00
2022 04 22 21 15 71.03 120.09 0.00
2022 04 22 21 16 71.21 120.11 0.00
2022 04 22 21 17 71.39 120.13 0.00
2022 04 22 21 18 71.58 120.14 0.00
2022 04 22 21 19 71.76 120.16 0.00
2022 04 22 21 20 71.94 120.17 0.00
2022 04 22 21 21 72.11 120.18 0.00
2022 04 22 21 22 72.29 120.19 0.00
2022 04 22 21 23 72.46 120.20 0.00
2022 04 22 21 24 72.64 120.21 0.00
2022 04 22 21 25 72.81 120.22 0.00
2022 04 22 21 26 72.98 120.23 0.00
2022 04 22 21 27 73.15 120.23 0.00
2022 04 22 21 28 73.32 120.23 0.00
2022 04 22 21 29 73.48 120.24 0.00
2022 04 22 21 30 73.64 120.24 0.00
2022 04 22 21 31 73.80 120.24 0.00
2022 04 22 21 32 73.96 120.24 0.00
2022 04 22 21 33 74.12 120.23 0.00
2022 04 22 21 34 74.28 120.23 0.00
2022 04 22 21 35 74.43 120.22 0.00
2022 04 22 21 36 74.58 120.22 0.00
2022 04 22 21 37 74.73 120.21 0.00
2022 04 22 21 38 74.88 120.20 0.00
2022 04 22 21 39 75.02 120.19 0.00
2022 04 22 21 40 75.16 120.18 0.00
2022 04 22 21 41 75.30 120.17 0.00
2022 04 22 21 42 75.44 120.15 0.00
2022 04 22 21 43 75.57 120.14 0.00
2022 04 22 21 44 75.70 120.12 0.00
2022 04 22 21 45 75.83 120.11 0.00
2022 04 22 21 46 75.96 120.09 0.00
2022 04 22 21 47 76.08 120.07 0.00
2022 04 22 21 48 76.20 120.05 0.00
2022 04 22 21 49 76.32 120.02 0.00
2022 04 22 21 50 76.43 120.00 0.00
2022 04 22 21 51 76.54 119.98 0.00
2022 04 22 21 52 76.65 119.95 0.00
2022 04 22 21 53 76.75 119.93 0.00
2022 04 22 21 54 76.85 119.90 0.00
2022 04 22 21 55 76.95 119.87 0.00
2022 04 22 21 56 77.04 119.84 0.00
2022 04 22 21 57 77.13 119.81 0.00
2022 04 22 21 58 77.21 119.78 0.00
2022 04 22 21 59 77.29 119.74 0.00
2022 04 22 22 00 77.37 119.71 77.39
2022 04 22 22 01 77.44 119.67 77.50
2022 04 22 22 02 77.51 119.63 77.61
2022 04 22 22 03 77.58 119.60 77.72
2022 04 22 22 04 77.64 119.56 77.84
2022 04 22 22 05 77.69 119.52 77.95
2022 04 22 22 06 77.74 119.48 78.08
2022 04 22 22 07 77.79 119.43 78.20
2022 04 22 22 08 77.83 119.39 78.33
2022 04 22 22 09 77.87 119.35 78.46
2022 04 22 22 10 77.90 119.30 78.59
2022 04 22 22 11 77.93 119.25 78.72
2022 04 22 22 12 77.96 119.21 78.86
2022 04 22 22 13 77.97 119.16 79.00
2022 04 22 22 14 77.99 119.11 79.14
2022 04 22 22 15 78.00 119.06 79.28
2022 04 22 22 16 78.00 119.00 79.42
2022 04 22 22 17 78.00 118.95 79.57
2022 04 22 22 18 78.00 118.90 79.72
2022 04 22 22 19 77.99 118.84 79.87
2022 04 22 22 20 77.98 118.79 80.02
2022 04 22 22 21 77.96 118.73 80.17
2022 04 22 22 22 77.94 118.67 80.32
2022 04 22 22 23 77.91 118.61 80.47
2022 04 22 22 24 77.87 118.55 80.63
2022 04 22 22 25 77.84 118.49 80.78
2022 04 22 22 26 77.80 118.43 80.93
2022 04 22 22 27 77.75 118.36 81.09
2022 04 22 22 28 77.70 118.30 81.24
2022 04 22 22 29 77.64 118.24 81.39
2022 04 22 22 30 77.58 118.17 81.54
2022 04 22 22 31 77.52 118.10 81.70
2022 04 22 22 32 77.45 118.03 81.85
2022 04 22 22 33 77.38 117.96 81.99
2022 04 22 22 34 77.30 117.89 82.14
2022 04 22 22 35 77.22 117.82 82.29
2022 04 22 22 36 77.14 117.75 82.43
2022 04 22 22 37 77.05 117.68 82.57
2022 04 22 22 38 76.96 117.61 82.71
2022 04 22 22 39 76.86 117.53 82.85
2022 04 22 22 40 76.76 117.46 82.99
2022 04 22 22 41 76.66 117.38 83.12
2022 04 22 22 42 76.56 117.30 83.25
2022 04 22 22 43 76.45 117.22 83.38
2022 04 22 22 44 76.33 117.14 83.51
2022 04 22 22 45 76.22 117.06 83.63
2022 04 22 22 46 76.10 116.98 83.75
2022 04 22 22 47 75.98 116.90 83.87
2022 04 22 22 48 75.85 116.82 83.99
2022 04 22 22 49 75.72 116.74 84.10
2022 04 22 22 50 75.59 116.65 84.21
2022 04 22 22 51 75.46 116.57 84.32
2022 04 22 22 52 75.32 116.48 84.43
2022 04 22 22 53 75.18 116.39 84.53
2022 04 22 22 54 75.04 116.31 84.63
2022 04 22 22 55 74.90 116.22 84.73
2022 04 22 22 56 74.75 116.13 84.82
2022 04 22 22 57 74.60 116.04 84.92
2022 04 22 22 58 74.45 115.95 85.00
2022 04 22 22 59 74.30 115.86 85.09
2022 04 22 23 00 74.14 115.76 85.18
2022 04 22 23 01 73.99 115.67 85.26
2022 04 22 23 02 73.83 115.58 85.34
2022 04 22 23 03 73.67 115.48 85.42
2022 04 22 23 04 73.50 115.39 85.49
2022 04 22 23 05 73.34 115.29 85.56
2022 04 22 23 06 73.17 115.20 85.63
2022 04 22 23 07 73.00 115.10 85.70
2022 04 22 23 08 72.83 115.00 85.77
2022 04 22 23 09 72.66 114.90 85.83
2022 04 22 23 10 72.49 114.80 85.89
2022 04 22 23 11 72.32 114.70 85.95
2022 04 22 23 12 72.14 114.60 86.01
2022 04 22 23 13 71.96 114.50 86.06
2022 04 22 23 14 71.78 114.40 86.11
2022 04 22 23 15 71.60 114.29 86.16
2022 04 22 23 16 71.42 114.19 86.21
2022 04 22 23 17 71.24 114.09 86.26
2022 04 22 23 18 71.05 113.98 86.31
2022 04 22 23 19 70.87 113.88 86.35
2022 04 22 23 20 70.68 113.77 86.39
2022 04 22 23 21 70.49 113.67 86.43
2022 04 22 23 22 70.31 113.56 86.47
2022 04 22 23 23 70.12 113.45 86.51
2022 04 22 23 24 69.93 113.34 86.54
2022 04 22 23 25 69.73 113.23 86.58
2022 04 22 23 26 69.54 113.12 86.61
2022 04 22 23 27 69.35 113.01 86.64
2022 04 22 23 28 69.15 112.90 86.67
2022 04 22 23 29 68.96 112.79 86.70
2022 04 22 23 30 68.76 112.68 86.73
2022 04 22 23 31 68.56 112.57 86.75
2022 04 22 23 32 68.37 112.46 86.78
2022 04 22 23 33 68.17 112.35 86.80
2022 04 22 23 34 67.97 112.23 86.82
2022 04 22 23 35 67.77 112.12 86.84
2022 04 22 23 36 67.57 112.00 86.86
2022 04 22 23 37 67.36 111.89 86.88
2022 04 22 23 38 67.16 111.77 86.90
2022 04 22 23 39 66.96 111.66 86.91
2022 04 22 23 40 66.75 111.54 86.93
2022 04 22 23 41 66.55 111.43 86.94
2022 04 22 23 42 66.34 111.31 86.96
2022 04 22 23 43 66.14 111.19 86.97
2022 04 22 23 44 65.93 111.08 86.98
2022 04 22 23 45 65.72 110.96 86.99
2022 04 22 23 46 65.52 110.84 87.00
2022 04 22 23 47 65.31 110.72 87.01
2022 04 22 23 48 65.10 110.60 87.02
2022 04 22 23 49 64.89 110.48 87.03
2022 04 22 23 50 64.68 110.36 87.03
2022 04 22 23 51 64.47 110.24 87.04
2022 04 22 23 52 64.26 110.12 87.04
2022 04 22 23 53 64.05 110.00 87.05
2022 04 22 23 54 63.84 109.88 87.05
2022 04 22 23 55 63.63 109.76 87.06
2022 04 22 23 56 63.41 109.64 87.06
2022 04 22 23 57 63.20 109.52 87.06
2022 04 22 23 58 62.99 109.40 87.06
2022 04 22 23 59 62.77 109.28 87.06
2022 04 23 00 00 62.56 109.15 87.06
2022 04 23 00 01 62.35 109.03 87.06
2022 04 23 00 02 62.13 108.91 87.06
2022 04 23 00 03 61.92 108.79 87.06
2022 04 23 00 04 61.70 108.66 87.06
2022 04 23 00 05 61.48 108.54 87.06
2022 04 23 00 06 61.27 108.42 87.05
2022 04 23 00 07 61.05 108.29 87.05
2022 04 23 00 08 60.83 108.17 87.05
2022 04 23 00 09 60.62 108.05 87.04
2022 04 23 00 10 60.40 107.92 87.04
2022 04 23 00 11 60.18 107.80 87.03
2022 04 23 00 12 59.96 107.68 87.03
2022 04 23 00 13 59.74 107.55 87.02
2022 04 23 00 14 59.53 107.43 87.01
2022 04 23 00 15 59.31 107.31 87.01
2022 04 23 00 16 59.09 107.18 87.00
2022 04 23 00 17 58.87 107.06 86.99
2022 04 23 00 18 58.65 106.93 86.98
2022 04 23 00 19 58.43 106.81 86.98
2022 04 23 00 20 58.21 106.69 86.97
2022 04 23 00 21 57.99 106.56 86.96
2022 04 23 00 22 57.77 106.44 86.95
2022 04 23 00 23 57.55 106.31 86.94
2022 04 23 00 24 57.32 106.19 86.93
2022 04 23 00 25 57.10 106.07 86.92
2022 04 23 00 26 56.88 105.94 86.91
2022 04 23 00 27 56.66 105.82 86.90
2022 04 23 00 28 56.44 105.70 86.89
2022 04 23 00 29 56.22 105.57 86.88
2022 04 23 00 30 55.99 105.45 86.87
2022 04 23 00 31 55.77 105.33 86.86
2022 04 23 00 32 55.55 105.21 86.84
2022 04 23 00 33 55.32 105.08 86.83
2022 04 23 00 34 55.10 104.96 86.82
2022 04 23 00 35 54.88 104.84 86.81
2022 04 23 00 36 54.65 104.72 86.80
2022 04 23 00 37 54.43 104.59 86.78
2022 04 23 00 38 54.21 104.47 86.77
2022 04 23 00 39 53.98 104.35 86.76
2022 04 23 00 40 53.76 104.23 86.74
2022 04 23 00 41 53.53 104.11 86.73
2022 04 23 00 42 53.31 103.99 86.72
2022 04 23 00 43 53.08 103.87 86.70
2022 04 23 00 44 52.86 103.75 86.69
2022 04 23 00 45 52.63 103.63 86.68
2022 04 23 00 46 52.41 103.51 86.66
2022 04 23 00 47 52.18 103.39 86.65
2022 04 23 00 48 51.96 103.27 86.63
2022 04 23 00 49 51.73 103.15 86.62
2022 04 23 00 50 51.51 103.04 86.60
2022 04 23 00 51 51.28 102.92 86.59
2022 04 23 00 52 51.06 102.80 86.58
2022 04 23 00 53 50.83 102.69 86.56
2022 04 23 00 54 50.60 102.57 86.55
2022 04 23 00 55 50.38 102.45 86.53
2022 04 23 00 56 50.15 102.34 86.51
2022 04 23 00 57 49.93 102.22 86.50
2022 04 23 00 58 49.70 102.11 86.48
2022 04 23 00 59 49.47 101.99 86.47
2022 04 23 01 00 49.25 101.88 86.45
2022 04 23 01 01 49.02 101.77 86.44
2022 04 23 01 02 48.79 101.66 86.42
2022 04 23 01 03 48.56 101.54 86.41
2022 04 23 01 04 48.34 101.43 86.39
2022 04 23 01 05 48.11 101.32 86.37
2022 04 23 01 06 47.88 101.21 86.36
2022 04 23 01 07 47.66 101.10 86.34
2022 04 23 01 08 47.43 100.99 86.33
2022 04 23 01 09 47.20 100.88 86.31
2022 04 23 01 10 46.97 100.78 86.29
2022 04 23 01 11 46.74 100.67 86.28
2022 04 23 01 12 46.52 100.56 86.26
2022 04 23 01 13 46.29 100.46 86.25
2022 04 23 01 14 46.06 100.35 86.23
2022 04 23 01 15 45.83 100.25 86.21
2022 04 23 01 16 45.60 100.14 86.20
2022 04 23 01 17 45.38 100.04 86.18
2022 04 23 01 18 45.15 99.94 86.16
2022 04 23 01 19 44.92 99.83 86.15
2022 04 23 01 20 44.69 99.73 86.13
2022 04 23 01 21 44.46 99.63 86.11
2022 04 23 01 22 44.23 99.53 86.10
2022 04 23 01 23 44.01 99.43 86.08
2022 04 23 01 24 43.78 99.34 86.06
2022 04 23 01 25 43.55 99.24 86.05
2022 04 23 01 26 43.32 99.14 86.03
2022 04 23 01 27 43.09 99.05 86.01
2022 04 23 01 28 42.86 98.95 86.00
2022 04 23 01 29 42.63 98.86 85.98
2022 04 23 01 30 42.40 98.76 85.96
2022 04 23 01 31 42.17 98.67 85.95
2022 04 23 01 32 41.95 98.58 85.93
2022 04 23 01 33 41.72 98.49 85.92
2022 04 23 01 34 41.49 98.40 85.90
2022 04 23 01 35 41.26 98.31 85.88
2022 04 23 01 36 41.03 98.22 85.87
2022 04 23 01 37 40.80 98.13 85.85
2022 04 23 01 38 40.57 98.05 85.83
2022 04 23 01 39 40.34 97.96 85.82
2022 04 23 01 40 40.11 97.88 85.80
2022 04 23 01 41 39.88 97.80 85.78
2022 04 23 01 42 39.65 97.71 85.77
2022 04 23 01 43 39.42 97.63 85.75
2022 04 23 01 44 39.19 97.55 85.73
2022 04 23 01 45 38.96 97.47 85.72
2022 04 23 01 46 38.73 97.39 85.70
2022 04 23 01 47 38.50 97.32 85.69
2022 04 23 01 48 38.27 97.24 85.67
2022 04 23 01 49 38.04 97.16 85.65
2022 04 23 01 50 37.81 97.09 85.64
2022 04 23 01 51 37.59 97.02 85.62
2022 04 23 01 52 37.36 96.94 85.60
2022 04 23 01 53 37.13 96.87 85.59
2022 04 23 01 54 36.90 96.80 85.57
2022 04 23 01 55 36.67 96.73 85.56
2022 04 23 01 56 36.44 96.66 85.54
2022 04 23 01 57 36.21 96.60 85.52
2022 04 23 01 58 35.98 96.53 85.51
2022 04 23 01 59 35.75 96.47 85.49
2022 04 23 02 00 35.52 96.40 85.48
2022 04 23 02 01 35.29 96.34 85.46
2022 04 23 02 02 35.06 96.28 85.45
2022 04 23 02 03 34.83 96.22 85.43
2022 04 23 02 04 34.60 96.16 85.41
2022 04 23 02 05 34.37 96.10 85.40
2022 04 23 02 06 34.13 96.05 85.38
2022 04 23 02 07 33.90 95.99 85.37
2022 04 23 02 08 33.67 95.94 85.35
2022 04 23 02 09 33.44 95.88 85.34
2022 04 23 02 10 33.21 95.83 85.32
2022 04 23 02 11 32.98 95.78 85.31
2022 04 23 02 12 32.75 95.73 85.29
2022 04 23 02 13 32.52 95.68 85.28
2022 04 23 02 14 32.29 95.64 85.26
2022 04 23 02 15 32.06 95.59 85.25
2022 04 23 02 16 31.83 95.54 85.23
2022 04 23 02 17 31.60 95.50 85.22
2022 04 23 02 18 31.37 95.46 85.20
2022 04 23 02 19 31.14 95.42 85.19
2022 04 23 02 20 30.91 95.38 85.17
2022 04 23 02 21 30.68 95.34 85.16
2022 04 23 02 22 30.45 95.30 85.14
2022 04 23 02 23 30.22 95.27 85.13
2022 04 23 02 24 29.99 95.23 85.12
2022 04 23 02 25 29.76 95.20 85.10
2022 04 23 02 26 29.53 95.17 85.09
2022 04 23 02 27 29.30 95.14 85.07
2022 04 23 02 28 29.07 95.11 85.06
2022 04 23 02 29 28.84 95.08 85.05
2022 04 23 02 30 28.61 95.05 85.03
2022 04 23 02 31 28.38 95.03 85.02
2022 04 23 02 32 28.15 95.00 85.00
2022 04 23 02 33 27.92 94.98 84.99
2022 04 23 02 34 27.69 94.96 84.98
2022 04 23 02 35 27.46 94.94 84.96
2022 04 23 02 36 27.23 94.92 84.95
2022 04 23 02 37 27.00 94.90 84.94
2022 04 23 02 38 26.77 94.88 84.92
2022 04 23 02 39 26.54 94.87 84.91
2022 04 23 02 40 26.31 94.85 84.90
2022 04 23 02 41 26.08 94.84 84.88
2022 04 23 02 42 25.85 94.83 84.87
2022 04 23 02 43 25.62 94.82 84.86
2022 04 23 02 44 25.39 94.81 84.85
2022 04 23 02 45 25.16 94.81 84.83
2022 04 23 02 46 24.93 94.80 84.82
2022 04 23 02 47 24.70 94.79 84.81
2022 04 23 02 48 24.47 94.79 84.80
2022 04 23 02 49 24.23 94.79 84.78
2022 04 23 02 50 24.00 94.79 84.77
2022 04 23 02 51 23.77 94.79 84.76
2022 04 23 02 52 23.54 94.79 84.75
2022 04 23 02 53 23.31 94.80 84.74
2022 04 23 02 54 23.08 94.80 84.73
2022 04 23 02 55 22.85 94.81 84.71
2022 04 23 02 56 22.62 94.81 84.70
2022 04 23 02 57 22.39 94.82 84.69
2022 04 23 02 58 22.16 94.83 84.68
2022 04 23 02 59 21.93 94.85 84.67
2022 04 23 03 00 21.70 94.86 84.66
2022 04 23 03 01 21.47 94.87 84.65
2022 04 23 03 02 21.25 94.89 84.64
2022 04 23 03 03 21.02 94.90 84.62
2022 04 23 03 04 20.79 94.92 84.61
2022 04 23 03 05 20.56 94.94 84.60
2022 04 23 03 06 20.33 94.96 84.59
2022 04 23 03 07 20.10 94.99 84.58
2022 04 23 03 08 19.87 95.01 84.57
2022 04 23 03 09 19.64 95.03 84.56
2022 04 23 03 10 19.41 95.06 84.55
2022 04 23 03 11 19.18 95.09 84.54
2022 04 23 03 12 18.95 95.12 84.53
2022 04 23 03 13 18.72 95.14 84.52
2022 04 23 03 14 18.49 95.18 84.51
2022 04 23 03 15 18.26 95.21 84.50
2022 04 23 03 16 18.03 95.24 84.49
2022 04 23 03 17 17.80 95.28 84.49
2022 04 23 03 18 17.57 95.31 84.48
2022 04 23 03 19 17.34 95.35 84.47
2022 04 23 03 20 17.11 95.39 84.46
2022 04 23 03 21 16.88 95.43 84.45
2022 04 23 03 22 16.65 95.47 84.44
2022 04 23 03 23 16.42 95.51 84.43
2022 04 23 03 24 16.19 95.56 84.42
2022 04 23 03 25 15.97 95.60 84.42
2022 04 23 03 26 15.74 95.65 84.41
2022 04 23 03 27 15.51 95.70 84.40
2022 04 23 03 28 15.28 95.75 84.39
2022 04 23 03 29 15.05 95.80 84.38
2022 04 23 03 30 14.82 95.85 84.38
2022 04 23 03 31 14.59 95.90 84.37
2022 04 23 03 32 14.36 95.95 84.36
2022 04 23 03 33 14.13 96.01 84.36
2022 04 23 03 34 13.90 96.06 84.35
2022 04 23 03 35 13.68 96.12 84.34
2022 04 23 03 36 13.45 96.18 84.33
2022 04 23 03 37 13.22 96.24 84.33
2022 04 23 03 38 12.99 96.30 84.32
2022 04 23 03 39 12.76 96.36 84.32
2022 04 23 03 40 12.53 96.42 84.31
2022 04 23 03 41 12.30 96.49 84.30
2022 04 23 03 42 12.08 96.55 84.30
2022 04 23 03 43 11.85 96.62 84.29
2022 04 23 03 44 11.62 96.68 84.29
2022 04 23 03 45 11.39 96.75 84.28
2022 04 23 03 46 11.16 96.82 84.28
2022 04 23 03 47 10.93 96.89 84.27
2022 04 23 03 48 10.71 96.96 84.27
2022 04 23 03 49 10.48 97.04 84.26
2022 04 23 03 50 10.25 97.11 84.26
2022 04 23 03 51 10.02 97.19 84.25
2022 04 23 03 52 9.79 0.00 0.00
2022 04 23 03 53 9.57 0.00 0.00
2022 04 23 03 54 9.34 0.00 0.00
2022 04 23 03 55 9.11 0.00 0.00
2022 04 23 03 56 8.88 0.00 0.00
2022 04 23 03 57 8.65 0.00 0.00
2022 04 23 03 58 8.43 0.00 0.00
2022 04 23 03 59 8.20 0.00 0.00
2022 04 23 04 00 7.97 0.00 0.00
2022 04 23 04 01 7.74 0.00 0.00
2022 04 23 04 02 7.52 0.00 0.00
2022 04 23 04 03 7.29 0.00 0.00
2022 04 23 04 04 7.06 0.00 0.00
2022 04 23 04 05 6.83 0.00 0.00
2022 04 23 04 06 6.61 0.00 0.00
2022 04 23 04 07 6.38 0.00 0.00
2022 04 23 04 08 6.15 0.00 0.00
2022 04 23 04 09 5.93 0.00 0.00
2022 04 23 04 10 5.70 0.00 0.00
2022 04 23 04 11 5.47 0.00 0.00
2022 04 23 04 12 5.25 0.00 0.00
2022 04 23 04 13 5.02 0.00 0.00
2022 04 23 04 14 4.79 0.00 0.00
2022 04 23 04 15 4.57 0.00 0.00
2022 04 23 04 16 4.34 0.00 0.00
2022 04 23 04 17 4.11 0.00 0.00
2022 04 23 04 18 3.89 0.00 0.00
2022 04 23 04 19 3.66 0.00 0.00
2022 04 23 04 20 3.43 0.00 0.00
2022 04 23 04 21 3.21 0.00 0.00
2022 04 23 04 22 2.98 0.00 0.00
2022 04 23 04 23 2.76 0.00 0.00
2022 04 23 04 24 2.53 0.00 0.00
2022 04 23 04 25 2.30 0.00 0.00
2022 04 23 04 26 2.08 0.00 0.00
2022 04 23 04 27 1.85 0.00 0.00
2022 04 23 04 28 1.63 0.00 0.00
2022 04 23 04 29 1.40 0.00 0.00
2022 04 23 04 30 1.18 0.00 0.00
2022 04 23 04 31 0.95 0.00 0.00
2022 04 23 04 32 0.72 0.00 0.00
2022 04 23 04 33 0.50 0.00 0.00
2022 04 23 04 34 0.27 0.00 0.00
2022 04 23 04 35 0.05 0.00 0.00
2022 04 23 04 36 -0.18 0.00 0.00
2022 04 23 04 37 -0.40 0.00 0.00
2022 04 23 04 38 -0.63 0.00 0.00
2022 04 23 04 39 -0.85 0.00 0.00
2022 04 23 04 40 -1.07 0.00 0.00
2022 04 23 04 41 -1.30 0.00 0.00
2022 04 23 04 42 -1.52 0.00 0.00
2022 04 23 04 43 -1.75 0.00 0.00
2022 04 23 04 44 -1.97 0.00 0.00
2022 04 23 04 45 -2.20 0.00 0.00
2022 04 23 04 46 -2.42 0.00 0.00
2022 04 23 04 47 -2.64 0.00 0.00
2022 04 23 04 48 -2.87 0.00 0.00
2022 04 23 04 49 -3.09 0.00 0.00
2022 04 23 04 50 -3.32 0.00 0.00
2022 04 23 04 51 -3.54 0.00 0.00
2022 04 23 04 52 -3.76 0.00 0.00
2022 04 23 04 53 -3.99 0.00 0.00
2022 04 23 04 54 -4.21 0.00 0.00
2022 04 23 04 55 -4.43 0.00 0.00
2022 04 23 04 56 -4.66 0.00 0.00
2022 04 23 04 57 -4.88 0.00 0.00
2022 04 23 04 58 -5.10 0.00 0.00
2022 04 23 04 59 -5.32 0.00 0.00
