#	Sig
0.9999999182548164	
0.9999984023081899	
0.9999979771928884	
0.999998815081882	
1.000000066864719	
0.9999991485585793	
0.9999969760825701	
0.9999970803907636	
0.999999400405104	
1.000001473093853	
1.0000018575273049	
1.0000007372944568	
0.9999997218450981	
0.9999994171691304	
0.9999996894851603	
1.000000189596064	
1.0000000886251565	
0.9999999844081063	
1.0000000977262127	
1.0000002375099248	
1.0000000990098388	
0.9999998996149204	
0.9999997531337755	
0.999999858227319	
1.0000002553949805	
1.0000005081323993	
1.000000260143794	
0.9999998710212102	
0.9999997231981349	
0.9999998436511863	
1.00000018385647	
1.0000003966808746	
1.0000002102382064	
0.9999999524353529	
0.999999925275136	
0.9999999986933519	
1.000000104910287	
1.000000228454501	
1.0000001903333404	
1.0000000954702222	
1.000000091878581	
1.0000001099926288	
1.0000001129418723	
1.0000000745733686	
1.0000000916979537	
1.0000001298541816	
1.0000000769102906	
1.0000000844231705	
1.0000000394823654	
0.9999999485964982	
1.0000000284251362	
1.000000040070592	
1.0000000124674118	
1.0000001683432103	
1.0000000992880007	
0.9999999875310818	
1.0000001898131818	
1.0000002281271045	
1.0000000827933953	
1.0000001466091433	
1.0000001382212047	
0.9999999863097178	
1.0000001260036697	
1.0000001087865136	
1.0000000274031506	
1.0000001474021234	
1.0000000405876677	
1.0000000736774266	
1.0000001458501686	
1.0000000548472685	
1.000000128507711	
1.0000002131733	
1.0000003233713681	
1.000000533182265	
1.0000006836696012	
1.0000005930121498	
1.0000004569014558	
1.0000004111867986	
1.0000002927987655	
1.0000002796979859	
1.0000002503917484	
1.0000001141386798	
1.0000001849576914	
1.0000001156292477	
1.0000000711652988	
1.000000176677348	
1.0000000785581193	
1.00000007647351	
1.0000000681867927	
1.0000000625212877	
1.0000001266824694	
1.0000000705073435	
1.0000001267728755	
1.0000001813133403	
1.0000001280870432	
1.000000160482014	
1.000000206605718	
1.000000196224468	
1.000000161806297	
1.0000001447328797	
1.0000001100644407	
1.0000000998480723	
1.0000000941487992	
1.0000000638039388	
1.0000000997292993	
1.000000086245506	
1.0000000590245812	
1.0000000844138288	
1.0000000791936365	
1.000000064366401	
1.0000000176733357	
0.9999999943151172	
1.0000000233562003	
0.9999999600277346	
0.9999999323208362	
1.0000000131921751	
0.9999999414486634	
0.9999999418411866	
1.0000000422343263	
1.0000000148136714	
1.0000000396310107	
1.000000072593345	
0.999999970780203	
0.9999999512102961	
1.0000000023550835	
0.9999999694422087	
1.0000000399208429	
1.0000000891558904	
0.9999999978917237	
1.000000054559427	
1.0000000795674808	
1.0000000153355415	
1.0000001148546285	
1.0000001059060017	
0.9999999967388025	
1.0000000366166888	
1.0000000125913404	
0.9999999928916166	
1.000000084242939	
1.0000000334973371	
0.9999999926044022	
1.000000029292224	
0.9999999679199572	
0.9999999892434905	
1.0000000400692621	
0.9999999702303041	
0.9999999886702774	
1.0000000472950656	
0.9999999816471938	
1.0000000303696794	
1.0000000626029273	
0.9999999768697277	
0.9999999952735735	
0.9999999926805496	
0.9999999434940601	
0.9999999937112979	
0.9999999976338738	
0.9999999758127772	
1.0000000017645316	
0.9999999899027099	
0.9999999772166415	
1.0000000189978058	
1.0000000265366333	
1.0000000148207455	
1.0000000073691724	
1.0000000111585177	
1.000000003008157	
0.9999999791996308	
0.9999999868179011	
0.9999999711837417	
0.9999999455968995	
0.9999999556812693	
0.9999999766511882	
0.9999999507344167	
0.9999999563058878	
0.9999999640046824	
0.9999999591399775	
1.0000000136619278	
1.0000000151648532	
1.0000000298100962	
1.0000000571357854	
1.0000000175978019	
1.0000000388826853	
1.0000000462347471	
0.9999999929094882	
1.0000000218111194	
1.000000056752231	
1.000000002786087	
0.9999999992815757	
0.9999999678396941	
0.9999999123921468	
0.9999999267081209	
0.9999998753735823	
0.9999998451169222	
0.9999998978490058	
0.9999998582462588	
0.9999998498247971	
0.9999999356390916	
0.9999999605563977	
0.9999999929355228	
1.0000000429202878	
0.9999998771890822	
0.9999998163763134	
0.9999998630793576	
0.9999998818221997	
0.9999999812162146	
0.9999999285776779	
0.9999997762565372	
0.9999997838355251	
0.9999998321694709	
0.999999807346652	
0.9999998484741252	
0.9999998175263685	
0.9999997818689458	
0.9999998529173498	
0.9999998283628863	
0.999999789188593	
0.9999998283037149	
0.9999998046171923	
0.9999998140848047	
0.9999998787980112	
0.9999998488607363	
0.9999998231926802	
0.9999997947527346	
0.999999747893109	
0.9999997962203193	
0.9999998177431342	
0.9999997967822598	
0.9999998137083075	
0.9999998083227025	
0.9999997824272177	
0.9999997772335846	
0.9999997852748428	
0.9999997910454059	
0.9999998088128559	
0.9999997943429544	
0.9999998036271054	
0.9999998267469997	
0.9999998185710351	
0.9999998302201971	
0.9999998342148947	
0.9999998348534793	
0.9999998507864307	
0.9999998472885955	
0.9999998555868586	
0.9999998542151769	
0.9999998172440158	
0.9999998033769579	
0.9999997919705165	
0.9999998077901328	
0.999999873139124	
0.999999865901579	
0.9999998732392396	
0.9999999057071347	
0.9999998594011384	
0.9999998406819375	
0.9999998454035048	
0.9999998100637861	
0.9999998182578622	
0.9999998522560407	
0.9999998417581497	
0.9999999067859788	
0.9999999375777002	
0.999999861080701	
0.9999998668281647	
0.9999998399181621	
0.9999997672778793	
0.9999997823074984	
0.9999997606907792	
0.999999732937213	
0.9999997657914036	
0.999999719253272	
0.9999997003158314	
0.9999997235229627	
0.9999996297874928	
0.9999995872867993	
0.9999996116156298	
0.999999585794198	
0.9999996126652501	
0.9999996438951059	
0.9999996214838358	
0.999999638258992	
0.9999996305078183	
0.9999995526356086	
0.9999995875766664	
0.9999995948681045	
0.9999995326717115	
0.9999995543026535	
0.9999995521163032	
0.9999995594686547	
0.9999996223214271	
0.9999996221590087	
0.9999996237900971	
0.9999996439735468	
0.9999996080276878	
0.9999995950693018	
0.9999996038332924	
0.9999995591475915	
0.9999995402290459	
0.999999536606795	
0.9999995463204294	
