# 2022, 4, chunk number, day, hour, min, exp rms A, meas rms A, ratio A, exp B, meas B, ratio B, exp 3, meas 3, ratio3, exp 4, meas 4, ratio 4, exp AB, meas AB, ratio AB, exp BA, meas BA, ratio BA
00 19 21 47 12.61 5.00 39.69 12.72 3.52 27.67 12.37 5.11 41.29 12.96 3.89 30.00 13.61 4.08 29.94 11.78 3.91 33.17
01 19 23 34 9.55 3.63 37.98 9.87 2.60 26.38 9.62 3.74 38.86 9.79 2.71 27.64 10.15 3.23 31.79 9.29 3.14 33.85
02 20 01 21 9.10 3.55 39.00 9.12 2.46 27.00 9.03 3.59 39.78 9.19 2.76 30.08 9.54 2.93 30.70 8.70 2.77 31.80
03 20 03 08 8.69 3.20 36.86 8.79 2.38 27.06 8.74 3.62 41.37 8.74 2.68 30.71 9.17 2.72 29.66 8.34 2.88 34.52
04 20 23 21 10.93 4.35 39.79 10.55 3.07 29.11 9.85 4.00 40.63 11.71 3.47 29.60 11.72 3.59 30.62 9.84 3.51 35.71
05 21 00 41 9.95 3.80 38.21 9.79 2.85 29.07 9.22 3.53 38.30 10.55 3.12 29.58 10.63 3.21 30.20 9.17 3.30 35.95
06 21 02 01 10.18 3.51 34.47 9.98 3.00 30.11 9.55 3.72 38.97 10.62 3.09 29.13 10.84 3.18 29.36 9.38 3.31 35.27
07 21 03 20 9.95 3.65 36.68 9.80 2.81 28.65 9.29 3.67 39.50 10.48 3.05 29.14 10.68 3.22 30.11 9.13 3.18 34.81
08 21 22 37 11.46 4.33 37.82 11.68 3.11 26.63 10.69 4.31 40.33 12.52 3.67 29.27 12.78 3.62 28.35 10.47 3.82 36.44
09 22 00 10 9.98 3.64 36.46 10.09 2.90 28.77 9.41 3.56 37.81 10.69 3.35 31.33 10.89 3.05 28.01 9.24 3.16 34.19
10 22 01 42 9.85 3.82 38.77 9.98 2.67 26.74 9.35 3.41 36.50 10.49 3.94 37.52 10.71 3.24 30.29 9.18 3.17 34.49
11 22 03 15 9.94 3.78 38.00 10.08 2.79 27.65 9.31 3.50 37.59 10.77 4.39 40.78 10.87 3.13 28.81 9.22 3.40 36.89
