# year, month, day, hour, min, alt, bl13, bl14, bl34, moon 
2023 05 04 17 00 64.22 0.00 0.00 0.00 0.00
2023 05 04 17 01 64.15 0.00 0.00 0.00 0.00
2023 05 04 17 02 64.08 0.00 0.00 0.00 0.00
2023 05 04 17 03 64.01 0.00 0.00 0.00 0.00
2023 05 04 17 04 63.93 0.00 0.00 0.00 0.00
2023 05 04 17 05 63.86 0.00 0.00 0.00 0.00
2023 05 04 17 06 63.78 0.00 0.00 0.00 0.00
2023 05 04 17 07 63.70 0.00 0.00 0.00 0.00
2023 05 04 17 08 63.63 168.34 110.73 118.04 69.87
2023 05 04 17 09 63.55 168.27 110.61 118.08 70.01
2023 05 04 17 10 63.46 168.19 110.50 118.13 70.15
2023 05 04 17 11 63.38 168.12 110.38 118.17 70.29
2023 05 04 17 12 63.30 168.05 110.26 118.21 70.43
2023 05 04 17 13 63.21 167.97 110.15 118.25 70.57
2023 05 04 17 14 63.13 167.89 110.03 118.29 70.71
2023 05 04 17 15 63.04 167.81 109.91 118.33 70.85
2023 05 04 17 16 62.95 167.73 109.79 118.37 71.00
2023 05 04 17 17 62.86 167.65 109.66 118.41 71.14
2023 05 04 17 18 62.77 167.56 109.54 118.44 71.28
2023 05 04 17 19 62.68 167.48 109.42 118.48 71.43
2023 05 04 17 20 62.59 167.39 109.29 118.52 71.58
2023 05 04 17 21 62.49 167.30 109.17 118.55 71.72
2023 05 04 17 22 62.40 167.21 109.04 118.59 71.87
2023 05 04 17 23 62.30 167.12 108.91 118.62 72.02
2023 05 04 17 24 62.20 167.03 108.79 118.66 72.16
2023 05 04 17 25 62.10 166.94 108.66 118.69 72.31
2023 05 04 17 26 62.00 166.84 108.53 118.73 72.46
2023 05 04 17 27 61.90 166.75 108.40 118.76 72.61
2023 05 04 17 28 61.80 166.65 108.27 118.79 72.76
2023 05 04 17 29 61.70 166.55 108.13 118.82 72.91
2023 05 04 17 30 61.59 166.45 108.00 118.86 73.06
2023 05 04 17 31 61.49 166.35 107.87 118.89 73.20
2023 05 04 17 32 61.38 166.25 107.73 118.92 73.35
2023 05 04 17 33 61.28 166.15 107.60 118.95 73.50
2023 05 04 17 34 61.17 166.04 107.46 118.98 73.65
2023 05 04 17 35 61.06 165.94 107.32 119.01 73.81
2023 05 04 17 36 60.95 165.83 107.18 119.04 73.96
2023 05 04 17 37 60.84 165.72 107.04 119.07 74.11
2023 05 04 17 38 60.73 165.61 106.90 119.09 74.26
2023 05 04 17 39 60.61 165.50 106.76 119.12 74.41
2023 05 04 17 40 60.50 165.39 106.62 119.15 74.56
2023 05 04 17 41 60.39 165.27 106.48 119.17 74.71
2023 05 04 17 42 60.27 165.16 106.33 119.20 74.86
2023 05 04 17 43 60.15 165.04 106.19 119.23 75.01
2023 05 04 17 44 60.04 164.93 106.04 119.25 75.16
2023 05 04 17 45 59.92 164.81 105.89 119.28 75.31
2023 05 04 17 46 59.80 164.69 105.75 119.30 75.46
2023 05 04 17 47 59.68 164.57 105.60 119.33 75.61
2023 05 04 17 48 59.56 164.44 105.45 119.35 75.76
2023 05 04 17 49 59.44 164.32 105.30 119.37 75.91
2023 05 04 17 50 59.32 164.20 105.15 119.39 76.06
2023 05 04 17 51 59.20 164.07 105.00 119.42 76.21
2023 05 04 17 52 59.07 163.95 104.84 119.44 76.36
2023 05 04 17 53 58.95 163.82 104.69 119.46 76.51
2023 05 04 17 54 58.82 163.69 104.53 119.48 76.66
2023 05 04 17 55 58.70 163.56 104.38 119.50 76.81
2023 05 04 17 56 58.57 163.43 104.22 119.52 76.96
2023 05 04 17 57 58.44 163.29 104.06 119.54 77.11
2023 05 04 17 58 58.32 163.16 103.90 119.56 77.26
2023 05 04 17 59 58.19 163.03 103.75 119.58 77.40
2023 05 04 18 00 58.06 162.89 103.58 119.60 77.55
2023 05 04 18 01 57.93 162.75 103.42 119.62 77.70
2023 05 04 18 02 57.80 162.62 103.26 119.64 77.85
2023 05 04 18 03 57.67 162.48 103.10 119.66 77.99
2023 05 04 18 04 57.53 162.34 102.93 119.67 78.14
2023 05 04 18 05 57.40 162.20 102.77 119.69 78.29
2023 05 04 18 06 57.27 162.06 102.60 119.71 78.44
2023 05 04 18 07 57.13 161.91 102.44 119.72 78.58
2023 05 04 18 08 57.00 161.77 102.27 119.74 78.73
2023 05 04 18 09 56.87 161.62 102.10 119.76 78.87
2023 05 04 18 10 56.73 161.48 101.93 119.77 79.02
2023 05 04 18 11 56.59 161.33 101.76 119.79 79.16
2023 05 04 18 12 56.46 161.18 101.59 119.80 79.31
2023 05 04 18 13 56.32 161.03 101.42 119.82 79.45
2023 05 04 18 14 56.18 160.88 101.24 119.83 79.60
2023 05 04 18 15 56.04 160.73 101.07 119.84 79.74
2023 05 04 18 16 55.90 160.58 100.89 119.86 79.88
2023 05 04 18 17 55.76 160.43 100.72 119.87 80.03
2023 05 04 18 18 55.62 160.27 100.54 119.88 80.17
2023 05 04 18 19 55.48 160.12 100.36 119.90 80.31
2023 05 04 18 20 55.34 159.96 100.19 119.91 80.45
2023 05 04 18 21 55.20 159.80 100.01 119.92 80.60
2023 05 04 18 22 55.06 159.65 99.83 119.93 80.74
2023 05 04 18 23 54.91 159.49 99.64 119.94 80.88
2023 05 04 18 24 54.77 159.33 99.46 119.95 81.02
2023 05 04 18 25 54.63 159.17 99.28 119.96 81.16
2023 05 04 18 26 54.48 159.01 99.09 119.97 81.30
2023 05 04 18 27 54.34 158.85 98.91 119.99 81.44
2023 05 04 18 28 54.19 158.68 98.72 120.00 81.58
2023 05 04 18 29 54.05 158.52 98.54 120.01 81.72
2023 05 04 18 30 53.90 158.35 98.35 120.01 81.86
2023 05 04 18 31 53.75 158.19 98.16 120.02 81.99
2023 05 04 18 32 53.61 158.02 97.97 120.03 82.13
2023 05 04 18 33 53.46 157.86 97.78 120.04 82.27
2023 05 04 18 34 53.31 157.69 97.59 120.05 82.41
2023 05 04 18 35 53.16 157.52 97.39 120.06 82.54
2023 05 04 18 36 53.01 157.35 97.20 120.07 82.68
2023 05 04 18 37 52.86 157.18 97.01 120.07 82.82
2023 05 04 18 38 52.72 157.01 96.81 120.08 82.95
2023 05 04 18 39 52.57 156.84 96.62 120.09 83.09
2023 05 04 18 40 52.42 156.67 96.42 120.10 83.22
2023 05 04 18 41 52.26 156.49 96.22 120.10 83.36
2023 05 04 18 42 52.11 156.32 96.02 120.11 83.49
2023 05 04 18 43 51.96 156.14 95.82 120.12 83.63
2023 05 04 18 44 51.81 155.97 95.62 120.12 83.76
2023 05 04 18 45 51.66 155.79 95.42 120.13 83.89
2023 05 04 18 46 51.50 155.62 95.22 120.13 84.03
2023 05 04 18 47 51.35 155.44 95.01 120.14 84.16
2023 05 04 18 48 51.20 155.26 94.81 120.15 84.29
2023 05 04 18 49 51.04 155.08 94.60 120.15 84.42
2023 05 04 18 50 50.89 154.90 94.40 120.16 84.55
2023 05 04 18 51 50.74 154.73 94.19 120.16 84.69
2023 05 04 18 52 50.58 154.55 93.98 120.16 84.82
2023 05 04 18 53 50.43 154.36 93.77 120.17 84.95
2023 05 04 18 54 50.27 154.18 93.56 120.17 85.08
2023 05 04 18 55 50.12 154.00 93.35 120.18 85.21
2023 05 04 18 56 49.96 153.82 93.14 120.18 85.34
2023 05 04 18 57 49.80 153.64 92.93 120.19 85.47
2023 05 04 18 58 49.65 153.45 92.71 120.19 85.59
2023 05 04 18 59 49.49 153.27 92.50 120.19 85.72
2023 05 04 19 00 49.33 153.08 92.28 120.20 85.85
2023 05 04 19 01 49.18 152.90 92.07 120.20 85.98
2023 05 04 19 02 49.02 152.71 91.85 120.20 86.11
2023 05 04 19 03 48.86 152.53 91.63 120.20 86.23
2023 05 04 19 04 48.70 152.34 91.41 120.21 86.36
2023 05 04 19 05 48.54 152.16 91.19 120.21 86.49
2023 05 04 19 06 48.38 151.97 90.97 120.21 86.61
2023 05 04 19 07 48.23 151.78 90.75 120.21 86.74
2023 05 04 19 08 48.07 151.59 90.53 120.22 86.87
2023 05 04 19 09 47.91 151.41 90.31 120.22 86.99
2023 05 04 19 10 47.75 151.22 90.08 120.22 87.12
2023 05 04 19 11 47.59 151.03 89.86 120.22 87.24
2023 05 04 19 12 47.43 150.84 89.63 120.22 87.36
2023 05 04 19 13 47.27 150.65 89.40 120.23 87.49
2023 05 04 19 14 47.11 150.46 89.18 120.23 87.61
2023 05 04 19 15 46.94 150.27 88.95 120.23 87.74
2023 05 04 19 16 46.78 150.08 88.72 120.23 87.86
2023 05 04 19 17 46.62 149.89 88.49 120.23 87.98
2023 05 04 19 18 46.46 149.70 88.26 120.23 88.10
2023 05 04 19 19 46.30 149.51 88.03 120.23 88.23
2023 05 04 19 20 46.14 149.31 87.79 120.23 88.35
2023 05 04 19 21 45.97 149.12 87.56 120.23 88.47
2023 05 04 19 22 45.81 148.93 87.32 120.24 88.59
2023 05 04 19 23 45.65 148.74 87.09 120.24 88.71
2023 05 04 19 24 45.49 148.55 86.85 120.24 88.83
2023 05 04 19 25 45.32 148.35 86.61 120.24 88.95
2023 05 04 19 26 45.16 148.16 86.38 120.24 89.07
2023 05 04 19 27 45.00 147.97 86.14 120.24 89.19
2023 05 04 19 28 44.83 147.78 85.90 120.24 89.31
2023 05 04 19 29 44.67 147.58 85.66 120.24 89.43
2023 05 04 19 30 44.51 147.39 85.41 120.24 89.55
2023 05 04 19 31 44.34 147.20 85.17 120.24 89.67
2023 05 04 19 32 44.18 147.00 84.93 120.24 89.79
2023 05 04 19 33 44.01 146.81 84.68 120.24 89.91
2023 05 04 19 34 43.85 146.62 84.44 120.24 90.03
2023 05 04 19 35 43.68 146.42 84.19 120.24 90.14
2023 05 04 19 36 43.52 146.23 83.95 120.24 90.26
2023 05 04 19 37 43.35 146.04 83.70 120.23 90.38
2023 05 04 19 38 43.19 145.84 83.45 120.23 90.50
2023 05 04 19 39 43.02 145.65 83.20 120.23 90.61
2023 05 04 19 40 42.86 145.46 82.95 120.23 90.73
2023 05 04 19 41 42.69 145.27 82.70 120.23 90.84
2023 05 04 19 42 42.53 145.07 82.45 120.23 90.96
2023 05 04 19 43 42.36 144.88 82.19 120.23 91.08
2023 05 04 19 44 42.20 144.69 81.94 120.23 91.19
2023 05 04 19 45 42.03 144.50 81.69 120.23 91.31
2023 05 04 19 46 41.86 144.30 81.43 120.23 91.42
2023 05 04 19 47 41.70 144.11 81.18 120.23 91.53
2023 05 04 19 48 41.53 143.92 80.92 120.23 91.65
2023 05 04 19 49 41.36 143.73 80.66 120.23 91.76
2023 05 04 19 50 41.20 143.54 80.40 120.23 91.88
2023 05 04 19 51 41.03 143.34 80.14 120.22 91.99
2023 05 04 19 52 40.86 143.15 79.88 120.22 92.10
2023 05 04 19 53 40.70 142.96 79.62 120.22 92.21
2023 05 04 19 54 40.53 142.77 79.36 120.22 92.33
2023 05 04 19 55 40.36 142.58 79.10 120.22 92.44
2023 05 04 19 56 40.20 142.39 78.84 120.22 92.55
2023 05 04 19 57 40.03 142.20 78.57 120.22 92.66
2023 05 04 19 58 39.86 142.01 78.31 120.22 92.77
2023 05 04 19 59 39.69 141.82 78.04 120.22 92.88
2023 05 04 20 00 39.53 141.64 77.78 120.21 93.00
2023 05 04 20 01 39.36 141.45 77.51 120.21 93.11
2023 05 04 20 02 39.19 141.26 77.24 120.21 93.22
2023 05 04 20 03 39.02 141.07 76.97 120.21 93.33
2023 05 04 20 04 38.85 140.89 76.70 120.21 93.44
2023 05 04 20 05 38.69 140.70 76.43 120.21 93.54
2023 05 04 20 06 38.52 140.51 76.16 120.21 93.65
2023 05 04 20 07 38.35 140.33 75.89 120.21 93.76
2023 05 04 20 08 38.18 140.14 75.62 120.21 93.87
2023 05 04 20 09 38.01 139.96 75.34 120.20 93.98
2023 05 04 20 10 37.84 139.77 75.07 120.20 94.09
2023 05 04 20 11 37.68 139.59 74.79 120.20 94.19
2023 05 04 20 12 37.51 139.41 74.52 120.20 94.30
2023 05 04 20 13 37.34 139.23 74.24 120.20 94.41
2023 05 04 20 14 37.17 139.05 73.96 120.20 94.51
2023 05 04 20 15 37.00 138.86 73.69 120.20 94.62
2023 05 04 20 16 36.83 138.68 73.41 120.20 94.72
2023 05 04 20 17 36.66 138.50 73.13 120.20 94.83
2023 05 04 20 18 36.49 138.33 72.85 120.20 94.93
2023 05 04 20 19 36.33 138.15 72.57 120.19 95.04
2023 05 04 20 20 36.16 137.97 72.29 120.19 95.14
2023 05 04 20 21 35.99 137.79 72.00 120.19 95.25
2023 05 04 20 22 35.82 137.62 71.72 120.19 95.35
2023 05 04 20 23 35.65 137.44 71.44 120.19 95.45
2023 05 04 20 24 35.48 137.27 71.15 120.19 95.55
2023 05 04 20 25 35.31 137.09 70.87 120.19 95.66
2023 05 04 20 26 35.14 136.92 70.58 120.19 95.76
2023 05 04 20 27 34.97 136.75 70.30 120.19 95.86
2023 05 04 20 28 34.80 136.58 70.01 120.19 95.96
2023 05 04 20 29 34.63 136.41 69.72 120.19 96.06
2023 05 04 20 30 34.47 136.24 69.43 120.19 96.16
2023 05 04 20 31 34.30 136.07 69.14 120.18 96.26
2023 05 04 20 32 34.13 135.90 68.85 120.18 96.35
2023 05 04 20 33 33.96 135.73 68.56 120.18 96.45
2023 05 04 20 34 33.79 135.57 68.27 120.18 96.55
2023 05 04 20 35 33.62 135.40 67.98 120.18 96.65
2023 05 04 20 36 33.45 135.24 67.69 120.18 96.74
2023 05 04 20 37 33.28 135.07 67.39 120.18 96.84
2023 05 04 20 38 33.11 134.91 67.10 120.18 96.93
2023 05 04 20 39 32.94 134.75 66.81 120.18 97.03
2023 05 04 20 40 32.77 134.59 66.51 120.18 97.12
2023 05 04 20 41 32.60 134.43 66.21 120.18 97.21
2023 05 04 20 42 32.43 134.27 65.92 120.18 97.31
2023 05 04 20 43 32.26 134.12 65.62 120.18 97.40
2023 05 04 20 44 32.09 133.96 65.32 120.18 97.49
2023 05 04 20 45 31.92 133.81 65.03 120.18 97.58
2023 05 04 20 46 31.75 133.65 64.73 120.18 97.67
2023 05 04 20 47 31.59 133.50 64.43 120.18 97.75
2023 05 04 20 48 31.42 133.35 64.13 120.18 97.84
2023 05 04 20 49 31.25 133.20 63.83 120.18 97.93
2023 05 04 20 50 31.08 133.05 63.52 120.18 98.01
2023 05 04 20 51 30.91 132.90 63.22 120.18 98.10
2023 05 04 20 52 30.74 132.76 62.92 120.18 98.18
2023 05 04 20 53 30.57 132.61 62.62 120.18 98.26
2023 05 04 20 54 30.40 132.47 62.31 120.18 98.34
2023 05 04 20 55 30.23 132.32 62.01 120.18 98.42
2023 05 04 20 56 30.06 132.18 61.70 120.18 98.50
2023 05 04 20 57 29.89 132.04 61.40 120.18 98.58
2023 05 04 20 58 29.72 131.90 61.09 120.18 98.65
2023 05 04 20 59 29.55 131.76 60.79 120.18 98.73
2023 05 04 21 00 29.38 131.63 60.48 120.18 98.80
2023 05 04 21 01 29.22 131.49 60.17 120.18 98.87
2023 05 04 21 02 29.05 131.36 59.86 120.18 98.94
2023 05 04 21 03 28.88 131.23 59.55 120.18 99.01
2023 05 04 21 04 28.71 131.10 59.25 120.18 99.07
2023 05 04 21 05 28.54 130.97 58.94 120.18 99.14
2023 05 04 21 06 28.37 130.84 58.63 120.18 99.20
2023 05 04 21 07 28.20 130.71 58.31 120.18 99.26
2023 05 04 21 08 28.03 130.59 58.00 120.19 99.32
2023 05 04 21 09 27.86 130.46 57.69 120.19 99.38
2023 05 04 21 10 27.69 130.34 57.38 120.19 99.43
2023 05 04 21 11 27.53 130.22 57.07 120.19 99.48
2023 05 04 21 12 27.36 130.10 56.75 120.19 99.53
2023 05 04 21 13 27.19 129.99 56.44 120.19 99.58
2023 05 04 21 14 27.02 129.87 56.13 120.19 99.62
2023 05 04 21 15 26.85 129.75 55.81 120.19 99.67
2023 05 04 21 16 26.68 129.64 55.50 120.19 99.70
2023 05 04 21 17 26.51 129.53 55.18 120.19 99.74
2023 05 04 21 18 26.35 129.42 54.86 120.19 99.77
2023 05 04 21 19 26.18 129.31 54.55 120.19 99.80
2023 05 04 21 20 26.01 129.21 54.23 120.20 99.83
2023 05 04 21 21 25.84 129.10 53.91 120.20 99.85
2023 05 04 21 22 25.67 129.00 53.60 120.20 99.87
2023 05 04 21 23 25.51 128.90 53.28 120.20 99.88
2023 05 04 21 24 25.34 128.80 52.96 120.20 99.90
2023 05 04 21 25 25.17 128.70 52.64 120.20 99.90
2023 05 04 21 26 25.00 128.60 52.32 120.20 99.90
2023 05 04 21 27 24.83 128.51 52.00 120.20 99.90
2023 05 04 21 28 24.67 128.41 51.68 120.20 99.90
2023 05 04 21 29 24.50 128.32 51.36 120.20 99.88
2023 05 04 21 30 24.33 128.23 51.04 120.21 99.87
2023 05 04 21 31 24.16 128.14 50.72 120.21 99.84
2023 05 04 21 32 24.00 128.06 50.40 120.21 99.81
2023 05 04 21 33 23.83 127.97 50.08 120.21 99.78
2023 05 04 21 34 23.66 127.89 49.76 120.21 99.74
2023 05 04 21 35 23.49 127.81 49.44 120.21 99.69
2023 05 04 21 36 23.33 127.73 49.11 120.21 99.64
2023 05 04 21 37 23.16 127.65 48.79 120.21 99.58
2023 05 04 21 38 22.99 127.58 48.47 120.21 99.51
2023 05 04 21 39 22.83 127.50 48.14 120.22 99.44
2023 05 04 21 40 22.66 127.43 47.82 120.22 99.36
2023 05 04 21 41 22.49 127.36 47.50 120.22 99.27
2023 05 04 21 42 22.33 127.29 47.17 120.22 99.17
2023 05 04 21 43 22.16 127.22 46.85 120.22 99.06
2023 05 04 21 44 21.99 127.16 46.52 120.22 98.95
2023 05 04 21 45 21.83 127.10 46.20 120.22 98.83
2023 05 04 21 46 21.66 127.04 45.88 120.22 98.70
2023 05 04 21 47 21.49 126.98 45.55 120.22 98.55
2023 05 04 21 48 21.33 126.92 45.23 120.23 98.40
2023 05 04 21 49 21.16 126.86 44.90 120.23 98.24
2023 05 04 21 50 21.00 126.81 44.58 120.23 98.07
2023 05 04 21 51 20.83 126.76 44.25 120.23 97.89
2023 05 04 21 52 20.67 126.71 43.92 120.23 97.70
2023 05 04 21 53 20.50 126.66 43.60 120.23 97.50
2023 05 04 21 54 20.33 126.62 43.27 120.23 97.29
2023 05 04 21 55 20.17 126.57 42.95 120.23 97.07
2023 05 04 21 56 20.00 126.53 42.62 120.23 96.84
2023 05 04 21 57 19.84 126.49 42.30 120.23 96.59
2023 05 04 21 58 19.67 126.45 41.97 120.23 96.34
2023 05 04 21 59 19.51 126.42 41.64 120.23 96.08
2023 05 04 22 00 19.34 126.38 41.32 120.23 95.81
2023 05 04 22 01 19.18 126.35 40.99 120.23 95.52
2023 05 04 22 02 19.02 126.32 40.67 120.24 95.23
2023 05 04 22 03 18.85 126.29 40.34 120.24 94.92
2023 05 04 22 04 18.69 126.26 40.01 120.24 94.61
2023 05 04 22 05 18.52 126.24 39.69 120.24 94.29
2023 05 04 22 06 18.36 126.22 39.36 120.24 93.96
2023 05 04 22 07 18.20 126.20 39.04 120.24 93.62
2023 05 04 22 08 18.03 126.18 38.71 120.24 93.27
2023 05 04 22 09 17.87 126.16 38.39 120.24 92.91
2023 05 04 22 10 17.70 126.15 38.06 120.24 92.55
2023 05 04 22 11 17.54 126.14 37.74 120.24 92.18
2023 05 04 22 12 17.38 126.13 37.41 120.24 91.80
2023 05 04 22 13 17.22 126.12 37.09 120.24 91.42
2023 05 04 22 14 17.05 126.11 36.76 120.24 91.03
2023 05 04 22 15 16.89 126.11 36.44 120.24 90.64
2023 05 04 22 16 16.73 126.10 36.12 120.24 90.24
2023 05 04 22 17 16.56 126.10 35.79 120.23 89.84
2023 05 04 22 18 16.40 126.10 35.47 120.23 89.43
2023 05 04 22 19 16.24 126.11 35.15 120.23 89.03
2023 05 04 22 20 16.08 126.11 34.83 120.23 88.62
2023 05 04 22 21 15.92 126.12 34.51 120.23 88.21
2023 05 04 22 22 15.75 126.13 34.19 120.23 87.80
2023 05 04 22 23 15.59 126.14 33.86 120.23 87.39
2023 05 04 22 24 15.43 126.15 33.54 120.23 86.98
2023 05 04 22 25 15.27 126.17 33.22 120.23 86.57
2023 05 04 22 26 15.11 126.19 32.91 120.22 86.17
2023 05 04 22 27 14.95 126.21 32.59 120.22 85.76
2023 05 04 22 28 14.79 126.23 32.27 120.22 85.36
2023 05 04 22 29 14.63 126.25 31.95 120.22 84.96
2023 05 04 22 30 14.47 126.28 31.64 120.22 84.56
2023 05 04 22 31 14.31 126.30 31.32 120.22 84.16
2023 05 04 22 32 14.15 126.33 31.01 120.21 83.77
2023 05 04 22 33 13.99 126.36 30.69 120.21 83.38
2023 05 04 22 34 13.83 126.40 30.38 120.21 83.00
2023 05 04 22 35 13.67 126.43 30.07 120.21 82.62
2023 05 04 22 36 13.51 126.47 29.76 120.20 82.24
2023 05 04 22 37 13.35 126.51 29.45 120.20 81.87
2023 05 04 22 38 13.19 126.55 29.14 120.20 81.50
2023 05 04 22 39 13.03 126.59 28.83 120.19 81.14
2023 05 04 22 40 12.87 126.64 28.52 120.19 80.78
2023 05 04 22 41 12.71 126.68 28.22 120.19 80.43
2023 05 04 22 42 12.55 126.73 27.91 120.18 80.08
2023 05 04 22 43 12.40 126.78 27.61 120.18 79.74
2023 05 04 22 44 12.24 126.84 27.31 120.17 79.40
2023 05 04 22 45 12.08 126.89 27.01 120.17 79.07
2023 05 04 22 46 11.92 126.95 26.71 120.17 78.74
2023 05 04 22 47 11.76 127.00 26.41 120.16 78.41
2023 05 04 22 48 11.61 127.06 26.12 120.16 78.10
2023 05 04 22 49 11.45 127.13 25.82 120.15 77.78
2023 05 04 22 50 11.29 127.19 25.53 120.15 77.47
2023 05 04 22 51 11.14 127.26 25.24 120.14 77.17
2023 05 04 22 52 10.98 127.32 24.96 120.13 76.87
2023 05 04 22 53 10.82 127.39 24.67 120.13 76.57
2023 05 04 22 54 10.67 127.46 24.39 120.12 76.28
2023 05 04 22 55 10.51 127.54 24.10 120.12 75.99
2023 05 04 22 56 10.36 127.61 23.83 120.11 75.71
2023 05 04 22 57 10.20 127.69 23.55 120.10 75.43
2023 05 04 22 58 10.05 127.77 23.27 120.10 75.15
2023 05 04 22 59 9.89 0.00 0.00 0.00 0.00
2023 05 04 23 00 9.74 0.00 0.00 0.00 0.00
2023 05 04 23 01 9.58 0.00 0.00 0.00 0.00
2023 05 04 23 02 9.43 0.00 0.00 0.00 0.00
2023 05 04 23 03 9.27 0.00 0.00 0.00 0.00
2023 05 04 23 04 9.12 0.00 0.00 0.00 0.00
2023 05 04 23 05 8.96 0.00 0.00 0.00 0.00
2023 05 04 23 06 8.81 0.00 0.00 0.00 0.00
2023 05 04 23 07 8.66 0.00 0.00 0.00 0.00
2023 05 04 23 08 8.50 0.00 0.00 0.00 0.00
2023 05 04 23 09 8.35 0.00 0.00 0.00 0.00
2023 05 04 23 10 8.20 0.00 0.00 0.00 0.00
2023 05 04 23 11 8.04 0.00 0.00 0.00 0.00
2023 05 04 23 12 7.89 0.00 0.00 0.00 0.00
2023 05 04 23 13 7.74 0.00 0.00 0.00 0.00
2023 05 04 23 14 7.59 0.00 0.00 0.00 0.00
2023 05 04 23 15 7.44 0.00 0.00 0.00 0.00
2023 05 04 23 16 7.29 0.00 0.00 0.00 0.00
2023 05 04 23 17 7.13 0.00 0.00 0.00 0.00
2023 05 04 23 18 6.98 0.00 0.00 0.00 0.00
2023 05 04 23 19 6.83 0.00 0.00 0.00 0.00
2023 05 04 23 20 6.68 0.00 0.00 0.00 0.00
2023 05 04 23 21 6.53 0.00 0.00 0.00 0.00
2023 05 04 23 22 6.38 0.00 0.00 0.00 0.00
2023 05 04 23 23 6.23 0.00 0.00 0.00 0.00
2023 05 04 23 24 6.08 0.00 0.00 0.00 0.00
2023 05 04 23 25 5.93 0.00 0.00 0.00 0.00
2023 05 04 23 26 5.78 0.00 0.00 0.00 0.00
2023 05 04 23 27 5.64 0.00 0.00 0.00 0.00
2023 05 04 23 28 5.49 0.00 0.00 0.00 0.00
2023 05 04 23 29 5.34 0.00 0.00 0.00 0.00
2023 05 04 23 30 5.19 0.00 0.00 0.00 0.00
2023 05 04 23 31 5.04 0.00 0.00 0.00 0.00
2023 05 04 23 32 4.90 0.00 0.00 0.00 0.00
2023 05 04 23 33 4.75 0.00 0.00 0.00 0.00
2023 05 04 23 34 4.60 0.00 0.00 0.00 0.00
2023 05 04 23 35 4.45 0.00 0.00 0.00 0.00
2023 05 04 23 36 4.31 0.00 0.00 0.00 0.00
2023 05 04 23 37 4.16 0.00 0.00 0.00 0.00
2023 05 04 23 38 4.02 0.00 0.00 0.00 0.00
2023 05 04 23 39 3.87 0.00 0.00 0.00 0.00
2023 05 04 23 40 3.72 0.00 0.00 0.00 0.00
2023 05 04 23 41 3.58 0.00 0.00 0.00 0.00
2023 05 04 23 42 3.43 0.00 0.00 0.00 0.00
2023 05 04 23 43 3.29 0.00 0.00 0.00 0.00
2023 05 04 23 44 3.15 0.00 0.00 0.00 0.00
2023 05 04 23 45 3.00 0.00 0.00 0.00 0.00
2023 05 04 23 46 2.86 0.00 0.00 0.00 0.00
2023 05 04 23 47 2.71 0.00 0.00 0.00 0.00
2023 05 04 23 48 2.57 0.00 0.00 0.00 0.00
2023 05 04 23 49 2.43 0.00 0.00 0.00 0.00
2023 05 04 23 50 2.29 0.00 0.00 0.00 0.00
2023 05 04 23 51 2.14 0.00 0.00 0.00 0.00
2023 05 04 23 52 2.00 0.00 0.00 0.00 0.00
2023 05 04 23 53 1.86 0.00 0.00 0.00 0.00
2023 05 04 23 54 1.72 0.00 0.00 0.00 0.00
2023 05 04 23 55 1.58 0.00 0.00 0.00 0.00
2023 05 04 23 56 1.44 0.00 0.00 0.00 0.00
2023 05 04 23 57 1.30 0.00 0.00 0.00 0.00
2023 05 04 23 58 1.16 0.00 0.00 0.00 0.00
2023 05 04 23 59 1.02 0.00 0.00 0.00 0.00
2023 05 05 00 00 0.88 0.00 0.00 0.00 0.00
2023 05 05 00 01 0.74 0.00 0.00 0.00 0.00
2023 05 05 00 02 0.60 0.00 0.00 0.00 0.00
2023 05 05 00 03 0.46 0.00 0.00 0.00 0.00
2023 05 05 00 04 0.32 0.00 0.00 0.00 0.00
2023 05 05 00 05 0.18 0.00 0.00 0.00 0.00
2023 05 05 00 06 0.05 0.00 0.00 0.00 0.00
2023 05 05 00 07 -0.09 0.00 0.00 0.00 0.00
2023 05 05 00 08 -0.23 0.00 0.00 0.00 0.00
2023 05 05 00 09 -0.37 0.00 0.00 0.00 0.00
2023 05 05 00 10 -0.50 0.00 0.00 0.00 0.00
2023 05 05 00 11 -0.64 0.00 0.00 0.00 0.00
2023 05 05 00 12 -0.77 0.00 0.00 0.00 0.00
2023 05 05 00 13 -0.91 0.00 0.00 0.00 0.00
2023 05 05 00 14 -1.04 0.00 0.00 0.00 0.00
2023 05 05 00 15 -1.18 0.00 0.00 0.00 0.00
2023 05 05 00 16 -1.31 0.00 0.00 0.00 0.00
2023 05 05 00 17 -1.45 0.00 0.00 0.00 0.00
2023 05 05 00 18 -1.58 0.00 0.00 0.00 0.00
2023 05 05 00 19 -1.72 0.00 0.00 0.00 0.00
2023 05 05 00 20 -1.85 0.00 0.00 0.00 0.00
2023 05 05 00 21 -1.98 0.00 0.00 0.00 0.00
2023 05 05 00 22 -2.11 0.00 0.00 0.00 0.00
2023 05 05 00 23 -2.25 0.00 0.00 0.00 0.00
2023 05 05 00 24 -2.38 0.00 0.00 0.00 0.00
2023 05 05 00 25 -2.51 0.00 0.00 0.00 0.00
2023 05 05 00 26 -2.64 0.00 0.00 0.00 0.00
2023 05 05 00 27 -2.77 0.00 0.00 0.00 0.00
2023 05 05 00 28 -2.90 0.00 0.00 0.00 0.00
2023 05 05 00 29 -3.03 0.00 0.00 0.00 0.00
2023 05 05 00 30 -3.16 0.00 0.00 0.00 0.00
2023 05 05 00 31 -3.29 0.00 0.00 0.00 0.00
2023 05 05 00 32 -3.42 0.00 0.00 0.00 0.00
2023 05 05 00 33 -3.55 0.00 0.00 0.00 0.00
2023 05 05 00 34 -3.67 0.00 0.00 0.00 0.00
2023 05 05 00 35 -3.80 0.00 0.00 0.00 0.00
2023 05 05 00 36 -3.93 0.00 0.00 0.00 0.00
2023 05 05 00 37 -4.06 0.00 0.00 0.00 0.00
2023 05 05 00 38 -4.18 0.00 0.00 0.00 0.00
2023 05 05 00 39 -4.31 0.00 0.00 0.00 0.00
2023 05 05 00 40 -4.44 0.00 0.00 0.00 0.00
2023 05 05 00 41 -4.56 0.00 0.00 0.00 0.00
2023 05 05 00 42 -4.69 0.00 0.00 0.00 0.00
2023 05 05 00 43 -4.81 0.00 0.00 0.00 0.00
2023 05 05 00 44 -4.93 0.00 0.00 0.00 0.00
2023 05 05 00 45 -5.06 0.00 0.00 0.00 0.00
2023 05 05 00 46 -5.18 0.00 0.00 0.00 0.00
2023 05 05 00 47 -5.30 0.00 0.00 0.00 0.00
2023 05 05 00 48 -5.43 0.00 0.00 0.00 0.00
2023 05 05 00 49 -5.55 0.00 0.00 0.00 0.00
2023 05 05 00 50 -5.67 0.00 0.00 0.00 0.00
2023 05 05 00 51 -5.79 0.00 0.00 0.00 0.00
2023 05 05 00 52 -5.91 0.00 0.00 0.00 0.00
2023 05 05 00 53 -6.04 0.00 0.00 0.00 0.00
2023 05 05 00 54 -6.16 0.00 0.00 0.00 0.00
2023 05 05 00 55 -6.28 0.00 0.00 0.00 0.00
2023 05 05 00 56 -6.39 0.00 0.00 0.00 0.00
2023 05 05 00 57 -6.51 0.00 0.00 0.00 0.00
2023 05 05 00 58 -6.63 0.00 0.00 0.00 0.00
2023 05 05 00 59 -6.75 0.00 0.00 0.00 0.00
2023 05 05 01 00 -6.87 0.00 0.00 0.00 0.00
2023 05 05 01 01 -6.99 0.00 0.00 0.00 0.00
2023 05 05 01 02 -7.10 0.00 0.00 0.00 0.00
2023 05 05 01 03 -7.22 0.00 0.00 0.00 0.00
2023 05 05 01 04 -7.33 0.00 0.00 0.00 0.00
2023 05 05 01 05 -7.45 0.00 0.00 0.00 0.00
2023 05 05 01 06 -7.57 0.00 0.00 0.00 0.00
2023 05 05 01 07 -7.68 0.00 0.00 0.00 0.00
2023 05 05 01 08 -7.79 0.00 0.00 0.00 0.00
2023 05 05 01 09 -7.91 0.00 0.00 0.00 0.00
2023 05 05 01 10 -8.02 0.00 0.00 0.00 0.00
2023 05 05 01 11 -8.14 0.00 0.00 0.00 0.00
2023 05 05 01 12 -8.25 0.00 0.00 0.00 0.00
2023 05 05 01 13 -8.36 0.00 0.00 0.00 0.00
2023 05 05 01 14 -8.47 0.00 0.00 0.00 0.00
2023 05 05 01 15 -8.58 0.00 0.00 0.00 0.00
2023 05 05 01 16 -8.69 0.00 0.00 0.00 0.00
2023 05 05 01 17 -8.80 0.00 0.00 0.00 0.00
2023 05 05 01 18 -8.91 0.00 0.00 0.00 0.00
2023 05 05 01 19 -9.02 0.00 0.00 0.00 0.00
2023 05 05 01 20 -9.13 0.00 0.00 0.00 0.00
2023 05 05 01 21 -9.24 0.00 0.00 0.00 0.00
2023 05 05 01 22 -9.35 0.00 0.00 0.00 0.00
2023 05 05 01 23 -9.46 0.00 0.00 0.00 0.00
2023 05 05 01 24 -9.56 0.00 0.00 0.00 0.00
2023 05 05 01 25 -9.67 0.00 0.00 0.00 0.00
2023 05 05 01 26 -9.77 0.00 0.00 0.00 0.00
2023 05 05 01 27 -9.88 0.00 0.00 0.00 0.00
2023 05 05 01 28 -9.99 0.00 0.00 0.00 0.00
2023 05 05 01 29 -10.09 0.00 0.00 0.00 0.00
2023 05 05 01 30 -10.19 0.00 0.00 0.00 0.00
2023 05 05 01 31 -10.30 0.00 0.00 0.00 0.00
2023 05 05 01 32 -10.40 0.00 0.00 0.00 0.00
2023 05 05 01 33 -10.50 0.00 0.00 0.00 0.00
2023 05 05 01 34 -10.61 0.00 0.00 0.00 0.00
2023 05 05 01 35 -10.71 0.00 0.00 0.00 0.00
2023 05 05 01 36 -10.81 0.00 0.00 0.00 0.00
2023 05 05 01 37 -10.91 0.00 0.00 0.00 0.00
2023 05 05 01 38 -11.01 0.00 0.00 0.00 0.00
2023 05 05 01 39 -11.11 0.00 0.00 0.00 0.00
2023 05 05 01 40 -11.21 0.00 0.00 0.00 0.00
2023 05 05 01 41 -11.31 0.00 0.00 0.00 0.00
2023 05 05 01 42 -11.40 0.00 0.00 0.00 0.00
2023 05 05 01 43 -11.50 0.00 0.00 0.00 0.00
2023 05 05 01 44 -11.60 0.00 0.00 0.00 0.00
2023 05 05 01 45 -11.70 0.00 0.00 0.00 0.00
2023 05 05 01 46 -11.79 0.00 0.00 0.00 0.00
2023 05 05 01 47 -11.89 0.00 0.00 0.00 0.00
2023 05 05 01 48 -11.98 0.00 0.00 0.00 0.00
2023 05 05 01 49 -12.08 0.00 0.00 0.00 0.00
2023 05 05 01 50 -12.17 0.00 0.00 0.00 0.00
2023 05 05 01 51 -12.26 0.00 0.00 0.00 0.00
2023 05 05 01 52 -12.36 0.00 0.00 0.00 0.00
2023 05 05 01 53 -12.45 0.00 0.00 0.00 0.00
2023 05 05 01 54 -12.54 0.00 0.00 0.00 0.00
2023 05 05 01 55 -12.63 0.00 0.00 0.00 0.00
2023 05 05 01 56 -12.72 0.00 0.00 0.00 0.00
2023 05 05 01 57 -12.81 0.00 0.00 0.00 0.00
2023 05 05 01 58 -12.90 0.00 0.00 0.00 0.00
2023 05 05 01 59 -12.99 0.00 0.00 0.00 0.00
2023 05 05 02 00 -13.08 0.00 0.00 0.00 0.00
2023 05 05 02 01 -13.17 0.00 0.00 0.00 0.00
2023 05 05 02 02 -13.26 0.00 0.00 0.00 0.00
2023 05 05 02 03 -13.34 0.00 0.00 0.00 0.00
2023 05 05 02 04 -13.43 0.00 0.00 0.00 0.00
2023 05 05 02 05 -13.52 0.00 0.00 0.00 0.00
2023 05 05 02 06 -13.60 0.00 0.00 0.00 0.00
2023 05 05 02 07 -13.69 0.00 0.00 0.00 0.00
2023 05 05 02 08 -13.77 0.00 0.00 0.00 0.00
2023 05 05 02 09 -13.85 0.00 0.00 0.00 0.00
2023 05 05 02 10 -13.94 0.00 0.00 0.00 0.00
2023 05 05 02 11 -14.02 0.00 0.00 0.00 0.00
2023 05 05 02 12 -14.10 0.00 0.00 0.00 0.00
2023 05 05 02 13 -14.18 0.00 0.00 0.00 0.00
2023 05 05 02 14 -14.26 0.00 0.00 0.00 0.00
2023 05 05 02 15 -14.34 0.00 0.00 0.00 0.00
2023 05 05 02 16 -14.42 0.00 0.00 0.00 0.00
2023 05 05 02 17 -14.50 0.00 0.00 0.00 0.00
2023 05 05 02 18 -14.58 0.00 0.00 0.00 0.00
2023 05 05 02 19 -14.66 0.00 0.00 0.00 0.00
2023 05 05 02 20 -14.73 0.00 0.00 0.00 0.00
2023 05 05 02 21 -14.81 0.00 0.00 0.00 0.00
2023 05 05 02 22 -14.89 0.00 0.00 0.00 0.00
2023 05 05 02 23 -14.96 0.00 0.00 0.00 0.00
2023 05 05 02 24 -15.04 0.00 0.00 0.00 0.00
2023 05 05 02 25 -15.11 0.00 0.00 0.00 0.00
2023 05 05 02 26 -15.18 0.00 0.00 0.00 0.00
2023 05 05 02 27 -15.26 0.00 0.00 0.00 0.00
2023 05 05 02 28 -15.33 0.00 0.00 0.00 0.00
2023 05 05 02 29 -15.40 0.00 0.00 0.00 0.00
2023 05 05 02 30 -15.47 0.00 0.00 0.00 0.00
2023 05 05 02 31 -15.54 0.00 0.00 0.00 0.00
2023 05 05 02 32 -15.61 0.00 0.00 0.00 0.00
2023 05 05 02 33 -15.68 0.00 0.00 0.00 0.00
2023 05 05 02 34 -15.75 0.00 0.00 0.00 0.00
2023 05 05 02 35 -15.82 0.00 0.00 0.00 0.00
2023 05 05 02 36 -15.89 0.00 0.00 0.00 0.00
2023 05 05 02 37 -15.95 0.00 0.00 0.00 0.00
2023 05 05 02 38 -16.02 0.00 0.00 0.00 0.00
2023 05 05 02 39 -16.08 0.00 0.00 0.00 0.00
2023 05 05 02 40 -16.15 0.00 0.00 0.00 0.00
2023 05 05 02 41 -16.21 0.00 0.00 0.00 0.00
2023 05 05 02 42 -16.28 0.00 0.00 0.00 0.00
2023 05 05 02 43 -16.34 0.00 0.00 0.00 0.00
2023 05 05 02 44 -16.40 0.00 0.00 0.00 0.00
2023 05 05 02 45 -16.46 0.00 0.00 0.00 0.00
2023 05 05 02 46 -16.53 0.00 0.00 0.00 0.00
2023 05 05 02 47 -16.59 0.00 0.00 0.00 0.00
2023 05 05 02 48 -16.65 0.00 0.00 0.00 0.00
2023 05 05 02 49 -16.71 0.00 0.00 0.00 0.00
2023 05 05 02 50 -16.76 0.00 0.00 0.00 0.00
2023 05 05 02 51 -16.82 0.00 0.00 0.00 0.00
2023 05 05 02 52 -16.88 0.00 0.00 0.00 0.00
2023 05 05 02 53 -16.94 0.00 0.00 0.00 0.00
2023 05 05 02 54 -16.99 0.00 0.00 0.00 0.00
2023 05 05 02 55 -17.05 0.00 0.00 0.00 0.00
2023 05 05 02 56 -17.10 0.00 0.00 0.00 0.00
2023 05 05 02 57 -17.16 0.00 0.00 0.00 0.00
2023 05 05 02 58 -17.21 0.00 0.00 0.00 0.00
2023 05 05 02 59 -17.26 0.00 0.00 0.00 0.00
2023 05 05 03 00 -17.31 0.00 0.00 0.00 0.00
2023 05 05 03 01 -17.37 0.00 0.00 0.00 0.00
2023 05 05 03 02 -17.42 0.00 0.00 0.00 0.00
2023 05 05 03 03 -17.47 0.00 0.00 0.00 0.00
2023 05 05 03 04 -17.52 0.00 0.00 0.00 0.00
2023 05 05 03 05 -17.56 0.00 0.00 0.00 0.00
2023 05 05 03 06 -17.61 0.00 0.00 0.00 0.00
2023 05 05 03 07 -17.66 0.00 0.00 0.00 0.00
2023 05 05 03 08 -17.71 0.00 0.00 0.00 0.00
2023 05 05 03 09 -17.75 0.00 0.00 0.00 0.00
2023 05 05 03 10 -17.80 0.00 0.00 0.00 0.00
2023 05 05 03 11 -17.84 0.00 0.00 0.00 0.00
2023 05 05 03 12 -17.89 0.00 0.00 0.00 0.00
2023 05 05 03 13 -17.93 0.00 0.00 0.00 0.00
2023 05 05 03 14 -17.97 0.00 0.00 0.00 0.00
2023 05 05 03 15 -18.01 0.00 0.00 0.00 0.00
2023 05 05 03 16 -18.06 0.00 0.00 0.00 0.00
2023 05 05 03 17 -18.10 0.00 0.00 0.00 0.00
2023 05 05 03 18 -18.14 0.00 0.00 0.00 0.00
2023 05 05 03 19 -18.18 0.00 0.00 0.00 0.00
2023 05 05 03 20 -18.21 0.00 0.00 0.00 0.00
2023 05 05 03 21 -18.25 0.00 0.00 0.00 0.00
2023 05 05 03 22 -18.29 0.00 0.00 0.00 0.00
2023 05 05 03 23 -18.33 0.00 0.00 0.00 0.00
2023 05 05 03 24 -18.36 0.00 0.00 0.00 0.00
2023 05 05 03 25 -18.40 0.00 0.00 0.00 0.00
2023 05 05 03 26 -18.43 0.00 0.00 0.00 0.00
2023 05 05 03 27 -18.46 0.00 0.00 0.00 0.00
2023 05 05 03 28 -18.50 0.00 0.00 0.00 0.00
2023 05 05 03 29 -18.53 0.00 0.00 0.00 0.00
2023 05 05 03 30 -18.56 0.00 0.00 0.00 0.00
2023 05 05 03 31 -18.59 0.00 0.00 0.00 0.00
2023 05 05 03 32 -18.62 0.00 0.00 0.00 0.00
2023 05 05 03 33 -18.65 0.00 0.00 0.00 0.00
2023 05 05 03 34 -18.68 0.00 0.00 0.00 0.00
2023 05 05 03 35 -18.71 0.00 0.00 0.00 0.00
2023 05 05 03 36 -18.74 0.00 0.00 0.00 0.00
2023 05 05 03 37 -18.76 0.00 0.00 0.00 0.00
2023 05 05 03 38 -18.79 0.00 0.00 0.00 0.00
2023 05 05 03 39 -18.81 0.00 0.00 0.00 0.00
2023 05 05 03 40 -18.84 0.00 0.00 0.00 0.00
2023 05 05 03 41 -18.86 0.00 0.00 0.00 0.00
2023 05 05 03 42 -18.89 0.00 0.00 0.00 0.00
2023 05 05 03 43 -18.91 0.00 0.00 0.00 0.00
2023 05 05 03 44 -18.93 0.00 0.00 0.00 0.00
2023 05 05 03 45 -18.95 0.00 0.00 0.00 0.00
2023 05 05 03 46 -18.97 0.00 0.00 0.00 0.00
2023 05 05 03 47 -18.99 0.00 0.00 0.00 0.00
2023 05 05 03 48 -19.01 0.00 0.00 0.00 0.00
2023 05 05 03 49 -19.03 0.00 0.00 0.00 0.00
2023 05 05 03 50 -19.04 0.00 0.00 0.00 0.00
2023 05 05 03 51 -19.06 0.00 0.00 0.00 0.00
2023 05 05 03 52 -19.08 0.00 0.00 0.00 0.00
2023 05 05 03 53 -19.09 0.00 0.00 0.00 0.00
2023 05 05 03 54 -19.11 0.00 0.00 0.00 0.00
2023 05 05 03 55 -19.12 0.00 0.00 0.00 0.00
2023 05 05 03 56 -19.13 0.00 0.00 0.00 0.00
2023 05 05 03 57 -19.15 0.00 0.00 0.00 0.00
2023 05 05 03 58 -19.16 0.00 0.00 0.00 0.00
2023 05 05 03 59 -19.17 0.00 0.00 0.00 0.00
2023 05 05 04 00 -19.18 0.00 0.00 0.00 0.00
2023 05 05 04 01 -19.19 0.00 0.00 0.00 0.00
2023 05 05 04 02 -19.20 0.00 0.00 0.00 0.00
2023 05 05 04 03 -19.21 0.00 0.00 0.00 0.00
2023 05 05 04 04 -19.21 0.00 0.00 0.00 0.00
2023 05 05 04 05 -19.22 0.00 0.00 0.00 0.00
2023 05 05 04 06 -19.23 0.00 0.00 0.00 0.00
2023 05 05 04 07 -19.23 0.00 0.00 0.00 0.00
2023 05 05 04 08 -19.24 0.00 0.00 0.00 0.00
2023 05 05 04 09 -19.24 0.00 0.00 0.00 0.00
2023 05 05 04 10 -19.24 0.00 0.00 0.00 0.00
2023 05 05 04 11 -19.25 0.00 0.00 0.00 0.00
2023 05 05 04 12 -19.25 0.00 0.00 0.00 0.00
2023 05 05 04 13 -19.25 0.00 0.00 0.00 0.00
2023 05 05 04 14 -19.25 0.00 0.00 0.00 0.00
2023 05 05 04 15 -19.25 0.00 0.00 0.00 0.00
2023 05 05 04 16 -19.25 0.00 0.00 0.00 0.00
2023 05 05 04 17 -19.24 0.00 0.00 0.00 0.00
2023 05 05 04 18 -19.24 0.00 0.00 0.00 0.00
2023 05 05 04 19 -19.24 0.00 0.00 0.00 0.00
2023 05 05 04 20 -19.23 0.00 0.00 0.00 0.00
2023 05 05 04 21 -19.23 0.00 0.00 0.00 0.00
2023 05 05 04 22 -19.22 0.00 0.00 0.00 0.00
2023 05 05 04 23 -19.22 0.00 0.00 0.00 0.00
2023 05 05 04 24 -19.21 0.00 0.00 0.00 0.00
2023 05 05 04 25 -19.20 0.00 0.00 0.00 0.00
2023 05 05 04 26 -19.19 0.00 0.00 0.00 0.00
2023 05 05 04 27 -19.19 0.00 0.00 0.00 0.00
2023 05 05 04 28 -19.18 0.00 0.00 0.00 0.00
2023 05 05 04 29 -19.16 0.00 0.00 0.00 0.00
2023 05 05 04 30 -19.15 0.00 0.00 0.00 0.00
2023 05 05 04 31 -19.14 0.00 0.00 0.00 0.00
2023 05 05 04 32 -19.13 0.00 0.00 0.00 0.00
2023 05 05 04 33 -19.12 0.00 0.00 0.00 0.00
2023 05 05 04 34 -19.10 0.00 0.00 0.00 0.00
2023 05 05 04 35 -19.09 0.00 0.00 0.00 0.00
2023 05 05 04 36 -19.07 0.00 0.00 0.00 0.00
2023 05 05 04 37 -19.05 0.00 0.00 0.00 0.00
2023 05 05 04 38 -19.04 0.00 0.00 0.00 0.00
2023 05 05 04 39 -19.02 0.00 0.00 0.00 0.00
2023 05 05 04 40 -19.00 0.00 0.00 0.00 0.00
2023 05 05 04 41 -18.98 0.00 0.00 0.00 0.00
2023 05 05 04 42 -18.96 0.00 0.00 0.00 0.00
2023 05 05 04 43 -18.94 0.00 0.00 0.00 0.00
2023 05 05 04 44 -18.92 0.00 0.00 0.00 0.00
2023 05 05 04 45 -18.90 0.00 0.00 0.00 0.00
2023 05 05 04 46 -18.87 0.00 0.00 0.00 0.00
2023 05 05 04 47 -18.85 0.00 0.00 0.00 0.00
2023 05 05 04 48 -18.83 0.00 0.00 0.00 0.00
2023 05 05 04 49 -18.80 0.00 0.00 0.00 0.00
2023 05 05 04 50 -18.78 0.00 0.00 0.00 0.00
2023 05 05 04 51 -18.75 0.00 0.00 0.00 0.00
2023 05 05 04 52 -18.72 0.00 0.00 0.00 0.00
2023 05 05 04 53 -18.70 0.00 0.00 0.00 0.00
2023 05 05 04 54 -18.67 0.00 0.00 0.00 0.00
2023 05 05 04 55 -18.64 0.00 0.00 0.00 0.00
2023 05 05 04 56 -18.61 0.00 0.00 0.00 0.00
2023 05 05 04 57 -18.58 0.00 0.00 0.00 0.00
2023 05 05 04 58 -18.55 0.00 0.00 0.00 0.00
2023 05 05 04 59 -18.51 0.00 0.00 0.00 0.00
