# Time, baseline, baseline error
4.505448683174690814e+04 1.202025581395348723e+02 1.484821345960961603e-01
4.505451506610975775e+04 1.198755813953488598e+02 3.336350079187809792e-01
4.505454132737232430e+04 1.179085330948121566e+02 8.140455270458163417e-01
4.505456745689270610e+04 1.142070304114490114e+02 1.335778648713769279e+00
4.505459378595235466e+04 1.086540429338103735e+02 1.861334692886748909e+00
4.505462004404192703e+04 1.013249373881932058e+02 2.379599330688438208e+00
4.505553323437047220e+04 1.184583396946564875e+02 6.606116405039899053e-01
4.505555751182328822e+04 1.154206870229007649e+02 1.100064322088648572e+00
4.505558177872616216e+04 1.108335305343511550e+02 1.551247447120357892e+00
4.505560604810326186e+04 1.046901335877862635e+02 1.994033892731115865e+00
4.505563045303791296e+04 9.703704198473283782e+01 2.411358979498547939e+00
4.505565474144506152e+04 8.808604961832061520e+01 2.755830364434288082e+00
