1.000000000000000000e+01 1.841526773722046428e+00 2.953676210143808767e+00 3.825076989561762453e+00 3.461769127359025422e+00
9.000000000000000000e+00 2.023328314432091268e+00 3.159523643033141926e+00 4.210483841958567730e+00 3.831154858049660383e+00
8.000000000000000000e+00 5.565760768923599500e+00 6.787117414804134441e+00 8.286919562583516807e+00 7.642121199002056109e+00
7.000000000000000000e+00 2.364172479546018835e+00 3.567875633604698837e+00 5.073057664693481073e+00 4.501628978937294967e+00
6.000000000000000000e+00 2.625013652405550069e+00 3.799285491618556776e+00 5.338890579878588838e+00 4.754669244656603233e+00
5.000000000000000000e+00 3.168794226556049587e+00 4.450816332386505536e+00 6.089472662382668489e+00 5.388094038482254433e+00
4.000000000000000000e+00 4.029671928780868662e+00 5.417574300518730901e+00 7.246040981369299416e+00 6.687668612783873812e+00
3.000000000000000000e+00 5.341197392291991086e+00 6.891891464882028195e+00 9.564168165129663279e+00 8.725849115817785773e+00
2.000000000000000000e+00 9.403847971675968864e+00 1.171042146318178645e+01 1.575117883038050159e+01 1.439090236690335622e+01
1.000000000000000000e+00 2.932682878904254409e+01 3.644852593376374728e+01 4.431179474174815880e+01 3.968450535731568607e+01
