2022 04 23 17 00 30.27 0.00 0.00
2022 04 23 17 01 30.39 0.00 0.00
2022 04 23 17 02 30.52 0.00 0.00
2022 04 23 17 03 30.64 0.00 0.00
2022 04 23 17 04 30.77 0.00 0.00
2022 04 23 17 05 30.89 0.00 0.00
2022 04 23 17 06 31.02 0.00 0.00
2022 04 23 17 07 31.14 0.00 0.00
2022 04 23 17 08 31.27 0.00 0.00
2022 04 23 17 09 31.39 0.00 0.00
2022 04 23 17 10 31.52 0.00 0.00
2022 04 23 17 11 31.64 0.00 0.00
2022 04 23 17 12 31.76 0.00 0.00
2022 04 23 17 13 31.89 0.00 0.00
2022 04 23 17 14 32.01 0.00 0.00
2022 04 23 17 15 32.14 67.25 0.00
2022 04 23 17 16 32.26 67.47 0.00
2022 04 23 17 17 32.38 67.68 0.00
2022 04 23 17 18 32.51 67.89 0.00
2022 04 23 17 19 32.63 68.10 0.00
2022 04 23 17 20 32.76 68.31 0.00
2022 04 23 17 21 32.88 68.53 0.00
2022 04 23 17 22 33.00 68.74 0.00
2022 04 23 17 23 33.13 68.95 0.00
2022 04 23 17 24 33.25 69.16 0.00
2022 04 23 17 25 33.37 69.37 0.00
2022 04 23 17 26 33.50 69.58 0.00
2022 04 23 17 27 33.62 69.79 0.00
2022 04 23 17 28 33.74 70.01 0.00
2022 04 23 17 29 33.87 70.22 0.00
2022 04 23 17 30 33.99 70.43 0.00
2022 04 23 17 31 34.11 70.64 0.00
2022 04 23 17 32 34.23 70.85 0.00
2022 04 23 17 33 34.36 71.06 0.00
2022 04 23 17 34 34.48 71.27 0.00
2022 04 23 17 35 34.60 71.48 0.00
2022 04 23 17 36 34.72 71.69 0.00
2022 04 23 17 37 34.84 71.90 0.00
2022 04 23 17 38 34.97 72.10 0.00
2022 04 23 17 39 35.09 72.31 0.00
2022 04 23 17 40 35.21 72.52 0.00
2022 04 23 17 41 35.33 72.73 0.00
2022 04 23 17 42 35.45 72.94 0.00
2022 04 23 17 43 35.57 73.15 0.00
2022 04 23 17 44 35.69 73.35 0.00
2022 04 23 17 45 35.82 73.56 0.00
2022 04 23 17 46 35.94 73.77 0.00
2022 04 23 17 47 36.06 73.98 0.00
2022 04 23 17 48 36.18 74.18 0.00
2022 04 23 17 49 36.30 74.39 0.00
2022 04 23 17 50 36.42 74.59 0.00
2022 04 23 17 51 36.54 74.80 0.00
2022 04 23 17 52 36.66 75.01 0.00
2022 04 23 17 53 36.78 75.21 0.00
2022 04 23 17 54 36.90 75.42 0.00
2022 04 23 17 55 37.02 75.62 0.00
2022 04 23 17 56 37.13 75.82 0.00
2022 04 23 17 57 37.25 76.03 0.00
2022 04 23 17 58 37.37 76.23 0.00
2022 04 23 17 59 37.49 76.43 0.00
2022 04 23 18 00 37.61 76.64 0.00
2022 04 23 18 01 37.73 76.84 0.00
2022 04 23 18 02 37.85 77.04 0.00
2022 04 23 18 03 37.96 77.24 0.00
2022 04 23 18 04 38.08 77.45 0.00
2022 04 23 18 05 38.20 77.65 0.00
2022 04 23 18 06 38.32 77.85 0.00
2022 04 23 18 07 38.43 78.05 0.00
2022 04 23 18 08 38.55 78.25 0.00
2022 04 23 18 09 38.67 78.45 0.00
2022 04 23 18 10 38.78 78.65 0.00
2022 04 23 18 11 38.90 78.85 0.00
2022 04 23 18 12 39.02 79.05 0.00
2022 04 23 18 13 39.13 79.24 0.00
2022 04 23 18 14 39.25 79.44 0.00
2022 04 23 18 15 39.36 79.64 0.00
2022 04 23 18 16 39.48 79.84 0.00
2022 04 23 18 17 39.59 80.03 0.00
2022 04 23 18 18 39.71 80.23 0.00
2022 04 23 18 19 39.82 80.43 0.00
2022 04 23 18 20 39.94 80.62 0.00
2022 04 23 18 21 40.05 80.82 0.00
2022 04 23 18 22 40.16 81.01 0.00
2022 04 23 18 23 40.28 81.21 0.00
2022 04 23 18 24 40.39 81.40 0.00
2022 04 23 18 25 40.50 81.59 0.00
2022 04 23 18 26 40.62 81.79 0.00
2022 04 23 18 27 40.73 81.98 0.00
2022 04 23 18 28 40.84 82.17 0.00
2022 04 23 18 29 40.95 82.36 0.00
2022 04 23 18 30 41.06 82.55 0.00
2022 04 23 18 31 41.18 82.74 0.00
2022 04 23 18 32 41.29 82.94 0.00
2022 04 23 18 33 41.40 83.13 0.00
2022 04 23 18 34 41.51 83.31 0.00
2022 04 23 18 35 41.62 83.50 0.00
2022 04 23 18 36 41.73 83.69 0.00
2022 04 23 18 37 41.84 83.88 0.00
2022 04 23 18 38 41.95 84.07 0.00
2022 04 23 18 39 42.06 84.26 0.00
2022 04 23 18 40 42.17 84.44 0.00
2022 04 23 18 41 42.27 84.63 0.00
2022 04 23 18 42 42.38 84.81 0.00
2022 04 23 18 43 42.49 85.00 0.00
2022 04 23 18 44 42.60 85.18 0.00
2022 04 23 18 45 42.71 85.37 0.00
2022 04 23 18 46 42.81 85.55 0.00
2022 04 23 18 47 42.92 85.74 0.00
2022 04 23 18 48 43.03 85.92 0.00
2022 04 23 18 49 43.13 86.10 0.00
2022 04 23 18 50 43.24 86.28 0.00
2022 04 23 18 51 43.34 86.46 0.00
2022 04 23 18 52 43.45 86.65 0.00
2022 04 23 18 53 43.55 86.83 0.00
2022 04 23 18 54 43.66 87.01 0.00
2022 04 23 18 55 43.76 87.19 0.00
2022 04 23 18 56 43.87 87.36 0.00
2022 04 23 18 57 43.97 87.54 0.00
2022 04 23 18 58 44.07 87.72 0.00
2022 04 23 18 59 44.17 87.90 0.00
2022 04 23 19 00 44.28 88.08 0.00
2022 04 23 19 01 44.38 88.25 0.00
2022 04 23 19 02 44.48 88.43 0.00
2022 04 23 19 03 44.58 88.60 0.00
2022 04 23 19 04 44.68 88.78 0.00
2022 04 23 19 05 44.78 88.95 0.00
2022 04 23 19 06 44.88 89.13 0.00
2022 04 23 19 07 44.98 89.30 0.00
2022 04 23 19 08 45.08 89.47 0.00
2022 04 23 19 09 45.18 89.64 0.00
2022 04 23 19 10 45.28 89.82 0.00
2022 04 23 19 11 45.38 89.99 0.00
2022 04 23 19 12 45.47 90.16 0.00
2022 04 23 19 13 45.57 90.33 0.00
2022 04 23 19 14 45.67 90.50 0.00
2022 04 23 19 15 45.76 90.67 0.00
2022 04 23 19 16 45.86 90.83 0.00
2022 04 23 19 17 45.95 91.00 0.00
2022 04 23 19 18 46.05 91.17 0.00
2022 04 23 19 19 46.14 91.34 0.00
2022 04 23 19 20 46.24 91.50 0.00
2022 04 23 19 21 46.33 91.67 0.00
2022 04 23 19 22 46.43 91.83 0.00
2022 04 23 19 23 46.52 92.00 0.00
2022 04 23 19 24 46.61 92.16 0.00
2022 04 23 19 25 46.70 92.33 0.00
2022 04 23 19 26 46.79 92.49 0.00
2022 04 23 19 27 46.89 92.65 0.00
2022 04 23 19 28 46.98 92.81 0.00
2022 04 23 19 29 47.07 92.97 0.00
2022 04 23 19 30 47.16 93.13 0.00
2022 04 23 19 31 47.24 93.29 0.00
2022 04 23 19 32 47.33 93.45 0.00
2022 04 23 19 33 47.42 93.61 0.00
2022 04 23 19 34 47.51 93.77 0.00
2022 04 23 19 35 47.60 93.93 0.00
2022 04 23 19 36 47.68 94.09 0.00
2022 04 23 19 37 47.77 94.24 0.00
2022 04 23 19 38 47.85 94.40 0.00
2022 04 23 19 39 47.94 94.56 0.00
2022 04 23 19 40 48.02 94.71 0.00
2022 04 23 19 41 48.11 94.86 0.00
2022 04 23 19 42 48.19 95.02 0.00
2022 04 23 19 43 48.27 95.17 0.00
2022 04 23 19 44 48.36 95.32 0.00
2022 04 23 19 45 48.44 95.48 0.00
2022 04 23 19 46 48.52 95.63 0.00
2022 04 23 19 47 48.60 95.78 0.00
2022 04 23 19 48 48.68 95.93 0.00
2022 04 23 19 49 48.76 96.08 0.00
2022 04 23 19 50 48.84 96.23 0.00
2022 04 23 19 51 48.92 96.38 0.00
2022 04 23 19 52 49.00 96.52 0.00
2022 04 23 19 53 49.08 96.67 0.00
2022 04 23 19 54 49.15 96.82 0.00
2022 04 23 19 55 49.23 96.97 0.00
2022 04 23 19 56 49.30 97.11 0.00
2022 04 23 19 57 49.38 97.26 0.00
2022 04 23 19 58 49.45 97.40 0.00
2022 04 23 19 59 49.53 97.55 0.00
2022 04 23 20 00 49.60 97.69 0.00
2022 04 23 20 01 49.67 97.83 0.00
2022 04 23 20 02 49.75 97.97 0.00
2022 04 23 20 03 49.82 98.12 0.00
2022 04 23 20 04 49.89 98.26 0.00
2022 04 23 20 05 49.96 98.40 0.00
2022 04 23 20 06 50.03 98.54 0.00
2022 04 23 20 07 50.10 98.68 0.00
2022 04 23 20 08 50.17 98.81 0.00
2022 04 23 20 09 50.24 98.95 0.00
2022 04 23 20 10 50.30 99.09 0.00
2022 04 23 20 11 50.37 99.23 0.00
2022 04 23 20 12 50.43 99.36 0.00
2022 04 23 20 13 50.50 99.50 0.00
2022 04 23 20 14 50.56 99.63 0.00
2022 04 23 20 15 50.63 99.77 0.00
2022 04 23 20 16 50.69 99.90 0.00
2022 04 23 20 17 50.75 100.04 0.00
2022 04 23 20 18 50.82 100.17 0.00
2022 04 23 20 19 50.88 100.30 0.00
2022 04 23 20 20 50.94 100.43 0.00
2022 04 23 20 21 51.00 100.56 0.00
2022 04 23 20 22 51.06 100.69 0.00
2022 04 23 20 23 51.12 100.82 0.00
2022 04 23 20 24 51.17 100.95 0.00
2022 04 23 20 25 51.23 101.08 0.00
2022 04 23 20 26 51.29 101.21 0.00
2022 04 23 20 27 51.34 101.34 0.00
2022 04 23 20 28 51.40 101.46 0.00
2022 04 23 20 29 51.45 101.59 0.00
2022 04 23 20 30 51.51 101.72 0.00
2022 04 23 20 31 51.56 101.84 0.00
2022 04 23 20 32 51.61 101.97 0.00
2022 04 23 20 33 51.66 102.09 0.00
2022 04 23 20 34 51.72 102.21 0.00
2022 04 23 20 35 51.77 102.34 0.00
2022 04 23 20 36 51.82 102.46 0.00
2022 04 23 20 37 51.86 102.58 0.00
2022 04 23 20 38 51.91 102.70 0.00
2022 04 23 20 39 51.96 102.82 0.00
2022 04 23 20 40 52.01 102.94 0.00
2022 04 23 20 41 52.05 103.06 0.00
2022 04 23 20 42 52.10 103.18 0.00
2022 04 23 20 43 52.14 103.30 0.00
2022 04 23 20 44 52.18 103.41 0.00
2022 04 23 20 45 52.23 103.53 0.00
2022 04 23 20 46 52.27 103.65 0.00
2022 04 23 20 47 52.31 103.76 0.00
2022 04 23 20 48 52.35 103.88 0.00
2022 04 23 20 49 52.39 103.99 0.00
2022 04 23 20 50 52.43 104.11 0.00
2022 04 23 20 51 52.47 104.22 0.00
2022 04 23 20 52 52.50 104.33 0.00
2022 04 23 20 53 52.54 104.45 0.00
2022 04 23 20 54 52.58 104.56 0.00
2022 04 23 20 55 52.61 104.67 0.00
2022 04 23 20 56 52.64 104.78 0.00
2022 04 23 20 57 52.68 104.89 0.00
2022 04 23 20 58 52.71 105.00 0.00
2022 04 23 20 59 52.74 105.11 0.00
2022 04 23 21 00 52.77 105.21 0.00
2022 04 23 21 01 52.80 105.32 0.00
2022 04 23 21 02 52.83 105.43 0.00
2022 04 23 21 03 52.86 105.54 0.00
2022 04 23 21 04 52.89 105.64 0.00
2022 04 23 21 05 52.92 105.75 0.00
2022 04 23 21 06 52.94 105.85 0.00
2022 04 23 21 07 52.97 105.96 0.00
2022 04 23 21 08 52.99 106.06 0.00
2022 04 23 21 09 53.02 106.16 0.00
2022 04 23 21 10 53.04 106.26 0.00
2022 04 23 21 11 53.06 106.37 0.00
2022 04 23 21 12 53.08 106.47 0.00
2022 04 23 21 13 53.10 106.57 0.00
2022 04 23 21 14 53.12 106.67 0.00
2022 04 23 21 15 53.14 106.77 0.00
2022 04 23 21 16 53.16 106.87 0.00
2022 04 23 21 17 53.17 106.97 0.00
2022 04 23 21 18 53.19 107.06 0.00
2022 04 23 21 19 53.21 107.16 0.00
2022 04 23 21 20 53.22 107.26 0.00
2022 04 23 21 21 53.23 107.35 0.00
2022 04 23 21 22 53.25 107.45 0.00
2022 04 23 21 23 53.26 107.55 0.00
2022 04 23 21 24 53.27 107.64 0.00
2022 04 23 21 25 53.28 107.73 0.00
2022 04 23 21 26 53.29 107.83 0.00
2022 04 23 21 27 53.30 107.92 0.00
2022 04 23 21 28 53.31 108.01 0.00
2022 04 23 21 29 53.31 108.11 0.00
2022 04 23 21 30 53.32 108.20 0.00
2022 04 23 21 31 53.33 108.29 0.00
2022 04 23 21 32 53.33 108.38 0.00
2022 04 23 21 33 53.33 108.47 0.00
2022 04 23 21 34 53.34 108.56 0.00
2022 04 23 21 35 53.34 108.64 0.00
2022 04 23 21 36 53.34 108.73 0.00
2022 04 23 21 37 53.34 108.82 0.00
2022 04 23 21 38 53.34 108.91 0.00
2022 04 23 21 39 53.34 108.99 0.00
2022 04 23 21 40 53.33 109.08 0.00
2022 04 23 21 41 53.33 109.17 0.00
2022 04 23 21 42 53.33 109.25 0.00
2022 04 23 21 43 53.32 109.33 0.00
2022 04 23 21 44 53.32 109.42 0.00
2022 04 23 21 45 53.31 109.50 0.00
2022 04 23 21 46 53.30 109.58 0.00
2022 04 23 21 47 53.29 109.67 0.00
2022 04 23 21 48 53.29 109.75 0.00
2022 04 23 21 49 53.28 109.83 0.00
2022 04 23 21 50 53.27 109.91 0.00
2022 04 23 21 51 53.25 109.99 0.00
2022 04 23 21 52 53.24 110.07 0.00
2022 04 23 21 53 53.23 110.15 0.00
2022 04 23 21 54 53.21 110.23 0.00
2022 04 23 21 55 53.20 110.31 0.00
2022 04 23 21 56 53.18 110.38 0.00
2022 04 23 21 57 53.17 110.46 0.00
2022 04 23 21 58 53.15 110.54 0.00
2022 04 23 21 59 53.13 110.61 0.00
2022 04 23 22 00 53.11 110.69 0.00
2022 04 23 22 01 53.09 110.76 0.00
2022 04 23 22 02 53.07 110.84 0.00
2022 04 23 22 03 53.05 110.91 0.00
2022 04 23 22 04 53.03 110.98 0.00
2022 04 23 22 05 53.00 111.06 0.00
2022 04 23 22 06 52.98 111.13 0.00
2022 04 23 22 07 52.95 111.20 0.00
2022 04 23 22 08 52.93 111.27 0.00
2022 04 23 22 09 52.90 111.34 0.00
2022 04 23 22 10 52.88 111.42 0.00
2022 04 23 22 11 52.85 111.49 0.00
2022 04 23 22 12 52.82 111.55 0.00
2022 04 23 22 13 52.79 111.62 0.00
2022 04 23 22 14 52.76 111.69 0.00
2022 04 23 22 15 52.73 111.76 0.00
2022 04 23 22 16 52.69 111.83 0.00
2022 04 23 22 17 52.66 111.90 0.00
2022 04 23 22 18 52.63 111.96 0.00
2022 04 23 22 19 52.59 112.03 0.00
2022 04 23 22 20 52.56 112.09 0.00
2022 04 23 22 21 52.52 112.16 0.00
2022 04 23 22 22 52.49 112.22 0.00
2022 04 23 22 23 52.45 112.29 0.00
2022 04 23 22 24 52.41 112.35 0.00
2022 04 23 22 25 52.37 112.42 0.00
2022 04 23 22 26 52.33 112.48 0.00
2022 04 23 22 27 52.29 112.54 0.00
2022 04 23 22 28 52.25 112.60 0.00
2022 04 23 22 29 52.21 112.66 0.00
2022 04 23 22 30 52.16 112.73 0.00
2022 04 23 22 31 52.12 112.79 0.00
2022 04 23 22 32 52.07 112.85 0.00
2022 04 23 22 33 52.03 112.91 0.00
2022 04 23 22 34 51.98 112.96 0.00
2022 04 23 22 35 51.94 113.02 0.00
2022 04 23 22 36 51.89 113.08 0.00
2022 04 23 22 37 51.84 113.14 0.00
2022 04 23 22 38 51.79 113.20 0.00
2022 04 23 22 39 51.74 113.25 0.00
2022 04 23 22 40 51.69 113.31 0.00
2022 04 23 22 41 51.64 113.37 0.00
2022 04 23 22 42 51.59 113.42 0.00
2022 04 23 22 43 51.53 113.48 0.00
2022 04 23 22 44 51.48 113.53 0.00
2022 04 23 22 45 51.43 113.59 0.00
2022 04 23 22 46 51.37 113.64 0.00
2022 04 23 22 47 51.32 113.69 0.00
2022 04 23 22 48 51.26 113.75 0.00
2022 04 23 22 49 51.20 113.80 0.00
2022 04 23 22 50 51.15 113.85 0.00
2022 04 23 22 51 51.09 113.90 0.00
2022 04 23 22 52 51.03 113.96 0.00
2022 04 23 22 53 50.97 114.01 0.00
2022 04 23 22 54 50.91 114.06 0.00
2022 04 23 22 55 50.85 114.11 0.00
2022 04 23 22 56 50.79 114.16 0.00
2022 04 23 22 57 50.72 114.21 0.00
2022 04 23 22 58 50.66 114.26 0.00
2022 04 23 22 59 50.60 114.30 0.00
2022 04 23 23 00 50.53 114.35 0.00
2022 04 23 23 01 50.47 114.40 0.00
2022 04 23 23 02 50.40 114.45 0.00
2022 04 23 23 03 50.34 114.49 0.00
2022 04 23 23 04 50.27 114.54 0.00
2022 04 23 23 05 50.20 114.59 50.18
2022 04 23 23 06 50.13 114.63 50.09
2022 04 23 23 07 50.06 114.68 50.00
2022 04 23 23 08 50.00 114.72 49.91
2022 04 23 23 09 49.93 114.77 49.83
2022 04 23 23 10 49.85 114.81 49.74
2022 04 23 23 11 49.78 114.86 49.66
2022 04 23 23 12 49.71 114.90 49.58
2022 04 23 23 13 49.64 114.94 49.50
2022 04 23 23 14 49.57 114.98 49.43
2022 04 23 23 15 49.49 115.03 49.35
2022 04 23 23 16 49.42 115.07 49.28
2022 04 23 23 17 49.34 115.11 49.21
2022 04 23 23 18 49.27 115.15 49.14
2022 04 23 23 19 49.19 115.19 49.07
2022 04 23 23 20 49.11 115.23 49.00
2022 04 23 23 21 49.04 115.27 48.94
2022 04 23 23 22 48.96 115.31 48.87
2022 04 23 23 23 48.88 115.35 48.81
2022 04 23 23 24 48.80 115.39 48.75
2022 04 23 23 25 48.72 115.43 48.69
2022 04 23 23 26 48.64 115.47 48.64
2022 04 23 23 27 48.56 115.51 48.58
2022 04 23 23 28 48.48 115.54 48.53
2022 04 23 23 29 48.40 115.58 48.48
2022 04 23 23 30 48.32 115.62 48.43
2022 04 23 23 31 48.23 115.65 48.38
2022 04 23 23 32 48.15 115.69 48.34
2022 04 23 23 33 48.07 115.73 48.30
2022 04 23 23 34 47.98 115.76 48.25
2022 04 23 23 35 47.90 115.80 48.21
2022 04 23 23 36 47.81 115.83 48.17
2022 04 23 23 37 47.73 115.87 48.14
2022 04 23 23 38 47.64 115.90 48.10
2022 04 23 23 39 47.55 115.93 48.07
2022 04 23 23 40 47.47 115.97 48.04
2022 04 23 23 41 47.38 116.00 48.01
2022 04 23 23 42 47.29 116.03 47.98
2022 04 23 23 43 47.20 116.07 47.95
2022 04 23 23 44 47.11 116.10 47.93
2022 04 23 23 45 47.02 116.13 47.90
2022 04 23 23 46 46.93 116.16 47.88
2022 04 23 23 47 46.84 116.19 47.86
2022 04 23 23 48 46.75 116.22 47.84
2022 04 23 23 49 46.66 116.26 47.82
2022 04 23 23 50 46.57 116.29 47.81
2022 04 23 23 51 46.47 116.32 47.79
2022 04 23 23 52 46.38 116.35 47.78
2022 04 23 23 53 46.29 116.37 47.77
2022 04 23 23 54 46.19 116.40 47.76
2022 04 23 23 55 46.10 116.43 47.76
2022 04 23 23 56 46.00 116.46 47.75
2022 04 23 23 57 45.91 116.49 47.75
2022 04 23 23 58 45.81 116.52 47.74
2022 04 23 23 59 45.72 116.54 47.74
2022 04 24 00 00 45.62 116.57 47.74
2022 04 24 00 01 45.52 116.60 47.74
2022 04 24 00 02 45.43 116.63 47.75
2022 04 24 00 03 45.33 116.65 47.75
2022 04 24 00 04 45.23 116.68 47.76
2022 04 24 00 05 45.13 116.70 47.77
2022 04 24 00 06 45.03 116.73 47.78
2022 04 24 00 07 44.93 116.76 47.79
2022 04 24 00 08 44.83 116.78 47.80
2022 04 24 00 09 44.73 116.81 47.81
2022 04 24 00 10 44.63 116.83 47.83
2022 04 24 00 11 44.53 116.85 47.85
2022 04 24 00 12 44.43 116.88 47.86
2022 04 24 00 13 44.33 116.90 47.88
2022 04 24 00 14 44.23 116.92 47.90
2022 04 24 00 15 44.12 116.95 47.93
2022 04 24 00 16 44.02 116.97 47.95
2022 04 24 00 17 43.92 116.99 47.98
2022 04 24 00 18 43.81 117.02 48.00
2022 04 24 00 19 43.71 117.04 48.03
2022 04 24 00 20 43.61 117.06 48.06
2022 04 24 00 21 43.50 117.08 48.09
2022 04 24 00 22 43.40 117.10 48.12
2022 04 24 00 23 43.29 117.12 48.16
2022 04 24 00 24 43.19 117.14 48.19
2022 04 24 00 25 43.08 117.16 48.23
2022 04 24 00 26 42.97 117.19 48.26
2022 04 24 00 27 42.87 117.21 48.30
2022 04 24 00 28 42.76 117.22 48.34
2022 04 24 00 29 42.65 117.24 48.38
2022 04 24 00 30 42.55 117.26 48.42
2022 04 24 00 31 42.44 117.28 48.47
2022 04 24 00 32 42.33 117.30 48.51
2022 04 24 00 33 42.22 117.32 48.56
2022 04 24 00 34 42.11 117.34 48.60
2022 04 24 00 35 42.00 117.36 48.65
2022 04 24 00 36 41.89 117.37 48.70
2022 04 24 00 37 41.78 117.39 48.75
2022 04 24 00 38 41.67 117.41 48.80
2022 04 24 00 39 41.56 117.43 48.85
2022 04 24 00 40 41.45 117.44 48.91
2022 04 24 00 41 41.34 117.46 48.96
2022 04 24 00 42 41.23 117.48 49.02
2022 04 24 00 43 41.12 117.49 49.08
2022 04 24 00 44 41.01 117.51 49.13
2022 04 24 00 45 40.90 117.52 49.19
2022 04 24 00 46 40.79 117.54 49.25
2022 04 24 00 47 40.67 117.56 49.32
2022 04 24 00 48 40.56 117.57 49.38
2022 04 24 00 49 40.45 117.59 49.44
2022 04 24 00 50 40.33 117.60 49.51
2022 04 24 00 51 40.22 117.61 49.57
2022 04 24 00 52 40.11 117.63 49.64
2022 04 24 00 53 39.99 117.64 49.71
2022 04 24 00 54 39.88 117.66 49.77
2022 04 24 00 55 39.77 117.67 49.84
2022 04 24 00 56 39.65 117.68 49.91
2022 04 24 00 57 39.54 117.70 49.99
2022 04 24 00 58 39.42 117.71 50.06
2022 04 24 00 59 39.31 117.72 50.13
2022 04 24 01 00 39.19 117.74 50.21
2022 04 24 01 01 39.07 117.75 50.28
2022 04 24 01 02 38.96 117.76 50.36
2022 04 24 01 03 38.84 117.77 50.43
2022 04 24 01 04 38.73 117.78 50.51
2022 04 24 01 05 38.61 117.80 50.59
2022 04 24 01 06 38.49 117.81 50.67
2022 04 24 01 07 38.38 117.82 50.75
2022 04 24 01 08 38.26 117.83 50.83
2022 04 24 01 09 38.14 117.84 50.91
2022 04 24 01 10 38.02 117.85 51.00
2022 04 24 01 11 37.91 117.86 51.08
2022 04 24 01 12 37.79 117.87 51.17
2022 04 24 01 13 37.67 117.88 51.25
2022 04 24 01 14 37.55 117.89 51.34
2022 04 24 01 15 37.43 117.90 51.43
2022 04 24 01 16 37.31 117.91 51.51
2022 04 24 01 17 37.19 117.92 51.60
2022 04 24 01 18 37.08 117.93 51.69
2022 04 24 01 19 36.96 117.94 51.78
2022 04 24 01 20 36.84 117.95 51.87
2022 04 24 01 21 36.72 117.95 51.96
2022 04 24 01 22 36.60 117.96 52.06
2022 04 24 01 23 36.48 117.97 52.15
2022 04 24 01 24 36.36 117.98 52.24
2022 04 24 01 25 36.24 117.99 52.34
2022 04 24 01 26 36.12 117.99 52.43
2022 04 24 01 27 36.00 118.00 52.53
2022 04 24 01 28 35.88 118.01 52.63
2022 04 24 01 29 35.76 118.02 52.72
2022 04 24 01 30 35.63 118.02 52.82
2022 04 24 01 31 35.51 118.03 52.92
2022 04 24 01 32 35.39 118.04 53.02
2022 04 24 01 33 35.27 118.04 53.12
2022 04 24 01 34 35.15 118.05 53.22
2022 04 24 01 35 35.03 118.05 53.32
2022 04 24 01 36 34.91 118.06 53.43
2022 04 24 01 37 34.78 118.07 53.53
2022 04 24 01 38 34.66 118.07 53.63
2022 04 24 01 39 34.54 118.08 53.74
2022 04 24 01 40 34.42 118.08 53.84
2022 04 24 01 41 34.30 118.09 53.95
2022 04 24 01 42 34.17 118.09 54.05
2022 04 24 01 43 34.05 118.10 54.16
2022 04 24 01 44 33.93 118.10 54.26
2022 04 24 01 45 33.81 118.10 54.37
2022 04 24 01 46 33.68 118.11 54.48
2022 04 24 01 47 33.56 118.11 54.59
2022 04 24 01 48 33.44 118.12 54.70
2022 04 24 01 49 33.31 118.12 54.81
2022 04 24 01 50 33.19 118.12 54.92
2022 04 24 01 51 33.07 118.13 55.03
2022 04 24 01 52 32.94 118.13 55.14
2022 04 24 01 53 32.82 118.13 55.25
2022 04 24 01 54 32.70 118.13 55.37
2022 04 24 01 55 32.57 118.14 55.48
2022 04 24 01 56 32.45 118.14 55.59
2022 04 24 01 57 32.32 118.14 55.71
2022 04 24 01 58 32.20 118.14 55.82
2022 04 24 01 59 32.08 118.15 55.94
2022 04 24 02 00 31.95 118.15 56.05
2022 04 24 02 01 31.83 118.15 56.17
2022 04 24 02 02 31.70 118.15 56.29
2022 04 24 02 03 31.58 118.15 56.40
2022 04 24 02 04 31.45 118.15 56.52
2022 04 24 02 05 31.33 118.15 56.64
2022 04 24 02 06 31.21 118.15 56.76
2022 04 24 02 07 31.08 118.16 56.88
2022 04 24 02 08 30.96 118.16 57.00
2022 04 24 02 09 30.83 118.16 57.12
2022 04 24 02 10 30.71 118.16 57.24
2022 04 24 02 11 30.58 118.16 57.36
2022 04 24 02 12 30.46 118.16 57.48
2022 04 24 02 13 30.33 118.16 57.60
2022 04 24 02 14 30.21 118.15 57.72
2022 04 24 02 15 30.08 118.15 57.85
2022 04 24 02 16 29.96 118.15 57.97
2022 04 24 02 17 29.83 118.15 58.09
2022 04 24 02 18 29.71 118.15 58.22
2022 04 24 02 19 29.58 118.15 58.34
2022 04 24 02 20 29.46 118.15 58.47
2022 04 24 02 21 29.33 118.15 58.59
2022 04 24 02 22 29.20 118.14 58.72
2022 04 24 02 23 29.08 118.14 58.84
2022 04 24 02 24 28.95 118.14 58.97
2022 04 24 02 25 28.83 118.14 59.10
2022 04 24 02 26 28.70 118.14 59.23
2022 04 24 02 27 28.58 118.13 59.35
2022 04 24 02 28 28.45 118.13 59.48
2022 04 24 02 29 28.33 118.13 59.61
2022 04 24 02 30 28.20 118.12 59.74
2022 04 24 02 31 28.08 118.12 59.87
2022 04 24 02 32 27.95 118.12 60.00
2022 04 24 02 33 27.82 118.11 60.13
2022 04 24 02 34 27.70 118.11 60.26
2022 04 24 02 35 27.57 118.10 60.39
2022 04 24 02 36 27.45 118.10 60.52
2022 04 24 02 37 27.32 118.10 60.65
2022 04 24 02 38 27.20 118.09 60.79
2022 04 24 02 39 27.07 118.09 60.92
2022 04 24 02 40 26.95 118.08 61.05
2022 04 24 02 41 26.82 118.08 61.18
2022 04 24 02 42 26.69 118.07 61.32
2022 04 24 02 43 26.57 118.07 61.45
2022 04 24 02 44 26.44 118.06 61.59
2022 04 24 02 45 26.32 118.05 61.72
2022 04 24 02 46 26.19 118.05 61.86
2022 04 24 02 47 26.07 118.04 61.99
2022 04 24 02 48 25.94 118.04 62.13
2022 04 24 02 49 25.82 118.03 62.26
2022 04 24 02 50 25.69 118.02 62.40
2022 04 24 02 51 25.56 118.02 62.54
2022 04 24 02 52 25.44 118.01 62.67
2022 04 24 02 53 25.31 118.00 62.81
2022 04 24 02 54 25.19 117.99 62.95
2022 04 24 02 55 25.06 117.99 63.09
2022 04 24 02 56 24.94 117.98 63.22
2022 04 24 02 57 24.81 117.97 63.36
2022 04 24 02 58 24.69 117.96 63.50
2022 04 24 02 59 24.56 117.95 63.64
2022 04 24 03 00 24.44 117.95 63.78
2022 04 24 03 01 24.31 117.94 63.92
2022 04 24 03 02 24.19 117.93 64.06
2022 04 24 03 03 24.06 117.92 64.20
2022 04 24 03 04 23.94 117.91 64.34
2022 04 24 03 05 23.81 117.90 64.48
2022 04 24 03 06 23.69 117.89 64.63
2022 04 24 03 07 23.56 117.88 64.77
2022 04 24 03 08 23.44 117.87 64.91
2022 04 24 03 09 23.31 117.86 65.05
2022 04 24 03 10 23.19 117.85 65.20
2022 04 24 03 11 23.06 117.84 65.34
2022 04 24 03 12 22.94 117.83 65.48
2022 04 24 03 13 22.81 117.82 65.63
2022 04 24 03 14 22.69 117.81 65.77
2022 04 24 03 15 22.56 117.80 65.91
2022 04 24 03 16 22.44 117.78 66.06
2022 04 24 03 17 22.32 117.77 66.20
2022 04 24 03 18 22.19 117.76 66.35
2022 04 24 03 19 22.07 117.75 66.50
2022 04 24 03 20 21.94 117.74 66.64
2022 04 24 03 21 21.82 117.72 66.79
2022 04 24 03 22 21.69 117.71 66.93
2022 04 24 03 23 21.57 117.70 67.08
2022 04 24 03 24 21.45 117.68 67.23
2022 04 24 03 25 21.32 117.67 67.37
2022 04 24 03 26 21.20 117.66 67.52
2022 04 24 03 27 21.08 117.64 67.67
2022 04 24 03 28 20.95 117.63 67.82
2022 04 24 03 29 20.83 117.62 67.97
2022 04 24 03 30 20.71 117.60 68.12
2022 04 24 03 31 20.58 117.59 68.27
2022 04 24 03 32 20.46 117.57 68.41
2022 04 24 03 33 20.34 117.56 68.56
2022 04 24 03 34 20.21 117.54 68.71
2022 04 24 03 35 20.09 117.53 68.86
2022 04 24 03 36 19.97 117.51 69.02
2022 04 24 03 37 19.84 117.49 69.17
2022 04 24 03 38 19.72 117.48 69.32
2022 04 24 03 39 19.60 117.46 69.47
2022 04 24 03 40 19.48 117.44 69.62
2022 04 24 03 41 19.35 117.43 69.77
2022 04 24 03 42 19.23 117.41 69.92
2022 04 24 03 43 19.11 117.39 70.08
2022 04 24 03 44 18.99 117.38 70.23
2022 04 24 03 45 18.87 117.36 70.38
2022 04 24 03 46 18.74 117.34 70.54
2022 04 24 03 47 18.62 117.32 70.69
2022 04 24 03 48 18.50 117.30 70.84
2022 04 24 03 49 18.38 117.28 71.00
2022 04 24 03 50 18.26 117.27 71.15
2022 04 24 03 51 18.14 117.25 71.31
2022 04 24 03 52 18.02 117.23 71.46
2022 04 24 03 53 17.90 117.21 71.62
2022 04 24 03 54 17.77 117.19 71.77
2022 04 24 03 55 17.65 117.17 71.93
2022 04 24 03 56 17.53 117.15 72.09
2022 04 24 03 57 17.41 117.12 72.24
2022 04 24 03 58 17.29 117.10 72.40
2022 04 24 03 59 17.17 117.08 72.56
2022 04 24 04 00 17.05 117.06 72.71
2022 04 24 04 01 16.93 117.04 72.87
2022 04 24 04 02 16.81 117.02 73.03
2022 04 24 04 03 16.69 116.99 73.19
2022 04 24 04 04 16.57 116.97 73.35
2022 04 24 04 05 16.45 116.95 73.50
2022 04 24 04 06 16.34 116.93 73.66
2022 04 24 04 07 16.22 116.90 73.82
2022 04 24 04 08 16.10 116.88 73.98
2022 04 24 04 09 15.98 116.86 74.14
2022 04 24 04 10 15.86 116.83 74.30
2022 04 24 04 11 15.74 116.81 74.46
2022 04 24 04 12 15.62 116.78 74.62
2022 04 24 04 13 15.50 116.76 74.78
2022 04 24 04 14 15.39 116.73 74.95
2022 04 24 04 15 15.27 116.71 75.11
2022 04 24 04 16 15.15 116.68 75.27
2022 04 24 04 17 15.03 116.65 75.43
2022 04 24 04 18 14.92 116.63 75.59
2022 04 24 04 19 14.80 116.60 75.76
2022 04 24 04 20 14.68 116.57 75.92
2022 04 24 04 21 14.56 116.55 76.08
2022 04 24 04 22 14.45 116.52 76.25
2022 04 24 04 23 14.33 116.49 76.41
2022 04 24 04 24 14.21 116.46 76.58
2022 04 24 04 25 14.10 116.43 76.74
2022 04 24 04 26 13.98 116.41 76.90
2022 04 24 04 27 13.87 116.38 77.07
2022 04 24 04 28 13.75 116.35 77.24
2022 04 24 04 29 13.63 116.32 77.40
2022 04 24 04 30 13.52 116.29 77.57
2022 04 24 04 31 13.40 0.00 0.00
2022 04 24 04 32 13.29 0.00 0.00
2022 04 24 04 33 13.17 0.00 0.00
2022 04 24 04 34 13.06 0.00 0.00
2022 04 24 04 35 12.94 0.00 0.00
2022 04 24 04 36 12.83 0.00 0.00
2022 04 24 04 37 12.72 0.00 0.00
2022 04 24 04 38 12.60 0.00 0.00
2022 04 24 04 39 12.49 0.00 0.00
2022 04 24 04 40 12.37 0.00 0.00
2022 04 24 04 41 12.26 0.00 0.00
2022 04 24 04 42 12.15 0.00 0.00
2022 04 24 04 43 12.04 0.00 0.00
2022 04 24 04 44 11.92 0.00 0.00
2022 04 24 04 45 11.81 0.00 0.00
2022 04 24 04 46 11.70 0.00 0.00
2022 04 24 04 47 11.59 0.00 0.00
2022 04 24 04 48 11.47 0.00 0.00
2022 04 24 04 49 11.36 0.00 0.00
2022 04 24 04 50 11.25 0.00 0.00
2022 04 24 04 51 11.14 0.00 0.00
2022 04 24 04 52 11.03 0.00 0.00
2022 04 24 04 53 10.92 0.00 0.00
2022 04 24 04 54 10.81 0.00 0.00
2022 04 24 04 55 10.70 0.00 0.00
2022 04 24 04 56 10.58 0.00 0.00
2022 04 24 04 57 10.47 0.00 0.00
2022 04 24 04 58 10.36 0.00 0.00
2022 04 24 04 59 10.26 0.00 0.00
