2022 04 21 17 00 29.28 0.00 0.00
2022 04 21 17 01 29.41 0.00 0.00
2022 04 21 17 02 29.53 0.00 0.00
2022 04 21 17 03 29.66 0.00 0.00
2022 04 21 17 04 29.78 0.00 0.00
2022 04 21 17 05 29.91 0.00 0.00
2022 04 21 17 06 30.03 0.00 0.00
2022 04 21 17 07 30.16 0.00 0.00
2022 04 21 17 08 30.28 0.00 0.00
2022 04 21 17 09 30.41 0.00 0.00
2022 04 21 17 10 30.53 0.00 0.00
2022 04 21 17 11 30.66 0.00 0.00
2022 04 21 17 12 30.78 0.00 0.00
2022 04 21 17 13 30.91 0.00 0.00
2022 04 21 17 14 31.03 0.00 0.00
2022 04 21 17 15 31.16 0.00 0.00
2022 04 21 17 16 31.28 65.79 0.00
2022 04 21 17 17 31.41 66.01 0.00
2022 04 21 17 18 31.53 66.22 0.00
2022 04 21 17 19 31.66 66.43 0.00
2022 04 21 17 20 31.78 66.65 0.00
2022 04 21 17 21 31.91 66.86 0.00
2022 04 21 17 22 32.03 67.07 0.00
2022 04 21 17 23 32.15 67.28 0.00
2022 04 21 17 24 32.28 67.50 0.00
2022 04 21 17 25 32.40 67.71 0.00
2022 04 21 17 26 32.53 67.92 0.00
2022 04 21 17 27 32.65 68.13 0.00
2022 04 21 17 28 32.77 68.34 0.00
2022 04 21 17 29 32.90 68.56 0.00
2022 04 21 17 30 33.02 68.77 0.00
2022 04 21 17 31 33.14 68.98 0.00
2022 04 21 17 32 33.27 69.19 0.00
2022 04 21 17 33 33.39 69.40 0.00
2022 04 21 17 34 33.51 69.61 0.00
2022 04 21 17 35 33.64 69.82 0.00
2022 04 21 17 36 33.76 70.03 0.00
2022 04 21 17 37 33.88 70.25 0.00
2022 04 21 17 38 34.01 70.46 0.00
2022 04 21 17 39 34.13 70.67 0.00
2022 04 21 17 40 34.25 70.88 0.00
2022 04 21 17 41 34.37 71.09 0.00
2022 04 21 17 42 34.49 71.30 0.00
2022 04 21 17 43 34.62 71.51 0.00
2022 04 21 17 44 34.74 71.72 0.00
2022 04 21 17 45 34.86 71.92 0.00
2022 04 21 17 46 34.98 72.13 0.00
2022 04 21 17 47 35.10 72.34 0.00
2022 04 21 17 48 35.23 72.55 0.00
2022 04 21 17 49 35.35 72.76 0.00
2022 04 21 17 50 35.47 72.97 0.00
2022 04 21 17 51 35.59 73.17 0.00
2022 04 21 17 52 35.71 73.38 0.00
2022 04 21 17 53 35.83 73.59 0.00
2022 04 21 17 54 35.95 73.80 0.00
2022 04 21 17 55 36.07 74.00 0.00
2022 04 21 17 56 36.19 74.21 0.00
2022 04 21 17 57 36.31 74.42 0.00
2022 04 21 17 58 36.43 74.62 0.00
2022 04 21 17 59 36.55 74.83 0.00
2022 04 21 18 00 36.67 75.03 0.00
2022 04 21 18 01 36.79 75.24 0.00
2022 04 21 18 02 36.91 75.44 0.00
2022 04 21 18 03 37.03 75.65 0.00
2022 04 21 18 04 37.15 75.85 0.00
2022 04 21 18 05 37.27 76.06 0.00
2022 04 21 18 06 37.39 76.26 0.00
2022 04 21 18 07 37.51 76.46 0.00
2022 04 21 18 08 37.63 76.67 0.00
2022 04 21 18 09 37.74 76.87 0.00
2022 04 21 18 10 37.86 77.07 0.00
2022 04 21 18 11 37.98 77.27 0.00
2022 04 21 18 12 38.10 77.47 0.00
2022 04 21 18 13 38.21 77.67 0.00
2022 04 21 18 14 38.33 77.88 0.00
2022 04 21 18 15 38.45 78.08 0.00
2022 04 21 18 16 38.57 78.28 0.00
2022 04 21 18 17 38.68 78.48 0.00
2022 04 21 18 18 38.80 78.68 0.00
2022 04 21 18 19 38.92 78.87 0.00
2022 04 21 18 20 39.03 79.07 0.00
2022 04 21 18 21 39.15 79.27 0.00
2022 04 21 18 22 39.26 79.47 0.00
2022 04 21 18 23 39.38 79.67 0.00
2022 04 21 18 24 39.49 79.86 0.00
2022 04 21 18 25 39.61 80.06 0.00
2022 04 21 18 26 39.72 80.26 0.00
2022 04 21 18 27 39.84 80.45 0.00
2022 04 21 18 28 39.95 80.65 0.00
2022 04 21 18 29 40.07 80.84 0.00
2022 04 21 18 30 40.18 81.04 0.00
2022 04 21 18 31 40.29 81.23 0.00
2022 04 21 18 32 40.41 81.43 0.00
2022 04 21 18 33 40.52 81.62 0.00
2022 04 21 18 34 40.63 81.81 0.00
2022 04 21 18 35 40.74 82.00 0.00
2022 04 21 18 36 40.86 82.20 0.00
2022 04 21 18 37 40.97 82.39 0.00
2022 04 21 18 38 41.08 82.58 0.00
2022 04 21 18 39 41.19 82.77 0.00
2022 04 21 18 40 41.30 82.96 0.00
2022 04 21 18 41 41.41 83.15 0.00
2022 04 21 18 42 41.52 83.34 0.00
2022 04 21 18 43 41.63 83.53 0.00
2022 04 21 18 44 41.74 83.72 0.00
2022 04 21 18 45 41.85 83.91 0.00
2022 04 21 18 46 41.96 84.09 0.00
2022 04 21 18 47 42.07 84.28 0.00
2022 04 21 18 48 42.18 84.47 0.00
2022 04 21 18 49 42.29 84.65 0.00
2022 04 21 18 50 42.40 84.84 0.00
2022 04 21 18 51 42.51 85.02 0.00
2022 04 21 18 52 42.61 85.21 0.00
2022 04 21 18 53 42.72 85.39 0.00
2022 04 21 18 54 42.83 85.58 0.00
2022 04 21 18 55 42.93 85.76 0.00
2022 04 21 18 56 43.04 85.94 0.00
2022 04 21 18 57 43.15 86.13 0.00
2022 04 21 18 58 43.25 86.31 0.00
2022 04 21 18 59 43.36 86.49 0.00
2022 04 21 19 00 43.46 86.67 0.00
2022 04 21 19 01 43.57 86.85 0.00
2022 04 21 19 02 43.67 87.03 0.00
2022 04 21 19 03 43.78 87.21 0.00
2022 04 21 19 04 43.88 87.39 0.00
2022 04 21 19 05 43.98 87.57 0.00
2022 04 21 19 06 44.09 87.75 0.00
2022 04 21 19 07 44.19 87.92 0.00
2022 04 21 19 08 44.29 88.10 0.00
2022 04 21 19 09 44.39 88.28 0.00
2022 04 21 19 10 44.49 88.45 0.00
2022 04 21 19 11 44.59 88.63 0.00
2022 04 21 19 12 44.70 88.80 0.00
2022 04 21 19 13 44.80 88.98 0.00
2022 04 21 19 14 44.90 89.15 0.00
2022 04 21 19 15 44.99 89.32 0.00
2022 04 21 19 16 45.09 89.50 0.00
2022 04 21 19 17 45.19 89.67 0.00
2022 04 21 19 18 45.29 89.84 0.00
2022 04 21 19 19 45.39 90.01 0.00
2022 04 21 19 20 45.49 90.18 0.00
2022 04 21 19 21 45.58 90.35 0.00
2022 04 21 19 22 45.68 90.52 0.00
2022 04 21 19 23 45.78 90.69 0.00
2022 04 21 19 24 45.87 90.86 0.00
2022 04 21 19 25 45.97 91.03 0.00
2022 04 21 19 26 46.06 91.19 0.00
2022 04 21 19 27 46.16 91.36 0.00
2022 04 21 19 28 46.25 91.53 0.00
2022 04 21 19 29 46.35 91.69 0.00
2022 04 21 19 30 46.44 91.86 0.00
2022 04 21 19 31 46.53 92.02 0.00
2022 04 21 19 32 46.62 92.18 0.00
2022 04 21 19 33 46.72 92.35 0.00
2022 04 21 19 34 46.81 92.51 0.00
2022 04 21 19 35 46.90 92.67 0.00
2022 04 21 19 36 46.99 92.83 0.00
2022 04 21 19 37 47.08 93.00 0.00
2022 04 21 19 38 47.17 93.16 0.00
2022 04 21 19 39 47.26 93.32 0.00
2022 04 21 19 40 47.35 93.48 0.00
2022 04 21 19 41 47.43 93.63 0.00
2022 04 21 19 42 47.52 93.79 0.00
2022 04 21 19 43 47.61 93.95 0.00
2022 04 21 19 44 47.69 94.11 0.00
2022 04 21 19 45 47.78 94.26 0.00
2022 04 21 19 46 47.87 94.42 0.00
2022 04 21 19 47 47.95 94.58 0.00
2022 04 21 19 48 48.04 94.73 0.00
2022 04 21 19 49 48.12 94.89 0.00
2022 04 21 19 50 48.20 95.04 0.00
2022 04 21 19 51 48.29 95.19 0.00
2022 04 21 19 52 48.37 95.35 0.00
2022 04 21 19 53 48.45 95.50 0.00
2022 04 21 19 54 48.53 95.65 0.00
2022 04 21 19 55 48.61 95.80 0.00
2022 04 21 19 56 48.69 95.95 0.00
2022 04 21 19 57 48.77 96.10 0.00
2022 04 21 19 58 48.85 96.25 0.00
2022 04 21 19 59 48.93 96.40 0.00
2022 04 21 20 00 49.01 96.55 0.00
2022 04 21 20 01 49.09 96.69 0.00
2022 04 21 20 02 49.16 96.84 0.00
2022 04 21 20 03 49.24 96.99 0.00
2022 04 21 20 04 49.31 97.13 0.00
2022 04 21 20 05 49.39 97.28 0.00
2022 04 21 20 06 49.46 97.42 0.00
2022 04 21 20 07 49.54 97.56 0.00
2022 04 21 20 08 49.61 97.71 0.00
2022 04 21 20 09 49.68 97.85 0.00
2022 04 21 20 10 49.76 97.99 0.00
2022 04 21 20 11 49.83 98.13 0.00
2022 04 21 20 12 49.90 98.28 0.00
2022 04 21 20 13 49.97 98.42 0.00
2022 04 21 20 14 50.04 98.56 0.00
2022 04 21 20 15 50.11 98.69 0.00
2022 04 21 20 16 50.18 98.83 0.00
2022 04 21 20 17 50.24 98.97 0.00
2022 04 21 20 18 50.31 99.11 0.00
2022 04 21 20 19 50.38 99.25 0.00
2022 04 21 20 20 50.44 99.38 0.00
2022 04 21 20 21 50.51 99.52 0.00
2022 04 21 20 22 50.57 99.65 0.00
2022 04 21 20 23 50.64 99.79 0.00
2022 04 21 20 24 50.70 99.92 0.00
2022 04 21 20 25 50.76 100.05 0.00
2022 04 21 20 26 50.83 100.19 0.00
2022 04 21 20 27 50.89 100.32 0.00
2022 04 21 20 28 50.95 100.45 0.00
2022 04 21 20 29 51.01 100.58 0.00
2022 04 21 20 30 51.07 100.71 0.00
2022 04 21 20 31 51.12 100.84 0.00
2022 04 21 20 32 51.18 100.97 0.00
2022 04 21 20 33 51.24 101.10 0.00
2022 04 21 20 34 51.30 101.23 0.00
2022 04 21 20 35 51.35 101.35 0.00
2022 04 21 20 36 51.41 101.48 0.00
2022 04 21 20 37 51.46 101.61 0.00
2022 04 21 20 38 51.52 101.73 0.00
2022 04 21 20 39 51.57 101.86 0.00
2022 04 21 20 40 51.62 101.98 0.00
2022 04 21 20 41 51.67 102.11 0.00
2022 04 21 20 42 51.72 102.23 0.00
2022 04 21 20 43 51.77 102.35 0.00
2022 04 21 20 44 51.82 102.47 0.00
2022 04 21 20 45 51.87 102.60 0.00
2022 04 21 20 46 51.92 102.72 0.00
2022 04 21 20 47 51.97 102.84 0.00
2022 04 21 20 48 52.01 102.96 0.00
2022 04 21 20 49 52.06 103.08 0.00
2022 04 21 20 50 52.10 103.19 0.00
2022 04 21 20 51 52.15 103.31 0.00
2022 04 21 20 52 52.19 103.43 0.00
2022 04 21 20 53 52.23 103.55 0.00
2022 04 21 20 54 52.27 103.66 0.00
2022 04 21 20 55 52.31 103.78 52.28
2022 04 21 20 56 52.36 103.89 52.20
2022 04 21 20 57 52.39 104.01 52.12
2022 04 21 20 58 52.43 104.12 52.04
2022 04 21 20 59 52.47 104.24 51.96
2022 04 21 21 00 52.51 104.35 51.89
2022 04 21 21 01 52.54 104.46 51.81
2022 04 21 21 02 52.58 104.57 51.74
2022 04 21 21 03 52.62 104.68 51.66
2022 04 21 21 04 52.65 104.79 51.59
2022 04 21 21 05 52.68 104.90 51.52
2022 04 21 21 06 52.71 105.01 51.45
2022 04 21 21 07 52.75 105.12 51.38
2022 04 21 21 08 52.78 105.23 51.31
2022 04 21 21 09 52.81 105.34 51.25
2022 04 21 21 10 52.84 105.44 51.18
2022 04 21 21 11 52.87 105.55 51.12
2022 04 21 21 12 52.89 105.66 51.06
2022 04 21 21 13 52.92 105.76 50.99
2022 04 21 21 14 52.95 105.87 50.93
2022 04 21 21 15 52.97 105.97 50.87
2022 04 21 21 16 52.99 106.07 50.82
2022 04 21 21 17 53.02 106.18 50.76
2022 04 21 21 18 53.04 106.28 50.71
2022 04 21 21 19 53.06 106.38 50.65
2022 04 21 21 20 53.08 106.48 50.60
2022 04 21 21 21 53.10 106.58 50.55
2022 04 21 21 22 53.12 106.68 50.50
2022 04 21 21 23 53.14 106.78 50.45
2022 04 21 21 24 53.16 106.88 50.40
2022 04 21 21 25 53.18 106.98 50.36
2022 04 21 21 26 53.19 107.08 50.32
2022 04 21 21 27 53.21 107.18 50.27
2022 04 21 21 28 53.22 107.27 50.23
2022 04 21 21 29 53.24 107.37 50.19
2022 04 21 21 30 53.25 107.46 50.15
2022 04 21 21 31 53.26 107.56 50.12
2022 04 21 21 32 53.27 107.65 50.08
2022 04 21 21 33 53.28 107.75 50.05
2022 04 21 21 34 53.29 107.84 50.02
2022 04 21 21 35 53.30 107.93 49.99
2022 04 21 21 36 53.31 108.03 49.96
2022 04 21 21 37 53.31 108.12 49.93
2022 04 21 21 38 53.32 108.21 49.91
2022 04 21 21 39 53.33 108.30 49.88
2022 04 21 21 40 53.33 108.39 49.86
2022 04 21 21 41 53.33 108.48 49.84
2022 04 21 21 42 53.34 108.57 49.82
2022 04 21 21 43 53.34 108.66 49.81
2022 04 21 21 44 53.34 108.75 49.79
2022 04 21 21 45 53.34 108.83 49.78
2022 04 21 21 46 53.34 108.92 49.76
2022 04 21 21 47 53.34 109.01 49.75
2022 04 21 21 48 53.33 109.09 49.75
2022 04 21 21 49 53.33 109.18 49.74
2022 04 21 21 50 53.33 109.26 49.73
2022 04 21 21 51 53.32 109.35 49.73
2022 04 21 21 52 53.32 109.43 49.73
2022 04 21 21 53 53.31 109.51 49.73
2022 04 21 21 54 53.30 109.60 49.73
2022 04 21 21 55 53.29 109.68 49.73
2022 04 21 21 56 53.28 109.76 49.74
2022 04 21 21 57 53.27 109.84 49.74
2022 04 21 21 58 53.26 109.92 49.75
2022 04 21 21 59 53.25 110.00 49.76
2022 04 21 22 00 53.24 110.08 49.77
2022 04 21 22 01 53.23 110.16 49.79
2022 04 21 22 02 53.21 110.24 49.80
2022 04 21 22 03 53.20 110.32 49.82
2022 04 21 22 04 53.18 110.39 49.84
2022 04 21 22 05 53.16 110.47 49.86
2022 04 21 22 06 53.15 110.55 49.88
2022 04 21 22 07 53.13 110.62 49.90
2022 04 21 22 08 53.11 110.70 49.93
2022 04 21 22 09 53.09 110.77 49.96
2022 04 21 22 10 53.07 110.85 49.99
2022 04 21 22 11 53.05 110.92 50.02
2022 04 21 22 12 53.02 110.99 50.05
2022 04 21 22 13 53.00 111.07 50.08
2022 04 21 22 14 52.98 111.14 50.12
2022 04 21 22 15 52.95 111.21 50.16
2022 04 21 22 16 52.93 111.28 50.19
2022 04 21 22 17 52.90 111.35 50.23
2022 04 21 22 18 52.87 111.43 50.28
2022 04 21 22 19 52.84 111.50 50.32
2022 04 21 22 20 52.81 111.56 50.37
2022 04 21 22 21 52.78 111.63 50.41
2022 04 21 22 22 52.75 111.70 50.46
2022 04 21 22 23 52.72 111.77 50.51
2022 04 21 22 24 52.69 111.84 50.56
2022 04 21 22 25 52.66 111.90 50.62
2022 04 21 22 26 52.62 111.97 50.67
2022 04 21 22 27 52.59 112.04 50.73
2022 04 21 22 28 52.55 112.10 50.79
2022 04 21 22 29 52.52 112.17 50.85
2022 04 21 22 30 52.48 112.23 50.91
2022 04 21 22 31 52.44 112.30 50.97
2022 04 21 22 32 52.40 112.36 51.03
2022 04 21 22 33 52.36 112.42 51.10
2022 04 21 22 34 52.32 112.49 51.17
2022 04 21 22 35 52.28 112.55 51.24
2022 04 21 22 36 52.24 112.61 51.31
2022 04 21 22 37 52.20 112.67 51.38
2022 04 21 22 38 52.16 112.73 51.45
2022 04 21 22 39 52.11 112.79 51.52
2022 04 21 22 40 52.07 112.85 51.60
2022 04 21 22 41 52.02 112.91 51.68
2022 04 21 22 42 51.98 112.97 51.75
2022 04 21 22 43 51.93 113.03 51.83
2022 04 21 22 44 51.88 113.09 51.92
2022 04 21 22 45 51.83 113.15 52.00
2022 04 21 22 46 51.78 113.20 52.08
2022 04 21 22 47 51.73 113.26 52.17
2022 04 21 22 48 51.68 113.32 52.25
2022 04 21 22 49 51.63 113.37 52.34
2022 04 21 22 50 51.58 113.43 52.43
2022 04 21 22 51 51.53 113.49 52.52
2022 04 21 22 52 51.47 113.54 52.61
2022 04 21 22 53 51.42 113.59 52.70
2022 04 21 22 54 51.37 113.65 52.79
2022 04 21 22 55 51.31 113.70 52.89
2022 04 21 22 56 51.25 113.75 52.98
2022 04 21 22 57 51.20 113.81 53.08
2022 04 21 22 58 51.14 113.86 53.18
2022 04 21 22 59 51.08 113.91 53.28
2022 04 21 23 00 51.02 113.96 53.38
2022 04 21 23 01 50.96 114.01 53.48
2022 04 21 23 02 50.90 114.06 53.58
2022 04 21 23 03 50.84 114.11 53.69
2022 04 21 23 04 50.78 114.16 53.79
2022 04 21 23 05 50.72 114.21 53.89
2022 04 21 23 06 50.65 114.26 54.00
2022 04 21 23 07 50.59 114.31 54.11
2022 04 21 23 08 50.52 114.36 54.22
2022 04 21 23 09 50.46 114.41 54.33
2022 04 21 23 10 50.39 114.45 54.44
2022 04 21 23 11 50.33 114.50 54.55
2022 04 21 23 12 50.26 114.55 54.66
2022 04 21 23 13 50.19 114.59 54.77
2022 04 21 23 14 50.12 114.64 54.88
2022 04 21 23 15 50.06 114.68 55.00
2022 04 21 23 16 49.99 114.73 55.11
2022 04 21 23 17 49.92 114.77 55.23
2022 04 21 23 18 49.84 114.82 55.35
2022 04 21 23 19 49.77 114.86 55.46
2022 04 21 23 20 49.70 114.90 55.58
2022 04 21 23 21 49.63 114.95 55.70
2022 04 21 23 22 49.56 114.99 55.82
2022 04 21 23 23 49.48 115.03 55.94
2022 04 21 23 24 49.41 115.07 56.06
2022 04 21 23 25 49.33 115.12 56.19
2022 04 21 23 26 49.26 115.16 56.31
2022 04 21 23 27 49.18 115.20 56.43
2022 04 21 23 28 49.10 115.24 56.56
2022 04 21 23 29 49.03 115.28 56.68
2022 04 21 23 30 48.95 115.32 56.81
2022 04 21 23 31 48.87 115.36 56.93
2022 04 21 23 32 48.79 115.40 57.06
2022 04 21 23 33 48.71 115.43 57.18
2022 04 21 23 34 48.63 115.47 57.31
2022 04 21 23 35 48.55 115.51 57.44
2022 04 21 23 36 48.47 115.55 57.57
2022 04 21 23 37 48.39 115.59 57.70
2022 04 21 23 38 48.31 115.62 57.83
2022 04 21 23 39 48.22 115.66 57.96
2022 04 21 23 40 48.14 115.70 58.09
2022 04 21 23 41 48.06 115.73 58.22
2022 04 21 23 42 47.97 115.77 58.35
2022 04 21 23 43 47.89 115.80 58.48
2022 04 21 23 44 47.80 115.84 58.62
2022 04 21 23 45 47.72 115.87 58.75
2022 04 21 23 46 47.63 115.91 58.88
2022 04 21 23 47 47.54 115.94 59.02
2022 04 21 23 48 47.45 115.97 59.15
2022 04 21 23 49 47.37 116.01 59.29
2022 04 21 23 50 47.28 116.04 59.42
2022 04 21 23 51 47.19 116.07 59.56
2022 04 21 23 52 47.10 116.10 59.69
2022 04 21 23 53 47.01 116.14 59.83
2022 04 21 23 54 46.92 116.17 59.97
2022 04 21 23 55 46.83 116.20 60.10
2022 04 21 23 56 46.74 116.23 60.24
2022 04 21 23 57 46.65 116.26 60.38
2022 04 21 23 58 46.55 116.29 60.51
2022 04 21 23 59 46.46 116.32 60.65
2022 04 22 00 00 46.37 116.35 60.79
2022 04 22 00 01 46.27 116.38 60.93
2022 04 22 00 02 46.18 116.41 61.07
2022 04 22 00 03 46.09 116.44 61.21
2022 04 22 00 04 45.99 116.47 61.35
2022 04 22 00 05 45.90 116.49 61.49
2022 04 22 00 06 45.80 116.52 61.63
2022 04 22 00 07 45.70 116.55 61.77
2022 04 22 00 08 45.61 116.58 61.91
2022 04 22 00 09 45.51 116.60 62.05
2022 04 22 00 10 45.41 116.63 62.19
2022 04 22 00 11 45.31 116.66 62.33
2022 04 22 00 12 45.22 116.68 62.47
2022 04 22 00 13 45.12 116.71 62.61
2022 04 22 00 14 45.02 116.73 62.75
2022 04 22 00 15 44.92 116.76 62.89
2022 04 22 00 16 44.82 116.78 63.04
2022 04 22 00 17 44.72 116.81 63.18
2022 04 22 00 18 44.62 116.83 63.32
2022 04 22 00 19 44.52 116.86 63.46
2022 04 22 00 20 44.42 116.88 63.60
2022 04 22 00 21 44.31 116.90 63.75
2022 04 22 00 22 44.21 116.93 63.89
2022 04 22 00 23 44.11 116.95 64.03
2022 04 22 00 24 44.01 116.97 64.17
2022 04 22 00 25 43.90 117.00 64.32
2022 04 22 00 26 43.80 117.02 64.46
2022 04 22 00 27 43.70 117.04 64.60
2022 04 22 00 28 43.59 117.06 64.74
2022 04 22 00 29 43.49 117.08 64.89
2022 04 22 00 30 43.38 117.11 65.03
2022 04 22 00 31 43.28 117.13 65.17
2022 04 22 00 32 43.17 117.15 65.32
2022 04 22 00 33 43.07 117.17 65.46
2022 04 22 00 34 42.96 117.19 65.60
2022 04 22 00 35 42.85 117.21 65.75
2022 04 22 00 36 42.75 117.23 65.89
2022 04 22 00 37 42.64 117.25 66.03
2022 04 22 00 38 42.53 117.27 66.18
2022 04 22 00 39 42.42 117.29 66.32
2022 04 22 00 40 42.32 117.30 66.46
2022 04 22 00 41 42.21 117.32 66.61
2022 04 22 00 42 42.10 117.34 66.75
2022 04 22 00 43 41.99 117.36 66.89
2022 04 22 00 44 41.88 117.38 67.04
2022 04 22 00 45 41.77 117.39 67.18
2022 04 22 00 46 41.66 117.41 67.32
2022 04 22 00 47 41.55 117.43 67.47
2022 04 22 00 48 41.44 117.45 67.61
2022 04 22 00 49 41.33 117.46 67.75
2022 04 22 00 50 41.22 117.48 67.90
2022 04 22 00 51 41.11 117.50 68.04
2022 04 22 00 52 40.99 117.51 68.18
2022 04 22 00 53 40.88 117.53 68.32
2022 04 22 00 54 40.77 117.54 68.47
2022 04 22 00 55 40.66 117.56 68.61
2022 04 22 00 56 40.55 117.57 68.75
2022 04 22 00 57 40.43 117.59 68.90
2022 04 22 00 58 40.32 117.60 69.04
2022 04 22 00 59 40.21 117.62 69.18
2022 04 22 01 00 40.09 117.63 69.32
2022 04 22 01 01 39.98 117.65 69.47
2022 04 22 01 02 39.86 117.66 69.61
2022 04 22 01 03 39.75 117.67 69.75
2022 04 22 01 04 39.63 117.69 69.89
2022 04 22 01 05 39.52 117.70 70.03
2022 04 22 01 06 39.40 117.71 70.18
2022 04 22 01 07 39.29 117.72 70.32
2022 04 22 01 08 39.17 117.74 70.46
2022 04 22 01 09 39.06 117.75 70.60
2022 04 22 01 10 38.94 117.76 70.74
2022 04 22 01 11 38.83 117.77 70.88
2022 04 22 01 12 38.71 117.79 71.03
2022 04 22 01 13 38.59 117.80 71.17
2022 04 22 01 14 38.48 117.81 71.31
2022 04 22 01 15 38.36 117.82 71.45
2022 04 22 01 16 38.24 117.83 71.59
2022 04 22 01 17 38.12 117.84 71.73
2022 04 22 01 18 38.01 117.85 71.87
2022 04 22 01 19 37.89 117.86 72.01
2022 04 22 01 20 37.77 117.87 72.15
2022 04 22 01 21 37.65 117.88 72.29
2022 04 22 01 22 37.53 117.89 72.43
2022 04 22 01 23 37.42 117.90 72.57
2022 04 22 01 24 37.30 117.91 72.71
2022 04 22 01 25 37.18 117.92 72.85
2022 04 22 01 26 37.06 117.93 72.99
2022 04 22 01 27 36.94 117.94 73.13
2022 04 22 01 28 36.82 117.95 73.27
2022 04 22 01 29 36.70 117.96 73.40
2022 04 22 01 30 36.58 117.96 73.54
2022 04 22 01 31 36.46 117.97 73.68
2022 04 22 01 32 36.34 117.98 73.82
2022 04 22 01 33 36.22 117.99 73.96
2022 04 22 01 34 36.10 118.00 74.09
2022 04 22 01 35 35.98 118.00 74.23
2022 04 22 01 36 35.86 118.01 74.37
2022 04 22 01 37 35.74 118.02 74.51
2022 04 22 01 38 35.62 118.02 74.64
2022 04 22 01 39 35.50 118.03 74.78
2022 04 22 01 40 35.38 118.04 74.91
2022 04 22 01 41 35.25 118.04 75.05
2022 04 22 01 42 35.13 118.05 75.19
2022 04 22 01 43 35.01 118.05 75.32
2022 04 22 01 44 34.89 118.06 75.46
2022 04 22 01 45 34.77 118.07 75.59
2022 04 22 01 46 34.65 118.07 75.73
2022 04 22 01 47 34.52 118.08 75.86
2022 04 22 01 48 34.40 118.08 76.00
2022 04 22 01 49 34.28 118.09 76.13
2022 04 22 01 50 34.16 118.09 76.26
2022 04 22 01 51 34.03 118.10 76.40
2022 04 22 01 52 33.91 118.10 76.53
2022 04 22 01 53 33.79 118.10 76.66
2022 04 22 01 54 33.67 118.11 76.79
2022 04 22 01 55 33.54 118.11 76.93
2022 04 22 01 56 33.42 118.12 77.06
2022 04 22 01 57 33.30 118.12 77.19
2022 04 22 01 58 33.17 118.12 77.32
2022 04 22 01 59 33.05 118.13 77.45
2022 04 22 02 00 32.93 118.13 77.58
2022 04 22 02 01 32.80 118.13 77.71
2022 04 22 02 02 32.68 118.14 77.84
2022 04 22 02 03 32.55 118.14 77.97
2022 04 22 02 04 32.43 118.14 78.10
2022 04 22 02 05 32.31 118.14 78.23
2022 04 22 02 06 32.18 118.14 78.35
2022 04 22 02 07 32.06 118.15 78.48
2022 04 22 02 08 31.93 118.15 78.61
2022 04 22 02 09 31.81 118.15 78.73
2022 04 22 02 10 31.69 118.15 78.86
2022 04 22 02 11 31.56 118.15 78.99
2022 04 22 02 12 31.44 118.15 79.11
2022 04 22 02 13 31.31 118.15 79.24
2022 04 22 02 14 31.19 118.15 79.36
2022 04 22 02 15 31.06 118.16 79.48
2022 04 22 02 16 30.94 118.16 79.61
2022 04 22 02 17 30.81 118.16 79.73
2022 04 22 02 18 30.69 118.16 79.85
2022 04 22 02 19 30.56 118.16 79.97
2022 04 22 02 20 30.44 118.16 80.09
2022 04 22 02 21 30.31 118.16 80.21
2022 04 22 02 22 30.19 118.15 80.33
2022 04 22 02 23 30.06 118.15 80.45
2022 04 22 02 24 29.94 118.15 80.57
2022 04 22 02 25 29.81 118.15 80.69
2022 04 22 02 26 29.69 118.15 80.80
2022 04 22 02 27 29.56 118.15 80.92
2022 04 22 02 28 29.44 118.15 81.03
2022 04 22 02 29 29.31 118.15 81.15
2022 04 22 02 30 29.19 118.14 81.26
2022 04 22 02 31 29.06 118.14 81.37
2022 04 22 02 32 28.94 118.14 81.48
2022 04 22 02 33 28.81 118.14 81.60
2022 04 22 02 34 28.69 118.13 81.71
2022 04 22 02 35 28.56 118.13 81.81
2022 04 22 02 36 28.43 118.13 81.92
2022 04 22 02 37 28.31 118.13 82.03
2022 04 22 02 38 28.18 118.12 82.14
2022 04 22 02 39 28.06 118.12 82.24
2022 04 22 02 40 27.93 118.12 82.34
2022 04 22 02 41 27.81 118.11 82.45
2022 04 22 02 42 27.68 118.11 82.55
2022 04 22 02 43 27.56 118.10 82.65
2022 04 22 02 44 27.43 118.10 82.75
2022 04 22 02 45 27.30 118.10 82.84
2022 04 22 02 46 27.18 118.09 82.94
2022 04 22 02 47 27.05 118.09 83.03
2022 04 22 02 48 26.93 118.08 83.12
2022 04 22 02 49 26.80 118.08 83.22
2022 04 22 02 50 26.68 118.07 83.31
2022 04 22 02 51 26.55 118.07 83.39
2022 04 22 02 52 26.43 118.06 83.48
2022 04 22 02 53 26.30 118.05 83.56
2022 04 22 02 54 26.17 118.05 83.64
2022 04 22 02 55 26.05 118.04 83.72
2022 04 22 02 56 25.92 118.04 83.80
2022 04 22 02 57 25.80 118.03 83.88
2022 04 22 02 58 25.67 118.02 83.95
2022 04 22 02 59 25.55 118.02 84.02
2022 04 22 03 00 25.42 118.01 84.09
2022 04 22 03 01 25.30 118.00 84.15
2022 04 22 03 02 25.17 117.99 84.21
2022 04 22 03 03 25.05 117.99 84.27
2022 04 22 03 04 24.92 117.98 84.33
2022 04 22 03 05 24.80 117.97 84.38
2022 04 22 03 06 24.67 117.96 84.43
2022 04 22 03 07 24.54 117.95 84.47
2022 04 22 03 08 24.42 117.95 84.52
2022 04 22 03 09 24.29 117.94 84.55
2022 04 22 03 10 24.17 117.93 84.58
2022 04 22 03 11 24.04 117.92 84.61
2022 04 22 03 12 23.92 117.91 84.64
2022 04 22 03 13 23.79 117.90 84.65
2022 04 22 03 14 23.67 117.89 84.67
2022 04 22 03 15 23.54 117.88 84.67
2022 04 22 03 16 23.42 117.87 84.67
2022 04 22 03 17 23.29 117.86 84.67
2022 04 22 03 18 23.17 117.85 84.66
2022 04 22 03 19 23.05 117.84 84.64
2022 04 22 03 20 22.92 117.83 84.61
2022 04 22 03 21 22.80 117.82 84.57
2022 04 22 03 22 22.67 117.81 84.53
2022 04 22 03 23 22.55 117.79 84.47
2022 04 22 03 24 22.42 117.78 84.41
2022 04 22 03 25 22.30 117.77 84.34
2022 04 22 03 26 22.17 117.76 84.25
2022 04 22 03 27 22.05 117.75 84.15
2022 04 22 03 28 21.93 117.73 84.04
2022 04 22 03 29 21.80 117.72 83.91
2022 04 22 03 30 21.68 117.71 83.77
2022 04 22 03 31 21.55 117.70 83.62
2022 04 22 03 32 21.43 117.68 83.44
2022 04 22 03 33 21.31 117.67 83.25
2022 04 22 03 34 21.18 117.66 83.04
2022 04 22 03 35 21.06 117.64 82.81
2022 04 22 03 36 20.94 117.63 82.56
2022 04 22 03 37 20.81 117.61 82.28
2022 04 22 03 38 20.69 117.60 81.98
2022 04 22 03 39 20.57 117.58 81.65
2022 04 22 03 40 20.44 117.57 81.29
2022 04 22 03 41 20.32 117.55 80.91
2022 04 22 03 42 20.20 117.54 80.49
2022 04 22 03 43 20.07 117.52 80.04
2022 04 22 03 44 19.95 117.51 79.57
2022 04 22 03 45 19.83 117.49 79.05
2022 04 22 03 46 19.71 117.48 78.51
2022 04 22 03 47 19.58 117.46 77.94
2022 04 22 03 48 19.46 117.44 77.33
2022 04 22 03 49 19.34 117.43 76.70
2022 04 22 03 50 19.22 117.41 76.05
2022 04 22 03 51 19.09 117.39 75.39
2022 04 22 03 52 18.97 117.37 74.71
2022 04 22 03 53 18.85 117.36 74.03
2022 04 22 03 54 18.73 117.34 73.36
2022 04 22 03 55 18.61 117.32 72.71
2022 04 22 03 56 18.49 117.30 72.09
2022 04 22 03 57 18.36 117.28 71.51
2022 04 22 03 58 18.24 117.26 70.98
2022 04 22 03 59 18.12 117.24 70.50
2022 04 22 04 00 18.00 117.22 70.08
2022 04 22 04 01 17.88 117.20 69.72
2022 04 22 04 02 17.76 117.18 69.43
2022 04 22 04 03 17.64 117.16 69.19
2022 04 22 04 04 17.52 117.14 69.02
2022 04 22 04 05 17.40 117.12 68.89
2022 04 22 04 06 17.28 117.10 68.81
2022 04 22 04 07 17.16 117.08 68.77
2022 04 22 04 08 17.04 117.06 68.76
2022 04 22 04 09 16.92 117.04 68.78
2022 04 22 04 10 16.80 117.01 68.82
2022 04 22 04 11 16.68 116.99 68.88
2022 04 22 04 12 16.56 116.97 68.95
2022 04 22 04 13 16.44 116.95 69.02
2022 04 22 04 14 16.32 116.92 69.10
2022 04 22 04 15 16.20 116.90 69.18
2022 04 22 04 16 16.08 116.88 69.26
2022 04 22 04 17 15.96 116.85 69.34
2022 04 22 04 18 15.84 116.83 69.42
2022 04 22 04 19 15.72 116.80 69.49
2022 04 22 04 20 15.61 116.78 69.56
2022 04 22 04 21 15.49 116.75 69.62
2022 04 22 04 22 15.37 116.73 69.67
2022 04 22 04 23 15.25 116.70 69.72
2022 04 22 04 24 15.13 116.68 69.76
2022 04 22 04 25 15.02 116.65 69.79
2022 04 22 04 26 14.90 116.62 69.82
2022 04 22 04 27 14.78 116.60 69.84
2022 04 22 04 28 14.67 116.57 69.86
2022 04 22 04 29 14.55 116.54 69.87
2022 04 22 04 30 14.43 0.00 0.00
2022 04 22 04 31 14.31 0.00 0.00
2022 04 22 04 32 14.20 0.00 0.00
2022 04 22 04 33 14.08 0.00 0.00
2022 04 22 04 34 13.97 0.00 0.00
2022 04 22 04 35 13.85 0.00 0.00
2022 04 22 04 36 13.73 0.00 0.00
2022 04 22 04 37 13.62 0.00 0.00
2022 04 22 04 38 13.50 0.00 0.00
2022 04 22 04 39 13.39 0.00 0.00
2022 04 22 04 40 13.27 0.00 0.00
2022 04 22 04 41 13.16 0.00 0.00
2022 04 22 04 42 13.04 0.00 0.00
2022 04 22 04 43 12.93 0.00 0.00
2022 04 22 04 44 12.81 0.00 0.00
2022 04 22 04 45 12.70 0.00 0.00
2022 04 22 04 46 12.59 0.00 0.00
2022 04 22 04 47 12.47 0.00 0.00
2022 04 22 04 48 12.36 0.00 0.00
2022 04 22 04 49 12.25 0.00 0.00
2022 04 22 04 50 12.13 0.00 0.00
2022 04 22 04 51 12.02 0.00 0.00
2022 04 22 04 52 11.91 0.00 0.00
2022 04 22 04 53 11.79 0.00 0.00
2022 04 22 04 54 11.68 0.00 0.00
2022 04 22 04 55 11.57 0.00 0.00
2022 04 22 04 56 11.46 0.00 0.00
2022 04 22 04 57 11.35 0.00 0.00
2022 04 22 04 58 11.23 0.00 0.00
2022 04 22 04 59 11.12 0.00 0.00
