2022 04 20 17 00 28.80 0.00 0.00
2022 04 20 17 01 28.93 0.00 0.00
2022 04 20 17 02 29.05 0.00 0.00
2022 04 20 17 03 29.18 0.00 0.00
2022 04 20 17 04 29.30 0.00 0.00
2022 04 20 17 05 29.43 0.00 0.00
2022 04 20 17 06 29.55 0.00 0.00
2022 04 20 17 07 29.68 0.00 0.00
2022 04 20 17 08 29.80 0.00 0.00
2022 04 20 17 09 29.93 0.00 0.00
2022 04 20 17 10 30.06 0.00 0.00
2022 04 20 17 11 30.18 0.00 0.00
2022 04 20 17 12 30.31 0.00 0.00
2022 04 20 17 13 30.43 0.00 0.00
2022 04 20 17 14 30.56 0.00 0.00
2022 04 20 17 15 30.68 0.00 0.00
2022 04 20 17 16 30.81 0.00 0.00
2022 04 20 17 17 30.93 65.19 0.00
2022 04 20 17 18 31.05 65.40 0.00
2022 04 20 17 19 31.18 65.61 0.00
2022 04 20 17 20 31.30 65.82 0.00
2022 04 20 17 21 31.43 66.04 0.00
2022 04 20 17 22 31.55 66.25 0.00
2022 04 20 17 23 31.68 66.46 0.00
2022 04 20 17 24 31.80 66.68 0.00
2022 04 20 17 25 31.93 66.89 0.00
2022 04 20 17 26 32.05 67.10 0.00
2022 04 20 17 27 32.17 67.31 0.00
2022 04 20 17 28 32.30 67.53 0.00
2022 04 20 17 29 32.42 67.74 0.00
2022 04 20 17 30 32.55 67.95 0.00
2022 04 20 17 31 32.67 68.16 0.00
2022 04 20 17 32 32.79 68.37 0.00
2022 04 20 17 33 32.92 68.59 0.00
2022 04 20 17 34 33.04 68.80 0.00
2022 04 20 17 35 33.16 69.01 0.00
2022 04 20 17 36 33.29 69.22 0.00
2022 04 20 17 37 33.41 69.43 0.00
2022 04 20 17 38 33.53 69.64 0.00
2022 04 20 17 39 33.66 69.85 0.00
2022 04 20 17 40 33.78 70.07 0.00
2022 04 20 17 41 33.90 70.28 0.00
2022 04 20 17 42 34.03 70.49 0.00
2022 04 20 17 43 34.15 70.70 0.00
2022 04 20 17 44 34.27 70.91 0.00
2022 04 20 17 45 34.39 71.12 0.00
2022 04 20 17 46 34.52 71.33 0.00
2022 04 20 17 47 34.64 71.54 0.00
2022 04 20 17 48 34.76 71.75 0.00
2022 04 20 17 49 34.88 71.96 0.00
2022 04 20 17 50 35.00 72.16 0.00
2022 04 20 17 51 35.13 72.37 0.00
2022 04 20 17 52 35.25 72.58 0.00
2022 04 20 17 53 35.37 72.79 0.00
2022 04 20 17 54 35.49 73.00 0.00
2022 04 20 17 55 35.61 73.21 0.00
2022 04 20 17 56 35.73 73.41 0.00
2022 04 20 17 57 35.85 73.62 0.00
2022 04 20 17 58 35.97 73.83 0.00
2022 04 20 17 59 36.09 74.03 0.00
2022 04 20 18 00 36.21 74.24 0.00
2022 04 20 18 01 36.34 74.45 0.00
2022 04 20 18 02 36.46 74.65 0.00
2022 04 20 18 03 36.58 74.86 0.00
2022 04 20 18 04 36.69 75.06 0.00
2022 04 20 18 05 36.81 75.27 0.00
2022 04 20 18 06 36.93 75.47 0.00
2022 04 20 18 07 37.05 75.68 0.00
2022 04 20 18 08 37.17 75.88 0.00
2022 04 20 18 09 37.29 76.09 0.00
2022 04 20 18 10 37.41 76.29 0.00
2022 04 20 18 11 37.53 76.49 0.00
2022 04 20 18 12 37.65 76.70 0.00
2022 04 20 18 13 37.77 76.90 0.00
2022 04 20 18 14 37.88 77.10 0.00
2022 04 20 18 15 38.00 77.30 0.00
2022 04 20 18 16 38.12 77.50 0.00
2022 04 20 18 17 38.24 77.71 0.00
2022 04 20 18 18 38.35 77.91 0.00
2022 04 20 18 19 38.47 78.11 0.00
2022 04 20 18 20 38.59 78.31 0.00
2022 04 20 18 21 38.70 78.51 0.00
2022 04 20 18 22 38.82 78.71 0.00
2022 04 20 18 23 38.94 78.91 0.00
2022 04 20 18 24 39.05 79.10 0.00
2022 04 20 18 25 39.17 79.30 0.00
2022 04 20 18 26 39.28 79.50 0.00
2022 04 20 18 27 39.40 79.70 0.00
2022 04 20 18 28 39.51 79.90 0.00
2022 04 20 18 29 39.63 80.09 0.00
2022 04 20 18 30 39.74 80.29 0.00
2022 04 20 18 31 39.86 80.48 0.00
2022 04 20 18 32 39.97 80.68 0.00
2022 04 20 18 33 40.09 80.87 0.00
2022 04 20 18 34 40.20 81.07 0.00
2022 04 20 18 35 40.31 81.26 0.00
2022 04 20 18 36 40.43 81.46 0.00
2022 04 20 18 37 40.54 81.65 0.00
2022 04 20 18 38 40.65 81.84 0.00
2022 04 20 18 39 40.77 82.04 0.00
2022 04 20 18 40 40.88 82.23 0.00
2022 04 20 18 41 40.99 82.42 0.00
2022 04 20 18 42 41.10 82.61 0.00
2022 04 20 18 43 41.21 82.80 0.00
2022 04 20 18 44 41.32 82.99 0.00
2022 04 20 18 45 41.43 83.18 0.00
2022 04 20 18 46 41.55 83.37 0.00
2022 04 20 18 47 41.66 83.56 0.00
2022 04 20 18 48 41.77 83.75 0.00
2022 04 20 18 49 41.88 83.94 0.00
2022 04 20 18 50 41.98 84.12 0.00
2022 04 20 18 51 42.09 84.31 0.00
2022 04 20 18 52 42.20 84.50 0.00
2022 04 20 18 53 42.31 84.68 0.00
2022 04 20 18 54 42.42 84.87 0.00
2022 04 20 18 55 42.53 85.06 0.00
2022 04 20 18 56 42.63 85.24 0.00
2022 04 20 18 57 42.74 85.42 0.00
2022 04 20 18 58 42.85 85.61 0.00
2022 04 20 18 59 42.96 85.79 0.00
2022 04 20 19 00 43.06 85.97 0.00
2022 04 20 19 01 43.17 86.16 0.00
2022 04 20 19 02 43.27 86.34 0.00
2022 04 20 19 03 43.38 86.52 0.00
2022 04 20 19 04 43.48 86.70 0.00
2022 04 20 19 05 43.59 86.88 0.00
2022 04 20 19 06 43.69 87.06 0.00
2022 04 20 19 07 43.80 87.24 0.00
2022 04 20 19 08 43.90 87.42 0.00
2022 04 20 19 09 44.00 87.60 0.00
2022 04 20 19 10 44.11 87.78 0.00
2022 04 20 19 11 44.21 87.95 0.00
2022 04 20 19 12 44.31 88.13 0.00
2022 04 20 19 13 44.41 88.31 0.00
2022 04 20 19 14 44.51 88.48 0.00
2022 04 20 19 15 44.62 88.66 0.00
2022 04 20 19 16 44.72 88.83 0.00
2022 04 20 19 17 44.82 89.01 0.00
2022 04 20 19 18 44.92 89.18 0.00
2022 04 20 19 19 45.02 89.35 0.00
2022 04 20 19 20 45.12 89.53 0.00
2022 04 20 19 21 45.21 89.70 0.00
2022 04 20 19 22 45.31 89.87 0.00
2022 04 20 19 23 45.41 90.04 0.00
2022 04 20 19 24 45.51 90.21 0.00
2022 04 20 19 25 45.60 90.38 0.00
2022 04 20 19 26 45.70 90.55 0.00
2022 04 20 19 27 45.80 90.72 0.00
2022 04 20 19 28 45.89 90.89 0.00
2022 04 20 19 29 45.99 91.05 0.00
2022 04 20 19 30 46.08 91.22 0.00
2022 04 20 19 31 46.18 91.39 0.00
2022 04 20 19 32 46.27 91.55 0.00
2022 04 20 19 33 46.37 91.72 0.00
2022 04 20 19 34 46.46 91.89 0.00
2022 04 20 19 35 46.55 92.05 0.00
2022 04 20 19 36 46.64 92.21 0.00
2022 04 20 19 37 46.74 92.38 0.00
2022 04 20 19 38 46.83 92.54 0.00
2022 04 20 19 39 46.92 92.70 0.00
2022 04 20 19 40 47.01 92.86 0.00
2022 04 20 19 41 47.10 93.02 0.00
2022 04 20 19 42 47.19 93.19 0.00
2022 04 20 19 43 47.28 93.34 0.00
2022 04 20 19 44 47.37 93.50 0.00
2022 04 20 19 45 47.45 93.66 0.00
2022 04 20 19 46 47.54 93.82 0.00
2022 04 20 19 47 47.63 93.98 0.00
2022 04 20 19 48 47.71 94.14 0.00
2022 04 20 19 49 47.80 94.29 0.00
2022 04 20 19 50 47.89 94.45 0.00
2022 04 20 19 51 47.97 94.60 0.00
2022 04 20 19 52 48.06 94.76 0.00
2022 04 20 19 53 48.14 94.91 0.00
2022 04 20 19 54 48.22 95.07 48.10
2022 04 20 19 55 48.31 95.22 48.04
2022 04 20 19 56 48.39 95.37 47.97
2022 04 20 19 57 48.47 95.52 47.91
2022 04 20 19 58 48.55 95.68 47.85
2022 04 20 19 59 48.63 95.83 47.79
2022 04 20 20 00 48.71 95.98 47.73
2022 04 20 20 01 48.79 96.13 47.67
2022 04 20 20 02 48.87 96.28 47.61
2022 04 20 20 03 48.95 96.42 47.55
2022 04 20 20 04 49.03 96.57 47.50
2022 04 20 20 05 49.11 96.72 47.44
2022 04 20 20 06 49.18 96.87 47.39
2022 04 20 20 07 49.26 97.01 47.33
2022 04 20 20 08 49.33 97.16 47.28
2022 04 20 20 09 49.41 97.30 47.22
2022 04 20 20 10 49.48 97.45 47.17
2022 04 20 20 11 49.56 97.59 47.12
2022 04 20 20 12 49.63 97.73 47.07
2022 04 20 20 13 49.70 97.88 47.02
2022 04 20 20 14 49.78 98.02 46.98
2022 04 20 20 15 49.85 98.16 46.93
2022 04 20 20 16 49.92 98.30 46.88
2022 04 20 20 17 49.99 98.44 46.84
2022 04 20 20 18 50.06 98.58 46.79
2022 04 20 20 19 50.13 98.72 46.75
2022 04 20 20 20 50.19 98.86 46.71
2022 04 20 20 21 50.26 99.00 46.67
2022 04 20 20 22 50.33 99.13 46.63
2022 04 20 20 23 50.40 99.27 46.59
2022 04 20 20 24 50.46 99.41 46.55
2022 04 20 20 25 50.53 99.54 46.52
2022 04 20 20 26 50.59 99.68 46.48
2022 04 20 20 27 50.66 99.81 46.45
2022 04 20 20 28 50.72 99.95 46.42
2022 04 20 20 29 50.78 100.08 46.39
2022 04 20 20 30 50.84 100.21 46.36
2022 04 20 20 31 50.90 100.34 46.33
2022 04 20 20 32 50.96 100.48 46.30
2022 04 20 20 33 51.02 100.61 46.27
2022 04 20 20 34 51.08 100.74 46.25
2022 04 20 20 35 51.14 100.87 46.23
2022 04 20 20 36 51.20 101.00 46.20
2022 04 20 20 37 51.26 101.12 46.18
2022 04 20 20 38 51.31 101.25 46.17
2022 04 20 20 39 51.37 101.38 46.15
2022 04 20 20 40 51.42 101.51 46.13
2022 04 20 20 41 51.48 101.63 46.12
2022 04 20 20 42 51.53 101.76 46.10
2022 04 20 20 43 51.58 101.88 46.09
2022 04 20 20 44 51.64 102.01 46.08
2022 04 20 20 45 51.69 102.13 46.07
2022 04 20 20 46 51.74 102.25 46.07
2022 04 20 20 47 51.79 102.38 46.06
2022 04 20 20 48 51.84 102.50 46.06
2022 04 20 20 49 51.89 102.62 46.06
2022 04 20 20 50 51.93 102.74 46.06
2022 04 20 20 51 51.98 102.86 46.06
2022 04 20 20 52 52.03 102.98 46.06
2022 04 20 20 53 52.07 103.10 46.06
2022 04 20 20 54 52.12 103.22 46.07
2022 04 20 20 55 52.16 103.34 46.08
2022 04 20 20 56 52.20 103.45 46.09
2022 04 20 20 57 52.25 103.57 46.10
2022 04 20 20 58 52.29 103.69 46.11
2022 04 20 20 59 52.33 103.80 46.12
2022 04 20 21 00 52.37 103.92 46.14
2022 04 20 21 01 52.41 104.03 46.16
2022 04 20 21 02 52.45 104.15 46.18
2022 04 20 21 03 52.49 104.26 46.20
2022 04 20 21 04 52.52 104.37 46.22
2022 04 20 21 05 52.56 104.48 46.25
2022 04 20 21 06 52.59 104.59 46.28
2022 04 20 21 07 52.63 104.71 46.30
2022 04 20 21 08 52.66 104.82 46.33
2022 04 20 21 09 52.70 104.93 46.37
2022 04 20 21 10 52.73 105.03 46.40
2022 04 20 21 11 52.76 105.14 46.44
2022 04 20 21 12 52.79 105.25 46.47
2022 04 20 21 13 52.82 105.36 46.51
2022 04 20 21 14 52.85 105.47 46.56
2022 04 20 21 15 52.88 105.57 46.60
2022 04 20 21 16 52.91 105.68 46.64
2022 04 20 21 17 52.93 105.78 46.69
2022 04 20 21 18 52.96 105.89 46.74
2022 04 20 21 19 52.98 105.99 46.79
2022 04 20 21 20 53.01 106.09 46.84
2022 04 20 21 21 53.03 106.20 46.90
2022 04 20 21 22 53.05 106.30 46.95
2022 04 20 21 23 53.08 106.40 47.01
2022 04 20 21 24 53.10 106.50 47.07
2022 04 20 21 25 53.12 106.60 47.13
2022 04 20 21 26 53.14 106.70 47.20
2022 04 20 21 27 53.15 106.80 47.26
2022 04 20 21 28 53.17 106.90 47.33
2022 04 20 21 29 53.19 107.00 47.40
2022 04 20 21 30 53.20 107.10 47.47
2022 04 20 21 31 53.22 107.20 47.54
2022 04 20 21 32 53.23 107.29 47.62
2022 04 20 21 33 53.25 107.39 47.69
2022 04 20 21 34 53.26 107.48 47.77
2022 04 20 21 35 53.27 107.58 47.85
2022 04 20 21 36 53.28 107.67 47.93
2022 04 20 21 37 53.29 107.77 48.02
2022 04 20 21 38 53.30 107.86 48.10
2022 04 20 21 39 53.31 107.95 48.19
2022 04 20 21 40 53.32 108.05 48.28
2022 04 20 21 41 53.32 108.14 48.37
2022 04 20 21 42 53.33 108.23 48.46
2022 04 20 21 43 53.34 108.32 48.56
2022 04 20 21 44 53.34 108.41 48.65
2022 04 20 21 45 53.34 108.50 48.75
2022 04 20 21 46 53.35 108.59 48.85
2022 04 20 21 47 53.35 108.68 48.95
2022 04 20 21 48 53.35 108.76 49.05
2022 04 20 21 49 53.35 108.85 49.16
2022 04 20 21 50 53.35 108.94 49.27
2022 04 20 21 51 53.35 109.02 49.37
2022 04 20 21 52 53.34 109.11 49.48
2022 04 20 21 53 53.34 109.20 49.59
2022 04 20 21 54 53.34 109.28 49.71
2022 04 20 21 55 53.33 109.36 49.82
2022 04 20 21 56 53.32 109.45 49.94
2022 04 20 21 57 53.32 109.53 50.05
2022 04 20 21 58 53.31 109.61 50.17
2022 04 20 21 59 53.30 109.70 50.29
2022 04 20 22 00 53.29 109.78 50.41
2022 04 20 22 01 53.28 109.86 50.54
2022 04 20 22 02 53.27 109.94 50.66
2022 04 20 22 03 53.26 110.02 50.79
2022 04 20 22 04 53.25 110.10 50.92
2022 04 20 22 05 53.23 110.18 51.05
2022 04 20 22 06 53.22 110.26 51.18
2022 04 20 22 07 53.20 110.33 51.31
2022 04 20 22 08 53.19 110.41 51.44
2022 04 20 22 09 53.17 110.49 51.58
2022 04 20 22 10 53.15 110.56 51.71
2022 04 20 22 11 53.13 110.64 51.85
2022 04 20 22 12 53.11 110.72 51.99
2022 04 20 22 13 53.09 110.79 52.13
2022 04 20 22 14 53.07 110.86 52.27
2022 04 20 22 15 53.05 110.94 52.41
2022 04 20 22 16 53.03 111.01 52.56
2022 04 20 22 17 53.01 111.08 52.70
2022 04 20 22 18 52.98 111.16 52.85
2022 04 20 22 19 52.96 111.23 52.99
2022 04 20 22 20 52.93 111.30 53.14
2022 04 20 22 21 52.90 111.37 53.29
2022 04 20 22 22 52.88 111.44 53.44
2022 04 20 22 23 52.85 111.51 53.59
2022 04 20 22 24 52.82 111.58 53.75
2022 04 20 22 25 52.79 111.65 53.90
2022 04 20 22 26 52.76 111.72 54.05
2022 04 20 22 27 52.73 111.79 54.21
2022 04 20 22 28 52.69 111.85 54.37
2022 04 20 22 29 52.66 111.92 54.52
2022 04 20 22 30 52.63 111.99 54.68
2022 04 20 22 31 52.59 112.05 54.84
2022 04 20 22 32 52.56 112.12 55.00
2022 04 20 22 33 52.52 112.18 55.16
2022 04 20 22 34 52.48 112.25 55.33
2022 04 20 22 35 52.44 112.31 55.49
2022 04 20 22 36 52.41 112.38 55.65
2022 04 20 22 37 52.37 112.44 55.82
2022 04 20 22 38 52.33 112.50 55.98
2022 04 20 22 39 52.29 112.56 56.15
2022 04 20 22 40 52.24 112.63 56.32
2022 04 20 22 41 52.20 112.69 56.48
2022 04 20 22 42 52.16 112.75 56.65
2022 04 20 22 43 52.11 112.81 56.82
2022 04 20 22 44 52.07 112.87 56.99
2022 04 20 22 45 52.02 112.93 57.16
2022 04 20 22 46 51.98 112.99 57.33
2022 04 20 22 47 51.93 113.05 57.51
2022 04 20 22 48 51.88 113.10 57.68
2022 04 20 22 49 51.83 113.16 57.85
2022 04 20 22 50 51.78 113.22 58.02
2022 04 20 22 51 51.73 113.28 58.20
2022 04 20 22 52 51.68 113.33 58.37
2022 04 20 22 53 51.63 113.39 58.55
2022 04 20 22 54 51.58 113.44 58.72
2022 04 20 22 55 51.53 113.50 58.90
2022 04 20 22 56 51.47 113.55 59.08
2022 04 20 22 57 51.42 113.61 59.25
2022 04 20 22 58 51.36 113.66 59.43
2022 04 20 22 59 51.31 113.71 59.61
2022 04 20 23 00 51.25 113.77 59.79
2022 04 20 23 01 51.20 113.82 59.96
2022 04 20 23 02 51.14 113.87 60.14
2022 04 20 23 03 51.08 113.92 60.32
2022 04 20 23 04 51.02 113.98 60.50
2022 04 20 23 05 50.96 114.03 60.68
2022 04 20 23 06 50.90 114.08 60.86
2022 04 20 23 07 50.84 114.13 61.04
2022 04 20 23 08 50.78 114.18 61.22
2022 04 20 23 09 50.71 114.23 61.40
2022 04 20 23 10 50.65 114.27 61.59
2022 04 20 23 11 50.59 114.32 61.77
2022 04 20 23 12 50.52 114.37 61.95
2022 04 20 23 13 50.46 114.42 62.13
2022 04 20 23 14 50.39 114.47 62.31
2022 04 20 23 15 50.32 114.51 62.50
2022 04 20 23 16 50.26 114.56 62.68
2022 04 20 23 17 50.19 114.60 62.86
2022 04 20 23 18 50.12 114.65 63.04
2022 04 20 23 19 50.05 114.70 63.23
2022 04 20 23 20 49.98 114.74 63.41
2022 04 20 23 21 49.91 114.79 63.59
2022 04 20 23 22 49.84 114.83 63.77
2022 04 20 23 23 49.77 114.87 63.96
2022 04 20 23 24 49.70 114.92 64.14
2022 04 20 23 25 49.62 114.96 64.32
2022 04 20 23 26 49.55 115.00 64.51
2022 04 20 23 27 49.48 115.04 64.69
2022 04 20 23 28 49.40 115.09 64.87
2022 04 20 23 29 49.33 115.13 65.06
2022 04 20 23 30 49.25 115.17 65.24
2022 04 20 23 31 49.18 115.21 65.42
2022 04 20 23 32 49.10 115.25 65.61
2022 04 20 23 33 49.02 115.29 65.79
2022 04 20 23 34 48.94 115.33 65.97
2022 04 20 23 35 48.87 115.37 66.16
2022 04 20 23 36 48.79 115.41 66.34
2022 04 20 23 37 48.71 115.45 66.52
2022 04 20 23 38 48.63 115.48 66.70
2022 04 20 23 39 48.55 115.52 66.89
2022 04 20 23 40 48.46 115.56 67.07
2022 04 20 23 41 48.38 115.60 67.25
2022 04 20 23 42 48.30 115.63 67.43
2022 04 20 23 43 48.22 115.67 67.62
2022 04 20 23 44 48.13 115.71 67.80
2022 04 20 23 45 48.05 115.74 67.98
2022 04 20 23 46 47.96 115.78 68.16
2022 04 20 23 47 47.88 115.81 68.34
2022 04 20 23 48 47.79 115.85 68.52
2022 04 20 23 49 47.71 115.88 68.70
2022 04 20 23 50 47.62 115.91 68.88
2022 04 20 23 51 47.53 115.95 69.07
2022 04 20 23 52 47.45 115.98 69.25
2022 04 20 23 53 47.36 116.02 69.43
2022 04 20 23 54 47.27 116.05 69.61
2022 04 20 23 55 47.18 116.08 69.78
2022 04 20 23 56 47.09 116.11 69.96
2022 04 20 23 57 47.00 116.14 70.14
2022 04 20 23 58 46.91 116.18 70.32
2022 04 20 23 59 46.82 116.21 70.50
2022 04 21 00 00 46.73 116.24 70.68
2022 04 21 00 01 46.64 116.27 70.86
2022 04 21 00 02 46.54 116.30 71.03
2022 04 21 00 03 46.45 116.33 71.21
2022 04 21 00 04 46.36 116.36 71.39
2022 04 21 00 05 46.26 116.39 71.57
2022 04 21 00 06 46.17 116.42 71.74
2022 04 21 00 07 46.08 116.45 71.92
2022 04 21 00 08 45.98 116.47 72.09
2022 04 21 00 09 45.89 116.50 72.27
2022 04 21 00 10 45.79 116.53 72.44
2022 04 21 00 11 45.69 116.56 72.62
2022 04 21 00 12 45.60 116.58 72.79
2022 04 21 00 13 45.50 116.61 72.97
2022 04 21 00 14 45.40 116.64 73.14
2022 04 21 00 15 45.30 116.66 73.31
2022 04 21 00 16 45.21 116.69 73.49
2022 04 21 00 17 45.11 116.72 73.66
2022 04 21 00 18 45.01 116.74 73.83
2022 04 21 00 19 44.91 116.77 74.00
2022 04 21 00 20 44.81 116.79 74.17
2022 04 21 00 21 44.71 116.82 74.34
2022 04 21 00 22 44.61 116.84 74.51
2022 04 21 00 23 44.51 116.87 74.68
2022 04 21 00 24 44.41 116.89 74.85
2022 04 21 00 25 44.30 116.91 75.02
2022 04 21 00 26 44.20 116.94 75.19
2022 04 21 00 27 44.10 116.96 75.36
2022 04 21 00 28 44.00 116.98 75.53
2022 04 21 00 29 43.89 117.00 75.69
2022 04 21 00 30 43.79 117.03 75.86
2022 04 21 00 31 43.68 117.05 76.03
2022 04 21 00 32 43.58 117.07 76.19
2022 04 21 00 33 43.48 117.09 76.36
2022 04 21 00 34 43.37 117.11 76.52
2022 04 21 00 35 43.27 117.13 76.68
2022 04 21 00 36 43.16 117.15 76.85
2022 04 21 00 37 43.05 117.17 77.01
2022 04 21 00 38 42.95 117.20 77.17
2022 04 21 00 39 42.84 117.22 77.34
2022 04 21 00 40 42.73 117.23 77.50
2022 04 21 00 41 42.63 117.25 77.66
2022 04 21 00 42 42.52 117.27 77.82
2022 04 21 00 43 42.41 117.29 77.98
2022 04 21 00 44 42.30 117.31 78.14
2022 04 21 00 45 42.19 117.33 78.29
2022 04 21 00 46 42.08 117.35 78.45
2022 04 21 00 47 41.98 117.37 78.61
2022 04 21 00 48 41.87 117.38 78.77
2022 04 21 00 49 41.76 117.40 78.92
2022 04 21 00 50 41.65 117.42 79.08
2022 04 21 00 51 41.54 117.44 79.23
2022 04 21 00 52 41.43 117.45 79.39
2022 04 21 00 53 41.31 117.47 79.54
2022 04 21 00 54 41.20 117.49 79.69
2022 04 21 00 55 41.09 117.50 79.84
2022 04 21 00 56 40.98 117.52 80.00
2022 04 21 00 57 40.87 117.53 80.15
2022 04 21 00 58 40.76 117.55 80.30
2022 04 21 00 59 40.64 117.56 80.45
2022 04 21 01 00 40.53 117.58 80.59
2022 04 21 01 01 40.42 117.59 80.74
2022 04 21 01 02 40.30 117.61 80.89
2022 04 21 01 03 40.19 117.62 81.03
2022 04 21 01 04 40.08 117.64 81.18
2022 04 21 01 05 39.96 117.65 81.32
2022 04 21 01 06 39.85 117.66 81.47
2022 04 21 01 07 39.74 117.68 81.61
2022 04 21 01 08 39.62 117.69 81.75
2022 04 21 01 09 39.51 117.70 81.89
2022 04 21 01 10 39.39 117.72 82.03
2022 04 21 01 11 39.27 117.73 82.17
2022 04 21 01 12 39.16 117.74 82.31
2022 04 21 01 13 39.04 117.76 82.45
2022 04 21 01 14 38.93 117.77 82.59
2022 04 21 01 15 38.81 117.78 82.72
2022 04 21 01 16 38.69 117.79 82.86
2022 04 21 01 17 38.58 117.80 82.99
2022 04 21 01 18 38.46 117.81 83.12
2022 04 21 01 19 38.34 117.83 83.25
2022 04 21 01 20 38.23 117.84 83.38
2022 04 21 01 21 38.11 117.85 83.51
2022 04 21 01 22 37.99 117.86 83.64
2022 04 21 01 23 37.87 117.87 83.77
2022 04 21 01 24 37.76 117.88 83.89
2022 04 21 01 25 37.64 117.89 84.02
2022 04 21 01 26 37.52 117.90 84.14
2022 04 21 01 27 37.40 117.91 84.26
2022 04 21 01 28 37.28 117.92 84.38
2022 04 21 01 29 37.16 117.93 84.50
2022 04 21 01 30 37.04 117.93 84.62
2022 04 21 01 31 36.92 117.94 84.74
2022 04 21 01 32 36.80 117.95 84.85
2022 04 21 01 33 36.69 117.96 84.96
2022 04 21 01 34 36.57 117.97 85.08
2022 04 21 01 35 36.45 117.98 85.19
2022 04 21 01 36 36.33 117.98 85.29
2022 04 21 01 37 36.21 117.99 85.40
2022 04 21 01 38 36.08 118.00 85.50
2022 04 21 01 39 35.96 118.01 85.61
2022 04 21 01 40 35.84 118.01 85.71
2022 04 21 01 41 35.72 118.02 85.81
2022 04 21 01 42 35.60 118.03 85.90
2022 04 21 01 43 35.48 118.03 86.00
2022 04 21 01 44 35.36 118.04 86.09
2022 04 21 01 45 35.24 118.05 86.18
2022 04 21 01 46 35.12 118.05 86.27
2022 04 21 01 47 34.99 118.06 86.35
2022 04 21 01 48 34.87 118.07 86.44
2022 04 21 01 49 34.75 118.07 86.52
2022 04 21 01 50 34.63 118.08 86.59
2022 04 21 01 51 34.51 118.08 86.67
2022 04 21 01 52 34.38 118.09 86.74
2022 04 21 01 53 34.26 118.09 86.81
2022 04 21 01 54 34.14 118.10 86.87
2022 04 21 01 55 34.02 118.10 86.93
2022 04 21 01 56 33.89 118.10 86.99
2022 04 21 01 57 33.77 118.11 87.05
2022 04 21 01 58 33.65 118.11 87.10
2022 04 21 01 59 33.52 118.12 87.14
2022 04 21 02 00 33.40 118.12 87.18
2022 04 21 02 01 33.28 118.12 87.22
2022 04 21 02 02 33.16 118.13 87.25
2022 04 21 02 03 33.03 118.13 87.28
2022 04 21 02 04 32.91 118.13 87.30
2022 04 21 02 05 32.78 118.14 87.32
2022 04 21 02 06 32.66 118.14 87.33
2022 04 21 02 07 32.54 118.14 87.34
2022 04 21 02 08 32.41 118.14 87.34
2022 04 21 02 09 32.29 118.15 87.33
2022 04 21 02 10 32.16 118.15 87.31
2022 04 21 02 11 32.04 118.15 87.29
2022 04 21 02 12 31.92 118.15 87.26
2022 04 21 02 13 31.79 118.15 87.22
2022 04 21 02 14 31.67 118.15 87.17
2022 04 21 02 15 31.54 118.16 87.11
2022 04 21 02 16 31.42 118.16 87.04
2022 04 21 02 17 31.29 118.16 86.96
2022 04 21 02 18 31.17 118.16 86.87
2022 04 21 02 19 31.04 118.16 86.77
2022 04 21 02 20 30.92 118.16 86.65
2022 04 21 02 21 30.80 118.16 86.52
2022 04 21 02 22 30.67 118.16 86.37
2022 04 21 02 23 30.55 118.16 86.21
2022 04 21 02 24 30.42 118.16 86.03
2022 04 21 02 25 30.30 118.16 85.83
2022 04 21 02 26 30.17 118.16 85.62
2022 04 21 02 27 30.05 118.16 85.38
2022 04 21 02 28 29.92 118.16 85.11
2022 04 21 02 29 29.79 118.16 84.83
2022 04 21 02 30 29.67 118.15 84.51
2022 04 21 02 31 29.54 118.15 84.17
2022 04 21 02 32 29.42 118.15 83.80
2022 04 21 02 33 29.29 118.15 83.39
2022 04 21 02 34 29.17 118.15 82.95
2022 04 21 02 35 29.04 118.15 82.47
2022 04 21 02 36 28.92 118.14 81.95
2022 04 21 02 37 28.79 118.14 81.39
2022 04 21 02 38 28.67 118.14 80.78
2022 04 21 02 39 28.54 118.14 80.13
2022 04 21 02 40 28.42 118.13 79.42
2022 04 21 02 41 28.29 118.13 78.66
2022 04 21 02 42 28.16 118.13 77.85
2022 04 21 02 43 28.04 118.12 76.99
2022 04 21 02 44 27.91 118.12 76.07
2022 04 21 02 45 27.79 118.11 75.10
2022 04 21 02 46 27.66 118.11 74.08
2022 04 21 02 47 27.54 118.11 73.02
2022 04 21 02 48 27.41 118.10 71.93
2022 04 21 02 49 27.29 118.10 70.82
2022 04 21 02 50 27.16 118.09 69.69
2022 04 21 02 51 27.03 118.09 68.57
2022 04 21 02 52 26.91 118.08 67.48
2022 04 21 02 53 26.78 118.08 66.42
2022 04 21 02 54 26.66 118.07 65.43
2022 04 21 02 55 26.53 118.07 64.51
2022 04 21 02 56 26.41 118.06 63.68
2022 04 21 02 57 26.28 118.06 62.96
2022 04 21 02 58 26.15 118.05 62.34
2022 04 21 02 59 26.03 118.04 61.82
2022 04 21 03 00 25.90 118.04 61.41
2022 04 21 03 01 25.78 118.03 61.10
2022 04 21 03 02 25.65 118.02 60.88
2022 04 21 03 03 25.53 118.02 60.74
2022 04 21 03 04 25.40 118.01 60.67
2022 04 21 03 05 25.28 118.00 60.65
2022 04 21 03 06 25.15 118.00 60.68
2022 04 21 03 07 25.03 117.99 60.74
2022 04 21 03 08 24.90 117.98 60.84
2022 04 21 03 09 24.77 117.97 60.95
2022 04 21 03 10 24.65 117.96 61.08
2022 04 21 03 11 24.52 117.96 61.22
2022 04 21 03 12 24.40 117.95 61.36
2022 04 21 03 13 24.27 117.94 61.51
2022 04 21 03 14 24.15 117.93 61.65
2022 04 21 03 15 24.02 117.92 61.79
2022 04 21 03 16 23.90 117.91 61.93
2022 04 21 03 17 23.77 117.90 62.06
2022 04 21 03 18 23.65 117.89 62.18
2022 04 21 03 19 23.52 117.88 62.30
2022 04 21 03 20 23.40 117.87 62.41
2022 04 21 03 21 23.27 117.86 62.51
2022 04 21 03 22 23.15 117.85 62.60
2022 04 21 03 23 23.02 117.84 62.68
2022 04 21 03 24 22.90 117.83 62.76
2022 04 21 03 25 22.78 117.82 62.82
2022 04 21 03 26 22.65 117.81 62.88
2022 04 21 03 27 22.53 117.80 62.94
2022 04 21 03 28 22.40 117.79 62.98
2022 04 21 03 29 22.28 117.77 63.02
2022 04 21 03 30 22.15 117.76 63.05
2022 04 21 03 31 22.03 117.75 63.08
2022 04 21 03 32 21.90 117.74 63.09
2022 04 21 03 33 21.78 117.72 63.11
2022 04 21 03 34 21.66 117.71 63.11
2022 04 21 03 35 21.53 117.70 63.11
2022 04 21 03 36 21.41 117.68 63.11
2022 04 21 03 37 21.29 117.67 63.10
2022 04 21 03 38 21.16 117.66 63.08
2022 04 21 03 39 21.04 117.64 63.06
2022 04 21 03 40 20.91 117.63 63.04
2022 04 21 03 41 20.79 117.62 63.01
2022 04 21 03 42 20.67 117.60 62.98
2022 04 21 03 43 20.54 117.59 62.95
2022 04 21 03 44 20.42 117.57 62.91
2022 04 21 03 45 20.30 117.56 62.86
2022 04 21 03 46 20.18 117.54 62.81
2022 04 21 03 47 20.05 117.53 62.76
2022 04 21 03 48 19.93 117.51 62.71
2022 04 21 03 49 19.81 117.49 62.66
2022 04 21 03 50 19.68 117.48 62.60
2022 04 21 03 51 19.56 117.46 62.53
2022 04 21 03 52 19.44 117.44 62.47
2022 04 21 03 53 19.32 117.43 62.40
2022 04 21 03 54 19.19 117.41 62.33
2022 04 21 03 55 19.07 117.39 62.26
2022 04 21 03 56 18.95 117.37 62.18
2022 04 21 03 57 18.83 117.36 62.11
2022 04 21 03 58 18.71 117.34 62.03
2022 04 21 03 59 18.59 117.32 61.95
2022 04 21 04 00 18.46 117.30 61.87
2022 04 21 04 01 18.34 117.28 61.78
2022 04 21 04 02 18.22 117.26 61.69
2022 04 21 04 03 18.10 117.24 61.61
2022 04 21 04 04 17.98 117.22 61.52
2022 04 21 04 05 17.86 117.20 61.42
2022 04 21 04 06 17.74 117.18 61.33
2022 04 21 04 07 17.62 117.16 61.24
2022 04 21 04 08 17.50 117.14 61.14
2022 04 21 04 09 17.38 117.12 61.04
2022 04 21 04 10 17.25 117.10 60.94
2022 04 21 04 11 17.13 117.08 60.84
2022 04 21 04 12 17.01 117.06 60.74
2022 04 21 04 13 16.89 117.04 60.64
2022 04 21 04 14 16.77 117.01 60.53
2022 04 21 04 15 16.66 116.99 60.43
2022 04 21 04 16 16.54 116.97 60.32
2022 04 21 04 17 16.42 116.95 60.21
2022 04 21 04 18 16.30 116.92 60.10
2022 04 21 04 19 16.18 116.90 59.99
2022 04 21 04 20 16.06 116.88 59.88
2022 04 21 04 21 15.94 116.85 59.77
2022 04 21 04 22 15.82 116.83 59.66
2022 04 21 04 23 15.70 116.80 59.55
2022 04 21 04 24 15.58 116.78 59.43
2022 04 21 04 25 15.47 116.75 59.31
2022 04 21 04 26 15.35 116.73 59.20
2022 04 21 04 27 15.23 116.70 59.08
2022 04 21 04 28 15.11 116.68 58.96
2022 04 21 04 29 15.00 116.65 58.84
2022 04 21 04 30 14.88 0.00 0.00
2022 04 21 04 31 14.76 0.00 0.00
2022 04 21 04 32 14.64 0.00 0.00
2022 04 21 04 33 14.53 0.00 0.00
2022 04 21 04 34 14.41 0.00 0.00
2022 04 21 04 35 14.29 0.00 0.00
2022 04 21 04 36 14.18 0.00 0.00
2022 04 21 04 37 14.06 0.00 0.00
2022 04 21 04 38 13.94 0.00 0.00
2022 04 21 04 39 13.83 0.00 0.00
2022 04 21 04 40 13.71 0.00 0.00
2022 04 21 04 41 13.60 0.00 0.00
2022 04 21 04 42 13.48 0.00 0.00
2022 04 21 04 43 13.37 0.00 0.00
2022 04 21 04 44 13.25 0.00 0.00
2022 04 21 04 45 13.14 0.00 0.00
2022 04 21 04 46 13.02 0.00 0.00
2022 04 21 04 47 12.91 0.00 0.00
2022 04 21 04 48 12.79 0.00 0.00
2022 04 21 04 49 12.68 0.00 0.00
2022 04 21 04 50 12.56 0.00 0.00
2022 04 21 04 51 12.45 0.00 0.00
2022 04 21 04 52 12.34 0.00 0.00
2022 04 21 04 53 12.22 0.00 0.00
2022 04 21 04 54 12.11 0.00 0.00
2022 04 21 04 55 12.00 0.00 0.00
2022 04 21 04 56 11.89 0.00 0.00
2022 04 21 04 57 11.77 0.00 0.00
2022 04 21 04 58 11.66 0.00 0.00
2022 04 21 04 59 11.55 0.00 0.00
