2022 04 22 17 00 29.78 0.00 0.00
2022 04 22 17 01 29.90 0.00 0.00
2022 04 22 17 02 30.03 0.00 0.00
2022 04 22 17 03 30.15 0.00 0.00
2022 04 22 17 04 30.28 0.00 0.00
2022 04 22 17 05 30.40 0.00 0.00
2022 04 22 17 06 30.53 0.00 0.00
2022 04 22 17 07 30.65 0.00 0.00
2022 04 22 17 08 30.78 0.00 0.00
2022 04 22 17 09 30.90 0.00 0.00
2022 04 22 17 10 31.03 0.00 0.00
2022 04 22 17 11 31.15 0.00 0.00
2022 04 22 17 12 31.27 0.00 0.00
2022 04 22 17 13 31.40 0.00 0.00
2022 04 22 17 14 31.52 0.00 0.00
2022 04 22 17 15 31.65 0.00 0.00
2022 04 22 17 16 31.77 66.63 0.00
2022 04 22 17 17 31.90 66.84 0.00
2022 04 22 17 18 32.02 67.06 0.00
2022 04 22 17 19 32.15 67.27 0.00
2022 04 22 17 20 32.27 67.48 0.00
2022 04 22 17 21 32.39 67.69 0.00
2022 04 22 17 22 32.52 67.91 0.00
2022 04 22 17 23 32.64 68.12 0.00
2022 04 22 17 24 32.76 68.33 0.00
2022 04 22 17 25 32.89 68.54 0.00
2022 04 22 17 26 33.01 68.75 0.00
2022 04 22 17 27 33.14 68.96 0.00
2022 04 22 17 28 33.26 69.18 0.00
2022 04 22 17 29 33.38 69.39 0.00
2022 04 22 17 30 33.51 69.60 0.00
2022 04 22 17 31 33.63 69.81 0.00
2022 04 22 17 32 33.75 70.02 0.00
2022 04 22 17 33 33.87 70.23 0.00
2022 04 22 17 34 34.00 70.44 0.00
2022 04 22 17 35 34.12 70.65 0.00
2022 04 22 17 36 34.24 70.86 0.00
2022 04 22 17 37 34.36 71.07 0.00
2022 04 22 17 38 34.49 71.28 0.00
2022 04 22 17 39 34.61 71.49 0.00
2022 04 22 17 40 34.73 71.70 0.00
2022 04 22 17 41 34.85 71.91 0.00
2022 04 22 17 42 34.97 72.12 0.00
2022 04 22 17 43 35.10 72.33 0.00
2022 04 22 17 44 35.22 72.54 0.00
2022 04 22 17 45 35.34 72.74 0.00
2022 04 22 17 46 35.46 72.95 0.00
2022 04 22 17 47 35.58 73.16 0.00
2022 04 22 17 48 35.70 73.37 0.00
2022 04 22 17 49 35.82 73.58 0.00
2022 04 22 17 50 35.94 73.78 0.00
2022 04 22 17 51 36.06 73.99 0.00
2022 04 22 17 52 36.19 74.20 0.00
2022 04 22 17 53 36.31 74.40 0.00
2022 04 22 17 54 36.43 74.61 0.00
2022 04 22 17 55 36.55 74.81 0.00
2022 04 22 17 56 36.67 75.02 0.00
2022 04 22 17 57 36.78 75.22 0.00
2022 04 22 17 58 36.90 75.43 0.00
2022 04 22 17 59 37.02 75.63 0.00
2022 04 22 18 00 37.14 75.84 0.00
2022 04 22 18 01 37.26 76.04 0.00
2022 04 22 18 02 37.38 76.25 0.00
2022 04 22 18 03 37.50 76.45 0.00
2022 04 22 18 04 37.62 76.65 0.00
2022 04 22 18 05 37.74 76.85 0.00
2022 04 22 18 06 37.85 77.06 0.00
2022 04 22 18 07 37.97 77.26 0.00
2022 04 22 18 08 38.09 77.46 0.00
2022 04 22 18 09 38.21 77.66 0.00
2022 04 22 18 10 38.32 77.86 0.00
2022 04 22 18 11 38.44 78.06 0.00
2022 04 22 18 12 38.56 78.26 0.00
2022 04 22 18 13 38.67 78.46 0.00
2022 04 22 18 14 38.79 78.66 0.00
2022 04 22 18 15 38.91 78.86 0.00
2022 04 22 18 16 39.02 79.06 0.00
2022 04 22 18 17 39.14 79.26 0.00
2022 04 22 18 18 39.25 79.46 0.00
2022 04 22 18 19 39.37 79.65 0.00
2022 04 22 18 20 39.48 79.85 0.00
2022 04 22 18 21 39.60 80.05 0.00
2022 04 22 18 22 39.71 80.24 0.00
2022 04 22 18 23 39.83 80.44 0.00
2022 04 22 18 24 39.94 80.63 0.00
2022 04 22 18 25 40.06 80.83 0.00
2022 04 22 18 26 40.17 81.02 0.00
2022 04 22 18 27 40.28 81.22 0.00
2022 04 22 18 28 40.40 81.41 0.00
2022 04 22 18 29 40.51 81.61 0.00
2022 04 22 18 30 40.62 81.80 0.00
2022 04 22 18 31 40.74 81.99 0.00
2022 04 22 18 32 40.85 82.18 0.00
2022 04 22 18 33 40.96 82.38 0.00
2022 04 22 18 34 41.07 82.57 0.00
2022 04 22 18 35 41.18 82.76 0.00
2022 04 22 18 36 41.29 82.95 0.00
2022 04 22 18 37 41.41 83.14 0.00
2022 04 22 18 38 41.52 83.33 0.00
2022 04 22 18 39 41.63 83.52 0.00
2022 04 22 18 40 41.74 83.71 0.00
2022 04 22 18 41 41.85 83.89 0.00
2022 04 22 18 42 41.96 84.08 0.00
2022 04 22 18 43 42.06 84.27 0.00
2022 04 22 18 44 42.17 84.45 0.00
2022 04 22 18 45 42.28 84.64 0.00
2022 04 22 18 46 42.39 84.83 0.00
2022 04 22 18 47 42.50 85.01 0.00
2022 04 22 18 48 42.61 85.20 0.00
2022 04 22 18 49 42.71 85.38 0.00
2022 04 22 18 50 42.82 85.57 0.00
2022 04 22 18 51 42.93 85.75 0.00
2022 04 22 18 52 43.03 85.93 0.00
2022 04 22 18 53 43.14 86.11 0.00
2022 04 22 18 54 43.24 86.30 0.00
2022 04 22 18 55 43.35 86.48 0.00
2022 04 22 18 56 43.46 86.66 0.00
2022 04 22 18 57 43.56 86.84 0.00
2022 04 22 18 58 43.66 87.02 0.00
2022 04 22 18 59 43.77 87.20 0.00
2022 04 22 19 00 43.87 87.38 0.00
2022 04 22 19 01 43.98 87.56 0.00
2022 04 22 19 02 44.08 87.73 0.00
2022 04 22 19 03 44.18 87.91 0.00
2022 04 22 19 04 44.28 88.09 0.00
2022 04 22 19 05 44.38 88.26 0.00
2022 04 22 19 06 44.49 88.44 0.00
2022 04 22 19 07 44.59 88.61 0.00
2022 04 22 19 08 44.69 88.79 0.00
2022 04 22 19 09 44.79 88.96 0.00
2022 04 22 19 10 44.89 89.14 0.00
2022 04 22 19 11 44.99 89.31 0.00
2022 04 22 19 12 45.09 89.48 0.00
2022 04 22 19 13 45.19 89.66 0.00
2022 04 22 19 14 45.28 89.83 0.00
2022 04 22 19 15 45.38 90.00 0.00
2022 04 22 19 16 45.48 90.17 0.00
2022 04 22 19 17 45.58 90.34 0.00
2022 04 22 19 18 45.67 90.51 0.00
2022 04 22 19 19 45.77 90.68 0.00
2022 04 22 19 20 45.87 90.85 0.00
2022 04 22 19 21 45.96 91.01 0.00
2022 04 22 19 22 46.06 91.18 0.00
2022 04 22 19 23 46.15 91.35 0.00
2022 04 22 19 24 46.25 91.51 0.00
2022 04 22 19 25 46.34 91.68 0.00
2022 04 22 19 26 46.43 91.84 0.00
2022 04 22 19 27 46.52 92.01 0.00
2022 04 22 19 28 46.62 92.17 0.00
2022 04 22 19 29 46.71 92.34 0.00
2022 04 22 19 30 46.80 92.50 0.00
2022 04 22 19 31 46.89 92.66 0.00
2022 04 22 19 32 46.98 92.82 0.00
2022 04 22 19 33 47.07 92.98 0.00
2022 04 22 19 34 47.16 93.15 0.00
2022 04 22 19 35 47.25 93.31 0.00
2022 04 22 19 36 47.34 93.47 0.00
2022 04 22 19 37 47.43 93.62 0.00
2022 04 22 19 38 47.52 93.78 0.00
2022 04 22 19 39 47.60 93.94 0.00
2022 04 22 19 40 47.69 94.10 0.00
2022 04 22 19 41 47.77 94.25 0.00
2022 04 22 19 42 47.86 94.41 0.00
2022 04 22 19 43 47.95 94.57 0.00
2022 04 22 19 44 48.03 94.72 0.00
2022 04 22 19 45 48.11 94.87 0.00
2022 04 22 19 46 48.20 95.03 0.00
2022 04 22 19 47 48.28 95.18 0.00
2022 04 22 19 48 48.36 95.33 0.00
2022 04 22 19 49 48.45 95.49 0.00
2022 04 22 19 50 48.53 95.64 0.00
2022 04 22 19 51 48.61 95.79 0.00
2022 04 22 19 52 48.69 95.94 0.00
2022 04 22 19 53 48.77 96.09 0.00
2022 04 22 19 54 48.85 96.24 0.00
2022 04 22 19 55 48.93 96.39 0.00
2022 04 22 19 56 49.00 96.54 0.00
2022 04 22 19 57 49.08 96.68 0.00
2022 04 22 19 58 49.16 96.83 0.00
2022 04 22 19 59 49.23 96.98 0.00
2022 04 22 20 00 49.31 97.12 0.00
2022 04 22 20 01 49.38 97.27 0.00
2022 04 22 20 02 49.46 97.41 0.00
2022 04 22 20 03 49.53 97.55 0.00
2022 04 22 20 04 49.61 97.70 0.00
2022 04 22 20 05 49.68 97.84 0.00
2022 04 22 20 06 49.75 97.98 0.00
2022 04 22 20 07 49.82 98.12 0.00
2022 04 22 20 08 49.89 98.27 0.00
2022 04 22 20 09 49.96 98.41 0.00
2022 04 22 20 10 50.03 98.55 0.00
2022 04 22 20 11 50.10 98.69 0.00
2022 04 22 20 12 50.17 98.82 0.00
2022 04 22 20 13 50.24 98.96 0.00
2022 04 22 20 14 50.31 99.10 0.00
2022 04 22 20 15 50.37 99.24 0.00
2022 04 22 20 16 50.44 99.37 0.00
2022 04 22 20 17 50.50 99.51 0.00
2022 04 22 20 18 50.57 99.64 0.00
2022 04 22 20 19 50.63 99.78 0.00
2022 04 22 20 20 50.70 99.91 0.00
2022 04 22 20 21 50.76 100.05 0.00
2022 04 22 20 22 50.82 100.18 0.00
2022 04 22 20 23 50.88 100.31 0.00
2022 04 22 20 24 50.94 100.44 0.00
2022 04 22 20 25 51.00 100.57 0.00
2022 04 22 20 26 51.06 100.70 0.00
2022 04 22 20 27 51.12 100.83 0.00
2022 04 22 20 28 51.18 100.96 0.00
2022 04 22 20 29 51.24 101.09 0.00
2022 04 22 20 30 51.29 101.22 0.00
2022 04 22 20 31 51.35 101.35 0.00
2022 04 22 20 32 51.40 101.47 0.00
2022 04 22 20 33 51.46 101.60 0.00
2022 04 22 20 34 51.51 101.72 0.00
2022 04 22 20 35 51.56 101.85 0.00
2022 04 22 20 36 51.62 101.97 0.00
2022 04 22 20 37 51.67 102.10 0.00
2022 04 22 20 38 51.72 102.22 0.00
2022 04 22 20 39 51.77 102.34 0.00
2022 04 22 20 40 51.82 102.47 0.00
2022 04 22 20 41 51.87 102.59 0.00
2022 04 22 20 42 51.91 102.71 0.00
2022 04 22 20 43 51.96 102.83 0.00
2022 04 22 20 44 52.01 102.95 0.00
2022 04 22 20 45 52.05 103.07 0.00
2022 04 22 20 46 52.10 103.19 0.00
2022 04 22 20 47 52.14 103.30 0.00
2022 04 22 20 48 52.19 103.42 0.00
2022 04 22 20 49 52.23 103.54 0.00
2022 04 22 20 50 52.27 103.66 0.00
2022 04 22 20 51 52.31 103.77 0.00
2022 04 22 20 52 52.35 103.89 0.00
2022 04 22 20 53 52.39 104.00 0.00
2022 04 22 20 54 52.43 104.11 0.00
2022 04 22 20 55 52.47 104.23 0.00
2022 04 22 20 56 52.51 104.34 0.00
2022 04 22 20 57 52.54 104.45 0.00
2022 04 22 20 58 52.58 104.56 0.00
2022 04 22 20 59 52.61 104.68 0.00
2022 04 22 21 00 52.65 104.79 0.00
2022 04 22 21 01 52.68 104.90 0.00
2022 04 22 21 02 52.71 105.01 0.00
2022 04 22 21 03 52.74 105.11 0.00
2022 04 22 21 04 52.78 105.22 0.00
2022 04 22 21 05 52.81 105.33 0.00
2022 04 22 21 06 52.83 105.44 0.00
2022 04 22 21 07 52.86 105.54 0.00
2022 04 22 21 08 52.89 105.65 0.00
2022 04 22 21 09 52.92 105.75 0.00
2022 04 22 21 10 52.94 105.86 0.00
2022 04 22 21 11 52.97 105.96 0.00
2022 04 22 21 12 52.99 106.07 0.00
2022 04 22 21 13 53.02 106.17 0.00
2022 04 22 21 14 53.04 106.27 0.00
2022 04 22 21 15 53.06 106.37 0.00
2022 04 22 21 16 53.08 106.48 0.00
2022 04 22 21 17 53.10 106.58 0.00
2022 04 22 21 18 53.12 106.68 0.00
2022 04 22 21 19 53.14 106.78 0.00
2022 04 22 21 20 53.16 106.87 0.00
2022 04 22 21 21 53.18 106.97 0.00
2022 04 22 21 22 53.19 107.07 0.00
2022 04 22 21 23 53.21 107.17 0.00
2022 04 22 21 24 53.22 107.27 0.00
2022 04 22 21 25 53.24 107.36 0.00
2022 04 22 21 26 53.25 107.46 0.00
2022 04 22 21 27 53.26 107.55 0.00
2022 04 22 21 28 53.27 107.65 0.00
2022 04 22 21 29 53.28 107.74 0.00
2022 04 22 21 30 53.29 107.83 0.00
2022 04 22 21 31 53.30 107.93 0.00
2022 04 22 21 32 53.31 108.02 0.00
2022 04 22 21 33 53.31 108.11 0.00
2022 04 22 21 34 53.32 108.20 0.00
2022 04 22 21 35 53.33 108.29 0.00
2022 04 22 21 36 53.33 108.38 0.00
2022 04 22 21 37 53.33 108.47 0.00
2022 04 22 21 38 53.34 108.56 0.00
2022 04 22 21 39 53.34 108.65 0.00
2022 04 22 21 40 53.34 108.74 0.00
2022 04 22 21 41 53.34 108.83 0.00
2022 04 22 21 42 53.34 108.91 0.00
2022 04 22 21 43 53.34 109.00 0.00
2022 04 22 21 44 53.33 109.09 0.00
2022 04 22 21 45 53.33 109.17 0.00
2022 04 22 21 46 53.33 109.26 0.00
2022 04 22 21 47 53.32 109.34 0.00
2022 04 22 21 48 53.32 109.42 0.00
2022 04 22 21 49 53.31 109.51 0.00
2022 04 22 21 50 53.30 109.59 0.00
2022 04 22 21 51 53.29 109.67 0.00
2022 04 22 21 52 53.29 109.75 0.00
2022 04 22 21 53 53.28 109.83 0.00
2022 04 22 21 54 53.26 109.92 0.00
2022 04 22 21 55 53.25 110.00 0.00
2022 04 22 21 56 53.24 110.08 0.00
2022 04 22 21 57 53.23 110.15 0.00
2022 04 22 21 58 53.21 110.23 0.00
2022 04 22 21 59 53.20 110.31 0.00
2022 04 22 22 00 53.18 110.39 53.13
2022 04 22 22 01 53.17 110.47 53.04
2022 04 22 22 02 53.15 110.54 52.95
2022 04 22 22 03 53.13 110.62 52.86
2022 04 22 22 04 53.11 110.69 52.77
2022 04 22 22 05 53.09 110.77 52.68
2022 04 22 22 06 53.07 110.84 52.60
2022 04 22 22 07 53.05 110.92 52.51
2022 04 22 22 08 53.03 110.99 52.43
2022 04 22 22 09 53.00 111.06 52.35
2022 04 22 22 10 52.98 111.14 52.27
2022 04 22 22 11 52.95 111.21 52.19
2022 04 22 22 12 52.93 111.28 52.12
2022 04 22 22 13 52.90 111.35 52.04
2022 04 22 22 14 52.87 111.42 51.97
2022 04 22 22 15 52.85 111.49 51.90
2022 04 22 22 16 52.82 111.56 51.83
2022 04 22 22 17 52.79 111.63 51.76
2022 04 22 22 18 52.76 111.70 51.69
2022 04 22 22 19 52.72 111.77 51.63
2022 04 22 22 20 52.69 111.83 51.56
2022 04 22 22 21 52.66 111.90 51.50
2022 04 22 22 22 52.63 111.97 51.44
2022 04 22 22 23 52.59 112.03 51.38
2022 04 22 22 24 52.56 112.10 51.32
2022 04 22 22 25 52.52 112.16 51.27
2022 04 22 22 26 52.48 112.23 51.21
2022 04 22 22 27 52.44 112.29 51.16
2022 04 22 22 28 52.41 112.36 51.11
2022 04 22 22 29 52.37 112.42 51.06
2022 04 22 22 30 52.33 112.48 51.02
2022 04 22 22 31 52.29 112.54 50.97
2022 04 22 22 32 52.24 112.61 50.93
2022 04 22 22 33 52.20 112.67 50.88
2022 04 22 22 34 52.16 112.73 50.84
2022 04 22 22 35 52.12 112.79 50.80
2022 04 22 22 36 52.07 112.85 50.77
2022 04 22 22 37 52.03 112.91 50.73
2022 04 22 22 38 51.98 112.97 50.70
2022 04 22 22 39 51.93 113.03 50.67
2022 04 22 22 40 51.88 113.09 50.64
2022 04 22 22 41 51.84 113.14 50.61
2022 04 22 22 42 51.79 113.20 50.58
2022 04 22 22 43 51.74 113.26 50.55
2022 04 22 22 44 51.69 113.31 50.53
2022 04 22 22 45 51.64 113.37 50.51
2022 04 22 22 46 51.58 113.43 50.49
2022 04 22 22 47 51.53 113.48 50.47
2022 04 22 22 48 51.48 113.54 50.45
2022 04 22 22 49 51.42 113.59 50.44
2022 04 22 22 50 51.37 113.64 50.42
2022 04 22 22 51 51.31 113.70 50.41
2022 04 22 22 52 51.26 113.75 50.40
2022 04 22 22 53 51.20 113.80 50.39
2022 04 22 22 54 51.14 113.86 50.39
2022 04 22 22 55 51.08 113.91 50.38
2022 04 22 22 56 51.03 113.96 50.38
2022 04 22 22 57 50.97 114.01 50.37
2022 04 22 22 58 50.91 114.06 50.37
2022 04 22 22 59 50.84 114.11 50.37
2022 04 22 23 00 50.78 114.16 50.38
2022 04 22 23 01 50.72 114.21 50.38
2022 04 22 23 02 50.66 114.26 50.39
2022 04 22 23 03 50.59 114.31 50.39
2022 04 22 23 04 50.53 114.36 50.40
2022 04 22 23 05 50.46 114.40 50.41
2022 04 22 23 06 50.40 114.45 50.43
2022 04 22 23 07 50.33 114.50 50.44
2022 04 22 23 08 50.26 114.54 50.46
2022 04 22 23 09 50.20 114.59 50.47
2022 04 22 23 10 50.13 114.64 50.49
2022 04 22 23 11 50.06 114.68 50.51
2022 04 22 23 12 49.99 114.73 50.53
2022 04 22 23 13 49.92 114.77 50.55
2022 04 22 23 14 49.85 114.81 50.58
2022 04 22 23 15 49.78 114.86 50.60
2022 04 22 23 16 49.71 114.90 50.63
2022 04 22 23 17 49.63 114.94 50.66
2022 04 22 23 18 49.56 114.99 50.69
2022 04 22 23 19 49.49 115.03 50.72
2022 04 22 23 20 49.41 115.07 50.75
2022 04 22 23 21 49.34 115.11 50.79
2022 04 22 23 22 49.26 115.15 50.82
2022 04 22 23 23 49.19 115.20 50.86
2022 04 22 23 24 49.11 115.24 50.90
2022 04 22 23 25 49.03 115.28 50.94
2022 04 22 23 26 48.95 115.32 50.98
2022 04 22 23 27 48.88 115.35 51.02
2022 04 22 23 28 48.80 115.39 51.07
2022 04 22 23 29 48.72 115.43 51.11
2022 04 22 23 30 48.64 115.47 51.16
2022 04 22 23 31 48.56 115.51 51.21
2022 04 22 23 32 48.48 115.55 51.25
2022 04 22 23 33 48.39 115.58 51.30
2022 04 22 23 34 48.31 115.62 51.36
2022 04 22 23 35 48.23 115.66 51.41
2022 04 22 23 36 48.15 115.69 51.46
2022 04 22 23 37 48.06 115.73 51.52
2022 04 22 23 38 47.98 115.76 51.57
2022 04 22 23 39 47.89 115.80 51.63
2022 04 22 23 40 47.81 115.83 51.69
2022 04 22 23 41 47.72 115.87 51.75
2022 04 22 23 42 47.63 115.90 51.81
2022 04 22 23 43 47.55 115.94 51.87
2022 04 22 23 44 47.46 115.97 51.94
2022 04 22 23 45 47.37 116.00 52.00
2022 04 22 23 46 47.28 116.04 52.07
2022 04 22 23 47 47.19 116.07 52.13
2022 04 22 23 48 47.11 116.10 52.20
2022 04 22 23 49 47.02 116.13 52.27
2022 04 22 23 50 46.93 116.16 52.34
2022 04 22 23 51 46.83 116.20 52.41
2022 04 22 23 52 46.74 116.23 52.48
2022 04 22 23 53 46.65 116.26 52.55
2022 04 22 23 54 46.56 116.29 52.63
2022 04 22 23 55 46.47 116.32 52.70
2022 04 22 23 56 46.37 116.35 52.78
2022 04 22 23 57 46.28 116.38 52.85
2022 04 22 23 58 46.19 116.41 52.93
2022 04 22 23 59 46.09 116.43 53.01
2022 04 23 00 00 46.00 116.46 53.09
2022 04 23 00 01 45.90 116.49 53.17
2022 04 23 00 02 45.81 116.52 53.25
2022 04 23 00 03 45.71 116.55 53.34
2022 04 23 00 04 45.61 116.57 53.42
2022 04 23 00 05 45.52 116.60 53.50
2022 04 23 00 06 45.42 116.63 53.59
2022 04 23 00 07 45.32 116.65 53.67
2022 04 23 00 08 45.22 116.68 53.76
2022 04 23 00 09 45.12 116.71 53.85
2022 04 23 00 10 45.03 116.73 53.94
2022 04 23 00 11 44.93 116.76 54.02
2022 04 23 00 12 44.83 116.78 54.11
2022 04 23 00 13 44.73 116.81 54.20
2022 04 23 00 14 44.63 116.83 54.30
2022 04 23 00 15 44.52 116.86 54.39
2022 04 23 00 16 44.42 116.88 54.48
2022 04 23 00 17 44.32 116.90 54.57
2022 04 23 00 18 44.22 116.93 54.67
2022 04 23 00 19 44.12 116.95 54.76
2022 04 23 00 20 44.01 116.97 54.86
2022 04 23 00 21 43.91 117.00 54.96
2022 04 23 00 22 43.81 117.02 55.05
2022 04 23 00 23 43.70 117.04 55.15
2022 04 23 00 24 43.60 117.06 55.25
2022 04 23 00 25 43.49 117.08 55.35
2022 04 23 00 26 43.39 117.10 55.45
2022 04 23 00 27 43.28 117.13 55.55
2022 04 23 00 28 43.18 117.15 55.65
2022 04 23 00 29 43.07 117.17 55.75
2022 04 23 00 30 42.97 117.19 55.86
2022 04 23 00 31 42.86 117.21 55.96
2022 04 23 00 32 42.75 117.23 56.06
2022 04 23 00 33 42.65 117.25 56.17
2022 04 23 00 34 42.54 117.27 56.27
2022 04 23 00 35 42.43 117.28 56.38
2022 04 23 00 36 42.32 117.30 56.48
2022 04 23 00 37 42.21 117.32 56.59
2022 04 23 00 38 42.11 117.34 56.70
2022 04 23 00 39 42.00 117.36 56.80
2022 04 23 00 40 41.89 117.38 56.91
2022 04 23 00 41 41.78 117.39 57.02
2022 04 23 00 42 41.67 117.41 57.13
2022 04 23 00 43 41.56 117.43 57.24
2022 04 23 00 44 41.45 117.44 57.35
2022 04 23 00 45 41.34 117.46 57.46
2022 04 23 00 46 41.22 117.48 57.57
2022 04 23 00 47 41.11 117.49 57.68
2022 04 23 00 48 41.00 117.51 57.79
2022 04 23 00 49 40.89 117.53 57.91
2022 04 23 00 50 40.78 117.54 58.02
2022 04 23 00 51 40.67 117.56 58.13
2022 04 23 00 52 40.55 117.57 58.25
2022 04 23 00 53 40.44 117.59 58.36
2022 04 23 00 54 40.33 117.60 58.48
2022 04 23 00 55 40.21 117.62 58.59
2022 04 23 00 56 40.10 117.63 58.71
2022 04 23 00 57 39.99 117.64 58.82
2022 04 23 00 58 39.87 117.66 58.94
2022 04 23 00 59 39.76 117.67 59.06
2022 04 23 01 00 39.64 117.69 59.17
2022 04 23 01 01 39.53 117.70 59.29
2022 04 23 01 02 39.41 117.71 59.41
2022 04 23 01 03 39.30 117.72 59.53
2022 04 23 01 04 39.18 117.74 59.65
2022 04 23 01 05 39.07 117.75 59.77
2022 04 23 01 06 38.95 117.76 59.89
2022 04 23 01 07 38.83 117.77 60.01
2022 04 23 01 08 38.72 117.78 60.13
2022 04 23 01 09 38.60 117.80 60.25
2022 04 23 01 10 38.48 117.81 60.37
2022 04 23 01 11 38.37 117.82 60.49
2022 04 23 01 12 38.25 117.83 60.61
2022 04 23 01 13 38.13 117.84 60.73
2022 04 23 01 14 38.02 117.85 60.86
2022 04 23 01 15 37.90 117.86 60.98
2022 04 23 01 16 37.78 117.87 61.10
2022 04 23 01 17 37.66 117.88 61.22
2022 04 23 01 18 37.54 117.89 61.35
2022 04 23 01 19 37.42 117.90 61.47
2022 04 23 01 20 37.31 117.91 61.60
2022 04 23 01 21 37.19 117.92 61.72
2022 04 23 01 22 37.07 117.93 61.84
2022 04 23 01 23 36.95 117.94 61.97
2022 04 23 01 24 36.83 117.95 62.10
2022 04 23 01 25 36.71 117.95 62.22
2022 04 23 01 26 36.59 117.96 62.35
2022 04 23 01 27 36.47 117.97 62.47
2022 04 23 01 28 36.35 117.98 62.60
2022 04 23 01 29 36.23 117.99 62.73
2022 04 23 01 30 36.11 117.99 62.85
2022 04 23 01 31 35.99 118.00 62.98
2022 04 23 01 32 35.87 118.01 63.11
2022 04 23 01 33 35.75 118.02 63.23
2022 04 23 01 34 35.63 118.02 63.36
2022 04 23 01 35 35.51 118.03 63.49
2022 04 23 01 36 35.38 118.04 63.62
2022 04 23 01 37 35.26 118.04 63.75
2022 04 23 01 38 35.14 118.05 63.88
2022 04 23 01 39 35.02 118.05 64.01
2022 04 23 01 40 34.90 118.06 64.13
2022 04 23 01 41 34.78 118.07 64.26
2022 04 23 01 42 34.65 118.07 64.39
2022 04 23 01 43 34.53 118.08 64.52
2022 04 23 01 44 34.41 118.08 64.65
2022 04 23 01 45 34.29 118.09 64.78
2022 04 23 01 46 34.17 118.09 64.91
2022 04 23 01 47 34.04 118.10 65.05
2022 04 23 01 48 33.92 118.10 65.18
2022 04 23 01 49 33.80 118.10 65.31
2022 04 23 01 50 33.67 118.11 65.44
2022 04 23 01 51 33.55 118.11 65.57
2022 04 23 01 52 33.43 118.12 65.70
2022 04 23 01 53 33.30 118.12 65.83
2022 04 23 01 54 33.18 118.12 65.97
2022 04 23 01 55 33.06 118.13 66.10
2022 04 23 01 56 32.93 118.13 66.23
2022 04 23 01 57 32.81 118.13 66.36
2022 04 23 01 58 32.69 118.14 66.50
2022 04 23 01 59 32.56 118.14 66.63
2022 04 23 02 00 32.44 118.14 66.76
2022 04 23 02 01 32.32 118.14 66.90
2022 04 23 02 02 32.19 118.14 67.03
2022 04 23 02 03 32.07 118.15 67.16
2022 04 23 02 04 31.94 118.15 67.30
2022 04 23 02 05 31.82 118.15 67.43
2022 04 23 02 06 31.69 118.15 67.57
2022 04 23 02 07 31.57 118.15 67.70
2022 04 23 02 08 31.45 118.15 67.83
2022 04 23 02 09 31.32 118.15 67.97
2022 04 23 02 10 31.20 118.15 68.10
2022 04 23 02 11 31.07 118.16 68.24
2022 04 23 02 12 30.95 118.16 68.37
2022 04 23 02 13 30.82 118.16 68.51
2022 04 23 02 14 30.70 118.16 68.64
2022 04 23 02 15 30.57 118.16 68.78
2022 04 23 02 16 30.45 118.16 68.92
2022 04 23 02 17 30.32 118.16 69.05
2022 04 23 02 18 30.20 118.15 69.19
2022 04 23 02 19 30.07 118.15 69.32
2022 04 23 02 20 29.95 118.15 69.46
2022 04 23 02 21 29.82 118.15 69.60
2022 04 23 02 22 29.70 118.15 69.73
2022 04 23 02 23 29.57 118.15 69.87
2022 04 23 02 24 29.45 118.15 70.01
2022 04 23 02 25 29.32 118.15 70.14
2022 04 23 02 26 29.20 118.14 70.28
2022 04 23 02 27 29.07 118.14 70.42
2022 04 23 02 28 28.95 118.14 70.55
2022 04 23 02 29 28.82 118.14 70.69
2022 04 23 02 30 28.69 118.13 70.83
2022 04 23 02 31 28.57 118.13 70.97
2022 04 23 02 32 28.44 118.13 71.10
2022 04 23 02 33 28.32 118.13 71.24
2022 04 23 02 34 28.19 118.12 71.38
2022 04 23 02 35 28.07 118.12 71.52
2022 04 23 02 36 27.94 118.12 71.65
2022 04 23 02 37 27.82 118.11 71.79
2022 04 23 02 38 27.69 118.11 71.93
2022 04 23 02 39 27.56 118.10 72.07
2022 04 23 02 40 27.44 118.10 72.21
2022 04 23 02 41 27.31 118.10 72.35
2022 04 23 02 42 27.19 118.09 72.49
2022 04 23 02 43 27.06 118.09 72.62
2022 04 23 02 44 26.94 118.08 72.76
2022 04 23 02 45 26.81 118.08 72.90
2022 04 23 02 46 26.69 118.07 73.04
2022 04 23 02 47 26.56 118.07 73.18
2022 04 23 02 48 26.43 118.06 73.32
2022 04 23 02 49 26.31 118.05 73.46
2022 04 23 02 50 26.18 118.05 73.60
2022 04 23 02 51 26.06 118.04 73.74
2022 04 23 02 52 25.93 118.04 73.88
2022 04 23 02 53 25.81 118.03 74.02
2022 04 23 02 54 25.68 118.02 74.16
2022 04 23 02 55 25.56 118.02 74.30
2022 04 23 02 56 25.43 118.01 74.44
2022 04 23 02 57 25.30 118.00 74.58
2022 04 23 02 58 25.18 117.99 74.72
2022 04 23 02 59 25.05 117.99 74.86
2022 04 23 03 00 24.93 117.98 75.00
2022 04 23 03 01 24.80 117.97 75.14
2022 04 23 03 02 24.68 117.96 75.28
2022 04 23 03 03 24.55 117.95 75.42
2022 04 23 03 04 24.43 117.95 75.56
2022 04 23 03 05 24.30 117.94 75.70
2022 04 23 03 06 24.18 117.93 75.84
2022 04 23 03 07 24.05 117.92 75.98
2022 04 23 03 08 23.93 117.91 76.12
2022 04 23 03 09 23.80 117.90 76.26
2022 04 23 03 10 23.68 117.89 76.40
2022 04 23 03 11 23.55 117.88 76.54
2022 04 23 03 12 23.43 117.87 76.68
2022 04 23 03 13 23.30 117.86 76.82
2022 04 23 03 14 23.18 117.85 76.96
2022 04 23 03 15 23.05 117.84 77.10
2022 04 23 03 16 22.93 117.83 77.24
2022 04 23 03 17 22.80 117.82 77.38
2022 04 23 03 18 22.68 117.81 77.52
2022 04 23 03 19 22.56 117.80 77.66
2022 04 23 03 20 22.43 117.78 77.80
2022 04 23 03 21 22.31 117.77 77.94
2022 04 23 03 22 22.18 117.76 78.08
2022 04 23 03 23 22.06 117.75 78.22
2022 04 23 03 24 21.93 117.74 78.36
2022 04 23 03 25 21.81 117.72 78.51
2022 04 23 03 26 21.69 117.71 78.65
2022 04 23 03 27 21.56 117.70 78.79
2022 04 23 03 28 21.44 117.68 78.93
2022 04 23 03 29 21.31 117.67 79.07
2022 04 23 03 30 21.19 117.66 79.21
2022 04 23 03 31 21.07 117.64 79.35
2022 04 23 03 32 20.94 117.63 79.49
2022 04 23 03 33 20.82 117.61 79.63
2022 04 23 03 34 20.70 117.60 79.76
2022 04 23 03 35 20.57 117.59 79.90
2022 04 23 03 36 20.45 117.57 80.04
2022 04 23 03 37 20.33 117.56 80.18
2022 04 23 03 38 20.20 117.54 80.32
2022 04 23 03 39 20.08 117.52 80.46
2022 04 23 03 40 19.96 117.51 80.60
2022 04 23 03 41 19.84 117.49 80.74
2022 04 23 03 42 19.71 117.48 80.88
2022 04 23 03 43 19.59 117.46 81.01
2022 04 23 03 44 19.47 117.44 81.15
2022 04 23 03 45 19.35 117.43 81.29
2022 04 23 03 46 19.22 117.41 81.43
2022 04 23 03 47 19.10 117.39 81.56
2022 04 23 03 48 18.98 117.37 81.70
2022 04 23 03 49 18.86 117.36 81.84
2022 04 23 03 50 18.74 117.34 81.97
2022 04 23 03 51 18.61 117.32 82.11
2022 04 23 03 52 18.49 117.30 82.24
2022 04 23 03 53 18.37 117.28 82.38
2022 04 23 03 54 18.25 117.26 82.51
2022 04 23 03 55 18.13 117.24 82.65
2022 04 23 03 56 18.01 117.22 82.78
2022 04 23 03 57 17.89 117.21 82.92
2022 04 23 03 58 17.77 117.19 83.05
2022 04 23 03 59 17.65 117.16 83.18
2022 04 23 04 00 17.53 117.14 83.31
2022 04 23 04 01 17.40 117.12 83.44
2022 04 23 04 02 17.28 117.10 83.57
2022 04 23 04 03 17.16 117.08 83.70
2022 04 23 04 04 17.04 117.06 83.83
2022 04 23 04 05 16.92 117.04 83.96
2022 04 23 04 06 16.80 117.02 84.08
2022 04 23 04 07 16.68 116.99 84.21
2022 04 23 04 08 16.57 116.97 84.33
2022 04 23 04 09 16.45 116.95 84.46
2022 04 23 04 10 16.33 116.92 84.58
2022 04 23 04 11 16.21 116.90 84.70
2022 04 23 04 12 16.09 116.88 84.82
2022 04 23 04 13 15.97 116.85 84.94
2022 04 23 04 14 15.85 116.83 85.05
2022 04 23 04 15 15.73 116.81 85.17
2022 04 23 04 16 15.61 116.78 85.28
2022 04 23 04 17 15.50 116.76 85.39
2022 04 23 04 18 15.38 116.73 85.50
2022 04 23 04 19 15.26 116.70 85.61
2022 04 23 04 20 15.14 116.68 85.71
2022 04 23 04 21 15.02 116.65 85.82
2022 04 23 04 22 14.91 116.63 85.92
2022 04 23 04 23 14.79 116.60 86.01
2022 04 23 04 24 14.67 116.57 86.10
2022 04 23 04 25 14.56 116.54 86.19
2022 04 23 04 26 14.44 116.52 86.28
2022 04 23 04 27 14.32 116.49 86.36
2022 04 23 04 28 14.21 116.46 86.43
2022 04 23 04 29 14.09 116.43 86.50
2022 04 23 04 30 13.97 0.00 0.00
2022 04 23 04 31 13.86 0.00 0.00
2022 04 23 04 32 13.74 0.00 0.00
2022 04 23 04 33 13.63 0.00 0.00
2022 04 23 04 34 13.51 0.00 0.00
2022 04 23 04 35 13.40 0.00 0.00
2022 04 23 04 36 13.28 0.00 0.00
2022 04 23 04 37 13.17 0.00 0.00
2022 04 23 04 38 13.05 0.00 0.00
2022 04 23 04 39 12.94 0.00 0.00
2022 04 23 04 40 12.82 0.00 0.00
2022 04 23 04 41 12.71 0.00 0.00
2022 04 23 04 42 12.59 0.00 0.00
2022 04 23 04 43 12.48 0.00 0.00
2022 04 23 04 44 12.37 0.00 0.00
2022 04 23 04 45 12.25 0.00 0.00
2022 04 23 04 46 12.14 0.00 0.00
2022 04 23 04 47 12.03 0.00 0.00
2022 04 23 04 48 11.91 0.00 0.00
2022 04 23 04 49 11.80 0.00 0.00
2022 04 23 04 50 11.69 0.00 0.00
2022 04 23 04 51 11.58 0.00 0.00
2022 04 23 04 52 11.47 0.00 0.00
2022 04 23 04 53 11.35 0.00 0.00
2022 04 23 04 54 11.24 0.00 0.00
2022 04 23 04 55 11.13 0.00 0.00
2022 04 23 04 56 11.02 0.00 0.00
2022 04 23 04 57 10.91 0.00 0.00
2022 04 23 04 58 10.80 0.00 0.00
2022 04 23 04 59 10.69 0.00 0.00
