17 17 30.93 65.19 572.36 0.35
17 18 31.05 65.40 573.37 0.34
17 19 31.18 65.61 574.31 0.34
17 20 31.30 65.82 575.26 0.34
17 21 31.43 66.04 576.20 0.34
17 22 31.55 66.25 577.14 0.33
17 23 31.68 66.46 578.09 0.33
17 24 31.80 66.68 579.03 0.33
17 25 31.93 66.89 579.97 0.33
17 26 32.05 67.10 580.96 0.32
17 27 32.17 67.31 582.02 0.32
17 28 32.30 67.53 583.08 0.32
17 29 32.42 67.74 584.13 0.32
17 30 32.55 67.95 585.19 0.31
17 31 32.67 68.16 586.24 0.31
17 32 32.79 68.37 587.30 0.31
17 33 32.92 68.59 588.35 0.31
17 34 33.04 68.80 589.33 0.30
17 35 33.16 69.01 590.15 0.30
17 36 33.29 69.22 590.96 0.30
17 37 33.41 69.43 591.78 0.30
17 38 33.53 69.64 592.60 0.29
17 39 33.66 69.85 593.41 0.29
17 40 33.78 70.07 594.23 0.29
17 41 33.90 70.28 595.04 0.29
17 42 34.03 70.49 595.88 0.28
17 43 34.15 70.70 596.81 0.28
17 44 34.27 70.91 597.74 0.28
17 45 34.39 71.12 598.67 0.28
17 46 34.52 71.33 599.59 0.27
17 47 34.64 71.54 600.52 0.27
17 48 34.76 71.75 601.44 0.27
17 49 34.88 71.96 602.37 0.27
17 50 35.00 72.16 603.29 0.26
17 51 35.13 72.37 604.09 0.26
17 52 35.25 72.58 604.90 0.26
17 53 35.37 72.79 605.70 0.26
17 54 35.49 73.00 606.51 0.26
17 55 35.61 73.21 607.31 0.25
17 56 35.73 73.41 608.11 0.25
17 57 35.85 73.62 608.91 0.25
17 58 35.97 73.83 609.71 0.25
17 59 36.09 74.03 610.42 0.24
18 00 36.21 74.24 611.11 0.24
18 01 36.34 74.45 611.79 0.24
18 02 36.46 74.65 612.47 0.24
18 03 36.58 74.86 613.16 0.24
18 04 36.69 75.06 613.84 0.23
18 05 36.81 75.27 614.52 0.23
18 06 36.93 75.47 615.19 0.23
18 07 37.05 75.68 615.92 0.23
18 08 37.17 75.88 616.71 0.22
18 09 37.29 76.09 617.50 0.22
18 10 37.41 76.29 618.29 0.22
18 11 37.53 76.49 619.07 0.22
18 12 37.65 76.70 619.86 0.22
18 13 37.77 76.90 620.64 0.21
18 14 37.88 77.10 621.43 0.21
18 15 38.00 77.30 622.21 0.21
18 16 38.12 77.50 622.87 0.21
18 17 38.24 77.71 623.54 0.21
18 18 38.35 77.91 624.21 0.20
18 19 38.47 78.11 624.87 0.20
18 20 38.59 78.31 625.54 0.20
18 21 38.70 78.51 626.20 0.20
18 22 38.82 78.71 626.86 0.20
18 23 38.94 78.91 627.52 0.19
18 24 39.05 79.10 628.13 0.19
18 25 39.17 79.30 628.68 0.19
18 26 39.28 79.50 629.23 0.19
18 27 39.40 79.70 629.77 0.19
18 28 39.51 79.90 630.32 0.19
18 29 39.63 80.09 630.86 0.18
18 30 39.74 80.29 631.40 0.18
18 31 39.86 80.48 631.95 0.18
18 32 39.97 80.68 632.49 0.18
18 33 40.09 80.87 633.11 0.18
18 34 40.20 81.07 633.76 0.17
18 35 40.31 81.26 634.40 0.17
18 36 40.43 81.46 635.04 0.17
18 37 40.54 81.65 635.69 0.17
18 38 40.65 81.84 636.33 0.17
18 39 40.77 82.04 636.97 0.17
18 40 40.88 82.23 637.60 0.16
18 41 40.99 82.42 638.24 0.16
18 42 41.10 82.61 638.78 0.16
18 43 41.21 82.80 639.31 0.16
18 44 41.32 82.99 639.83 0.16
18 45 41.43 83.18 640.36 0.16
18 46 41.55 83.37 640.88 0.15
18 47 41.66 83.56 641.40 0.15
18 48 41.77 83.75 641.92 0.15
18 49 41.88 83.94 642.44 0.15
18 50 41.98 84.12 642.96 0.15
18 51 42.09 84.31 643.48 0.15
18 52 42.20 84.50 643.99 0.14
18 53 42.31 84.68 644.51 0.14
18 54 42.42 84.87 645.02 0.14
18 55 42.53 85.06 645.53 0.14
18 56 42.63 85.24 646.04 0.14
18 57 42.74 85.42 646.55 0.14
18 58 42.85 85.61 647.05 0.14
18 59 42.96 85.79 647.56 0.13
19 00 43.06 85.97 648.06 0.13
19 01 43.17 86.16 648.56 0.13
19 02 43.27 86.34 649.06 0.13
19 03 43.38 86.52 649.56 0.13
19 04 43.48 86.70 650.06 0.13
19 05 43.59 86.88 650.56 0.13
19 06 43.69 87.06 651.05 0.12
19 07 43.80 87.24 651.54 0.12
19 08 43.90 87.42 652.03 0.12
19 09 44.00 87.60 652.52 0.12
19 10 44.11 87.78 652.91 0.12
19 11 44.21 87.95 653.30 0.12
19 12 44.31 88.13 653.68 0.12
19 13 44.41 88.31 654.07 0.12
19 14 44.51 88.48 654.45 0.11
19 15 44.62 88.66 654.84 0.11
19 16 44.72 88.83 655.22 0.11
19 17 44.82 89.01 655.60 0.11
19 18 44.92 89.18 655.98 0.11
19 19 45.02 89.35 656.37 0.11
19 20 45.12 89.53 656.84 0.11
19 21 45.21 89.70 657.30 0.11
19 22 45.31 89.87 657.77 0.10
19 23 45.41 90.04 658.23 0.10
19 24 45.51 90.21 658.70 0.10
19 25 45.60 90.38 659.16 0.10
19 26 45.70 90.55 659.61 0.10
19 27 45.80 90.72 660.07 0.10
19 28 45.89 90.89 660.52 0.10
19 29 45.99 91.05 660.97 0.10
19 30 46.08 91.22 661.34 0.10
19 31 46.18 91.39 661.70 0.09
19 32 46.27 91.55 662.06 0.09
19 33 46.37 91.72 662.41 0.09
19 34 46.46 91.89 662.77 0.09
19 35 46.55 92.05 663.12 0.09
19 36 46.64 92.21 663.47 0.09
19 37 46.74 92.38 663.82 0.09
19 38 46.83 92.54 664.16 0.09
19 39 46.92 92.70 664.51 0.09
19 40 47.01 92.86 664.85 0.09
19 41 47.10 93.02 665.19 0.08
19 42 47.19 93.19 665.53 0.08
19 43 47.28 93.34 665.87 0.08
19 44 47.37 93.50 666.20 0.08
19 45 47.45 93.66 666.53 0.08
19 46 47.54 93.82 666.87 0.08
19 47 47.63 93.98 667.20 0.08
19 48 47.71 94.14 667.52 0.08
19 49 47.80 94.29 667.85 0.08
19 50 47.89 94.45 668.17 0.08
19 51 47.97 94.60 668.49 0.08
19 52 48.06 94.76 668.81 0.07
19 53 48.14 94.91 669.13 0.07
19 54 48.22 95.07 669.45 0.07
19 55 48.31 95.22 669.76 0.07
19 56 48.39 95.37 670.08 0.07
19 57 48.47 95.52 670.39 0.07
19 58 48.55 95.68 670.69 0.07
19 59 48.63 95.83 671.00 0.07
20 00 48.71 95.98 671.30 0.07
20 01 48.79 96.13 671.60 0.07
20 02 48.87 96.28 671.90 0.07
20 03 48.95 96.42 672.20 0.07
20 04 49.03 96.57 672.47 0.07
20 05 49.11 96.72 672.69 0.06
20 06 49.18 96.87 672.91 0.06
20 07 49.26 97.01 673.12 0.06
20 08 49.33 97.16 673.34 0.06
20 09 49.41 97.30 673.55 0.06
20 10 49.48 97.45 673.76 0.06
20 11 49.56 97.59 673.97 0.06
20 12 49.63 97.73 674.18 0.06
20 13 49.70 97.88 674.39 0.06
20 14 49.78 98.02 674.59 0.06
20 15 49.85 98.16 674.80 0.06
20 16 49.92 98.30 675.00 0.06
20 17 49.99 98.44 675.20 0.06
20 18 50.06 98.58 675.45 0.06
20 19 50.13 98.72 675.71 0.05
20 20 50.19 98.86 675.97 0.05
20 21 50.26 99.00 676.23 0.05
20 22 50.33 99.13 676.48 0.05
20 23 50.40 99.27 676.73 0.05
20 24 50.46 99.41 676.98 0.05
20 25 50.53 99.54 677.23 0.05
20 26 50.59 99.68 677.47 0.05
20 27 50.66 99.81 677.72 0.05
20 28 50.72 99.95 677.95 0.05
20 29 50.78 100.08 678.19 0.05
20 30 50.84 100.21 678.43 0.05
20 31 50.90 100.34 678.66 0.05
20 32 50.96 100.48 678.89 0.05
20 33 51.02 100.61 679.09 0.05
20 34 51.08 100.74 679.26 0.05
20 35 51.14 100.87 679.42 0.05
20 36 51.20 101.00 679.59 0.04
20 37 51.26 101.12 679.75 0.04
20 38 51.31 101.25 679.91 0.04
20 39 51.37 101.38 680.07 0.04
20 40 51.42 101.51 680.22 0.04
20 41 51.48 101.63 680.38 0.04
20 42 51.53 101.76 680.53 0.04
20 43 51.58 101.88 680.68 0.04
20 44 51.64 102.01 680.83 0.04
20 45 51.69 102.13 680.98 0.04
20 46 51.74 102.25 681.12 0.04
20 47 51.79 102.38 681.26 0.04
20 48 51.84 102.50 681.40 0.04
20 49 51.89 102.62 681.54 0.04
20 50 51.93 102.74 681.67 0.04
20 51 51.98 102.86 681.81 0.04
20 52 52.03 102.98 681.94 0.04
20 53 52.07 103.10 682.07 0.04
20 54 52.12 103.22 682.20 0.04
20 55 52.16 103.34 682.32 0.04
20 56 52.20 103.45 682.44 0.04
20 57 52.25 103.57 682.56 0.03
20 58 52.29 103.69 682.68 0.03
20 59 52.33 103.80 682.80 0.03
21 00 52.37 103.92 682.91 0.03
21 01 52.41 104.03 683.02 0.03
21 02 52.45 104.15 683.13 0.03
21 03 52.49 104.26 683.24 0.03
21 04 52.52 104.37 683.35 0.03
21 05 52.56 104.48 683.45 0.03
21 06 52.59 104.59 683.55 0.03
21 07 52.63 104.71 683.65 0.03
21 08 52.66 104.82 683.75 0.03
21 09 52.70 104.93 683.84 0.03
21 10 52.73 105.03 683.93 0.03
21 11 52.76 105.14 684.02 0.03
21 12 52.79 105.25 684.11 0.03
21 13 52.82 105.36 684.19 0.03
21 14 52.85 105.47 684.28 0.03
21 15 52.88 105.57 684.36 0.03
21 16 52.91 105.68 684.43 0.03
21 17 52.93 105.78 684.51 0.03
21 18 52.96 105.89 684.58 0.03
21 19 52.98 105.99 684.66 0.03
21 20 53.01 106.09 684.72 0.03
21 21 53.03 106.20 684.79 0.03
21 22 53.05 106.30 684.85 0.03
21 23 53.08 106.40 684.92 0.03
21 24 53.10 106.50 684.98 0.03
21 25 53.12 106.60 685.03 0.03
21 26 53.14 106.70 685.09 0.02
21 27 53.15 106.80 685.14 0.02
21 28 53.17 106.90 685.19 0.02
21 29 53.19 107.00 685.24 0.02
21 30 53.20 107.10 685.28 0.02
21 31 53.22 107.20 685.33 0.02
21 32 53.23 107.29 685.37 0.02
21 33 53.25 107.39 685.41 0.02
21 34 53.26 107.48 685.44 0.02
21 35 53.27 107.58 685.47 0.02
21 36 53.28 107.67 685.51 0.02
21 37 53.29 107.77 685.53 0.02
21 38 53.30 107.86 685.56 0.02
21 39 53.31 107.95 685.58 0.02
21 40 53.32 108.05 685.61 0.02
21 41 53.32 108.14 685.63 0.02
21 42 53.33 108.23 685.64 0.02
21 43 53.34 108.32 685.66 0.02
21 44 53.34 108.41 685.67 0.02
21 45 53.34 108.50 685.68 0.02
21 46 53.35 108.59 685.68 0.02
21 47 53.35 108.68 685.69 0.02
21 48 53.35 108.76 685.69 0.02
21 49 53.35 108.85 685.69 0.02
21 50 53.35 108.94 685.69 0.02
21 51 53.35 109.02 685.68 0.02
21 52 53.34 109.11 685.68 0.02
21 53 53.34 109.20 685.67 0.02
21 54 53.34 109.28 685.66 0.02
21 55 53.33 109.36 685.64 0.02
21 56 53.32 109.45 685.62 0.02
21 57 53.32 109.53 685.60 0.02
21 58 53.31 109.61 685.58 0.02
21 59 53.30 109.70 685.56 0.02
22 00 53.29 109.78 685.53 0.02
22 01 53.28 109.86 685.50 0.02
22 02 53.27 109.94 685.47 0.02
22 03 53.26 110.02 685.44 0.02
22 04 53.25 110.10 685.40 0.02
22 05 53.23 110.18 685.36 0.02
22 06 53.22 110.26 685.32 0.02
22 07 53.20 110.33 685.28 0.02
22 08 53.19 110.41 685.23 0.02
22 09 53.17 110.49 685.19 0.02
22 10 53.15 110.56 685.14 0.02
22 11 53.13 110.64 685.08 0.02
22 12 53.11 110.72 685.03 0.02
22 13 53.09 110.79 684.97 0.01
22 14 53.07 110.86 684.91 0.01
22 15 53.05 110.94 684.85 0.01
22 16 53.03 111.01 684.79 0.01
22 17 53.01 111.08 684.72 0.01
22 18 52.98 111.16 684.65 0.01
22 19 52.96 111.23 684.58 0.01
22 20 52.93 111.30 684.50 0.01
22 21 52.90 111.37 684.43 0.01
22 22 52.88 111.44 684.35 0.01
22 23 52.85 111.51 684.27 0.01
22 24 52.82 111.58 684.19 0.01
22 25 52.79 111.65 684.10 0.01
22 26 52.76 111.72 684.01 0.01
22 27 52.73 111.79 683.92 0.01
22 28 52.69 111.85 683.83 0.01
22 29 52.66 111.92 683.74 0.01
22 30 52.63 111.99 683.64 0.01
22 31 52.59 112.05 683.54 0.01
22 32 52.56 112.12 683.44 0.01
22 33 52.52 112.18 683.34 0.01
22 34 52.48 112.25 683.23 0.01
22 35 52.44 112.31 683.13 0.01
22 36 52.41 112.38 683.02 0.01
22 37 52.37 112.44 682.90 0.01
22 38 52.33 112.50 682.79 0.01
22 39 52.29 112.56 682.67 0.01
22 40 52.24 112.63 682.55 0.01
22 41 52.20 112.69 682.43 0.01
22 42 52.16 112.75 682.31 0.01
22 43 52.11 112.81 682.19 0.01
22 44 52.07 112.87 682.06 0.01
22 45 52.02 112.93 681.93 0.01
22 46 51.98 112.99 681.80 0.01
22 47 51.93 113.05 681.66 0.01
22 48 51.88 113.10 681.53 0.01
22 49 51.83 113.16 681.39 0.01
22 50 51.78 113.22 681.25 0.01
22 51 51.73 113.28 681.11 0.01
22 52 51.68 113.33 680.96 0.01
22 53 51.63 113.39 680.82 0.01
22 54 51.58 113.44 680.67 0.01
22 55 51.53 113.50 680.52 0.01
22 56 51.47 113.55 680.37 0.01
22 57 51.42 113.61 680.21 0.01
22 58 51.36 113.66 680.06 0.01
22 59 51.31 113.71 679.90 0.01
23 00 51.25 113.77 679.74 0.01
23 01 51.20 113.82 679.58 0.01
23 02 51.14 113.87 679.41 0.01
23 03 51.08 113.92 679.24 0.01
23 04 51.02 113.98 679.08 0.01
23 05 50.96 114.03 678.87 0.01
23 06 50.90 114.08 678.64 0.01
23 07 50.84 114.13 678.41 0.01
23 08 50.78 114.18 678.17 0.01
23 09 50.71 114.23 677.94 0.01
23 10 50.65 114.27 677.70 0.01
23 11 50.59 114.32 677.45 0.01
23 12 50.52 114.37 677.21 0.01
23 13 50.46 114.42 676.96 0.01
23 14 50.39 114.47 676.71 0.01
23 15 50.32 114.51 676.46 0.01
23 16 50.26 114.56 676.21 0.01
23 17 50.19 114.60 675.95 0.01
23 18 50.12 114.65 675.69 0.01
23 19 50.05 114.70 675.43 0.01
23 20 49.98 114.74 675.18 0.01
23 21 49.91 114.79 674.98 0.01
23 22 49.84 114.83 674.78 0.01
23 23 49.77 114.87 674.58 0.01
23 24 49.70 114.92 674.37 0.01
23 25 49.62 114.96 674.17 0.01
23 26 49.55 115.00 673.96 0.01
23 27 49.48 115.04 673.75 0.01
23 28 49.40 115.09 673.54 0.01
23 29 49.33 115.13 673.32 0.01
23 30 49.25 115.17 673.11 0.01
23 31 49.18 115.21 672.89 0.01
23 32 49.10 115.25 672.67 0.01
23 33 49.02 115.29 672.45 0.01
23 34 48.94 115.33 672.18 0.01
23 35 48.87 115.37 671.88 0.01
23 36 48.79 115.41 671.58 0.01
23 37 48.71 115.45 671.28 0.01
23 38 48.63 115.48 670.97 0.01
23 39 48.55 115.52 670.67 0.01
23 40 48.46 115.56 670.36 0.01
23 41 48.38 115.60 670.05 0.01
23 42 48.30 115.63 669.74 0.01
23 43 48.22 115.67 669.42 0.01
23 44 48.13 115.71 669.11 0.01
23 45 48.05 115.74 668.79 0.01
23 46 47.96 115.78 668.47 0.01
23 47 47.88 115.81 668.15 0.01
23 48 47.79 115.85 667.82 0.01
23 49 47.71 115.88 667.50 0.01
23 50 47.62 115.91 667.17 0.01
23 51 47.53 115.95 666.84 0.01
23 52 47.45 115.98 666.51 0.01
23 53 47.36 116.02 666.17 0.01
23 54 47.27 116.05 665.84 0.01
23 55 47.18 116.08 665.50 0.01
23 56 47.09 116.11 665.16 0.01
23 57 47.00 116.14 664.82 0.01
23 58 46.91 116.18 664.48 0.01
23 59 46.82 116.21 664.13 0.01
00 00 46.73 116.24 663.79 0.01
00 01 46.64 116.27 663.44 0.01
00 02 46.54 116.30 663.09 0.01
00 03 46.45 116.33 662.74 0.01
00 04 46.36 116.36 662.39 0.01
00 05 46.26 116.39 662.03 0.01
00 06 46.17 116.42 661.67 0.01
00 07 46.08 116.45 661.32 0.01
00 08 45.98 116.47 660.94 0.01
00 09 45.89 116.50 660.49 0.01
00 10 45.79 116.53 660.03 0.01
00 11 45.69 116.56 659.58 0.01
00 12 45.60 116.58 659.12 0.01
00 13 45.50 116.61 658.66 0.01
00 14 45.40 116.64 658.20 0.01
00 15 45.30 116.66 657.73 0.01
00 16 45.21 116.69 657.27 0.01
00 17 45.11 116.72 656.80 0.01
00 18 45.01 116.74 656.33 0.01
00 19 44.91 116.77 655.95 0.01
00 20 44.81 116.79 655.57 0.01
00 21 44.71 116.82 655.19 0.01
00 22 44.61 116.84 654.81 0.01
00 23 44.51 116.87 654.42 0.01
00 24 44.41 116.89 654.04 0.01
00 25 44.30 116.91 653.65 0.01
00 26 44.20 116.94 653.27 0.01
00 27 44.10 116.96 652.88 0.01
00 28 44.00 116.98 652.48 0.01
00 29 43.89 117.00 651.99 0.01
00 30 43.79 117.03 651.50 0.01
00 31 43.68 117.05 651.01 0.01
00 32 43.58 117.07 650.52 0.01
00 33 43.48 117.09 650.02 0.00
00 34 43.37 117.11 649.52 0.00
00 35 43.27 117.13 649.02 0.00
00 36 43.16 117.15 648.52 0.00
00 37 43.05 117.17 648.02 0.00
00 38 42.95 117.20 647.52 0.00
00 39 42.84 117.22 647.01 0.00
00 40 42.73 117.23 646.51 0.00
00 41 42.63 117.25 646.00 0.00
00 42 42.52 117.27 645.49 0.00
00 43 42.41 117.29 644.98 0.00
00 44 42.30 117.31 644.47 0.00
00 45 42.19 117.33 643.95 0.00
00 46 42.08 117.35 643.44 0.00
00 47 41.98 117.37 642.92 0.00
00 48 41.87 117.38 642.40 0.00
00 49 41.76 117.40 641.88 0.00
00 50 41.65 117.42 641.36 0.00
00 51 41.54 117.44 640.84 0.00
00 52 41.43 117.45 640.31 0.00
00 53 41.31 117.47 639.79 0.00
00 54 41.20 117.49 639.26 0.00
00 55 41.09 117.50 638.73 0.00
00 56 40.98 117.52 638.19 0.00
00 57 40.87 117.53 637.55 0.00
00 58 40.76 117.55 636.91 0.00
00 59 40.64 117.56 636.27 0.00
01 00 40.53 117.58 635.63 0.00
01 01 40.42 117.59 634.99 0.00
01 02 40.30 117.61 634.35 0.00
01 03 40.19 117.62 633.70 0.00
01 04 40.08 117.64 633.06 0.00
01 05 39.96 117.65 632.44 0.00
01 06 39.85 117.66 631.90 0.00
01 07 39.74 117.68 631.36 0.00
01 08 39.62 117.69 630.82 0.00
01 09 39.51 117.70 630.27 0.00
01 10 39.39 117.72 629.73 0.00
01 11 39.27 117.73 629.18 0.00
01 12 39.16 117.74 628.64 0.00
01 13 39.04 117.76 628.09 0.00
01 14 38.93 117.77 627.47 0.00
01 15 38.81 117.78 626.81 0.00
01 16 38.69 117.79 626.15 0.00
01 17 38.58 117.80 625.48 0.00
01 18 38.46 117.81 624.82 0.00
01 19 38.34 117.83 624.15 0.00
01 20 38.23 117.84 623.49 0.00
01 21 38.11 117.85 622.82 0.00
01 22 37.99 117.86 622.14 0.00
01 23 37.87 117.87 621.36 0.00
01 24 37.76 117.88 620.58 0.00
01 25 37.64 117.89 619.80 0.00
01 26 37.52 117.90 619.01 0.00
01 27 37.40 117.91 618.22 0.00
01 28 37.28 117.92 617.44 0.00
01 29 37.16 117.93 616.65 0.00
01 30 37.04 117.93 615.86 0.00
01 31 36.92 117.94 615.14 0.00
01 32 36.80 117.95 614.46 0.00
01 33 36.69 117.96 613.78 0.00
01 34 36.57 117.97 613.10 0.00
01 35 36.45 117.98 612.42 0.00
01 36 36.33 117.98 611.74 0.00
01 37 36.21 117.99 611.05 0.00
01 38 36.08 118.00 610.37 0.00
01 39 35.96 118.01 609.65 0.00
01 40 35.84 118.01 608.85 0.00
01 41 35.72 118.02 608.05 0.00
01 42 35.60 118.03 607.25 0.00
01 43 35.48 118.03 606.44 0.00
01 44 35.36 118.04 605.64 0.00
01 45 35.24 118.05 604.83 0.00
01 46 35.12 118.05 604.03 0.00
01 47 34.99 118.06 603.22 0.00
01 48 34.87 118.07 602.29 0.00
01 49 34.75 118.07 601.37 0.00
01 50 34.63 118.08 600.45 0.00
01 51 34.51 118.08 599.52 0.00
01 52 34.38 118.09 598.59 0.00
01 53 34.26 118.09 597.67 0.00
01 54 34.14 118.10 596.74 0.00
01 55 34.02 118.10 595.81 0.00
01 56 33.89 118.10 594.98 0.00
01 57 33.77 118.11 594.16 0.00
01 58 33.65 118.11 593.35 0.00
01 59 33.52 118.12 592.53 0.00
02 00 33.40 118.12 591.72 0.00
02 01 33.28 118.12 590.90 0.00
02 02 33.16 118.13 590.08 0.00
02 03 33.03 118.13 589.26 0.00
02 04 32.91 118.13 588.27 0.00
02 05 32.78 118.14 587.21 0.00
02 06 32.66 118.14 586.16 0.00
02 07 32.54 118.14 585.10 0.00
02 08 32.41 118.14 584.05 0.00
02 09 32.29 118.15 582.99 0.00
02 10 32.16 118.15 581.93 0.00
02 11 32.04 118.15 580.88 0.00
02 12 31.92 118.15 579.90 0.00
02 13 31.79 118.15 578.95 0.00
02 14 31.67 118.15 578.01 0.00
02 15 31.54 118.16 577.07 0.00
02 16 31.42 118.16 576.13 0.00
02 17 31.29 118.16 575.18 0.00
02 18 31.17 118.16 574.24 0.00
02 19 31.04 118.16 573.29 0.00
02 20 30.92 118.16 572.27 0.00
02 21 30.80 118.16 571.21 0.00
02 22 30.67 118.16 570.14 0.00
02 23 30.55 118.16 569.08 0.00
02 24 30.42 118.16 568.01 0.00
02 25 30.30 118.16 566.95 0.00
02 26 30.17 118.16 565.88 0.00
02 27 30.05 118.16 564.82 0.00
02 28 29.92 118.16 563.67 0.00
02 29 29.79 118.16 562.49 0.00
02 30 29.67 118.15 561.30 0.00
02 31 29.54 118.15 560.11 0.00
02 32 29.42 118.15 558.93 0.00
02 33 29.29 118.15 557.74 0.00
02 34 29.17 118.15 556.55 0.00
02 35 29.04 118.15 555.37 0.00
02 36 28.92 118.14 554.18 0.00
02 37 28.79 118.14 552.99 0.00
02 38 28.67 118.14 551.80 0.00
02 39 28.54 118.14 550.61 0.00
02 40 28.42 118.13 549.42 0.00
02 41 28.29 118.13 548.23 0.00
02 42 28.16 118.13 547.05 0.00
02 43 28.04 118.12 545.86 0.00
02 44 27.91 118.12 544.58 0.00
02 45 27.79 118.11 543.28 0.00
02 46 27.66 118.11 541.97 0.00
02 47 27.54 118.11 540.66 0.00
02 48 27.41 118.10 539.35 0.00
02 49 27.29 118.10 538.04 0.00
02 50 27.16 118.09 536.73 0.00
02 51 27.03 118.09 535.42 0.00
02 52 26.91 118.08 534.12 0.00
02 53 26.78 118.08 532.81 0.00
02 54 26.66 118.07 531.50 0.00
02 55 26.53 118.07 530.19 0.00
02 56 26.41 118.06 528.88 0.00
02 57 26.28 118.06 527.57 0.00
02 58 26.15 118.05 526.27 0.00
02 59 26.03 118.04 524.96 0.00
03 00 25.90 118.04 523.56 0.00
03 01 25.78 118.03 522.13 0.00
03 02 25.65 118.02 520.71 0.00
03 03 25.53 118.02 519.28 0.00
03 04 25.40 118.01 517.85 0.00
03 05 25.28 118.00 516.43 0.00
03 06 25.15 118.00 515.00 0.00
03 07 25.03 117.99 513.58 0.00
03 08 24.90 117.98 512.06 0.00
03 09 24.77 117.97 510.52 0.00
03 10 24.65 117.96 508.97 0.00
03 11 24.52 117.96 507.43 0.00
03 12 24.40 117.95 505.89 0.00
03 13 24.27 117.94 504.35 0.00
03 14 24.15 117.93 502.81 0.00
03 15 24.02 117.92 501.27 0.00
03 16 23.90 117.91 499.63 0.00
03 17 23.77 117.90 497.97 0.00
03 18 23.65 117.89 496.32 0.00
03 19 23.52 117.88 494.66 0.00
03 20 23.40 117.87 493.01 0.00
03 21 23.27 117.86 491.35 0.00
03 22 23.15 117.85 489.70 0.00
03 23 23.02 117.84 488.04 0.00
03 24 22.90 117.83 486.39 0.00
03 25 22.78 117.82 484.74 0.00
03 26 22.65 117.81 483.09 0.00
03 27 22.53 117.80 481.44 0.00
03 28 22.40 117.79 479.79 0.00
03 29 22.28 117.77 478.14 0.00
03 30 22.15 117.76 476.49 0.00
03 31 22.03 117.75 474.84 0.00
03 32 21.90 117.74 473.02 0.00
03 33 21.78 117.72 471.14 0.00
03 34 21.66 117.71 469.26 0.00
03 35 21.53 117.70 467.38 0.00
03 36 21.41 117.68 465.51 0.00
03 37 21.29 117.67 463.63 0.00
03 38 21.16 117.66 461.76 0.00
03 39 21.04 117.64 459.88 0.00
03 40 20.91 117.63 458.01 0.00
03 41 20.79 117.62 456.14 0.00
03 42 20.67 117.60 454.27 0.00
03 43 20.54 117.59 452.40 0.00
03 44 20.42 117.57 450.54 0.00
03 45 20.30 117.56 448.67 0.00
03 46 20.18 117.54 446.81 0.00
03 47 20.05 117.53 444.95 0.00
03 48 19.93 117.51 442.95 0.00
03 49 19.81 117.49 440.86 0.00
03 50 19.68 117.48 438.77 0.00
03 51 19.56 117.46 436.68 0.00
03 52 19.44 117.44 434.60 0.00
03 53 19.32 117.43 432.51 0.00
03 54 19.19 117.41 430.43 0.00
03 55 19.07 117.39 428.35 0.00
03 56 18.95 117.37 426.27 0.00
03 57 18.83 117.36 424.19 0.00
03 58 18.71 117.34 422.11 0.00
03 59 18.59 117.32 420.04 0.00
04 00 18.46 117.30 417.97 0.00
04 01 18.34 117.28 415.90 0.00
04 02 18.22 117.26 413.83 0.00
04 03 18.10 117.24 411.76 0.00
04 04 17.98 117.22 409.64 0.00
04 05 17.86 117.20 407.23 0.00
04 06 17.74 117.18 404.83 0.00
04 07 17.62 117.16 402.43 0.00
04 08 17.50 117.14 400.03 0.00
04 09 17.38 117.12 397.64 0.00
04 10 17.25 117.10 395.24 0.00
04 11 17.13 117.08 392.85 0.00
04 12 17.01 117.06 390.47 0.01
04 13 16.89 117.04 388.08 0.01
04 14 16.77 117.01 385.70 0.01
04 15 16.66 116.99 383.32 0.01
04 16 16.54 116.97 380.94 0.01
04 17 16.42 116.95 378.57 0.01
04 18 16.30 116.92 376.20 0.01
04 19 16.18 116.90 373.83 0.01
04 20 16.06 116.88 371.46 0.01
04 21 15.94 116.85 368.99 0.01
04 22 15.82 116.83 366.40 0.01
04 23 15.70 116.80 363.82 0.01
04 24 15.58 116.78 361.24 0.01
04 25 15.47 116.75 358.67 0.01
04 26 15.35 116.73 356.10 0.01
04 27 15.23 116.70 353.53 0.01
04 28 15.11 116.68 350.96 0.01
04 29 15.00 116.65 348.39 0.01
