2022 04 19 17 00 28.30 0.00 0.00
2022 04 19 17 01 28.42 0.00 0.00
2022 04 19 17 02 28.55 0.00 0.00
2022 04 19 17 03 28.67 0.00 0.00
2022 04 19 17 04 28.80 0.00 0.00
2022 04 19 17 05 28.92 0.00 0.00
2022 04 19 17 06 29.05 0.00 0.00
2022 04 19 17 07 29.18 0.00 0.00
2022 04 19 17 08 29.30 0.00 0.00
2022 04 19 17 09 29.43 0.00 0.00
2022 04 19 17 10 29.55 0.00 0.00
2022 04 19 17 11 29.68 0.00 0.00
2022 04 19 17 12 29.80 0.00 0.00
2022 04 19 17 13 29.93 0.00 0.00
2022 04 19 17 14 30.05 0.00 0.00
2022 04 19 17 15 30.18 0.00 0.00
2022 04 19 17 16 30.30 0.00 0.00
2022 04 19 17 17 30.43 0.00 0.00
2022 04 19 17 18 30.55 64.55 0.00
2022 04 19 17 19 30.68 64.76 0.00
2022 04 19 17 20 30.80 64.97 0.00
2022 04 19 17 21 30.93 65.19 0.00
2022 04 19 17 22 31.05 65.40 0.00
2022 04 19 17 23 31.18 65.61 0.00
2022 04 19 17 24 31.30 65.82 0.00
2022 04 19 17 25 31.42 66.04 0.00
2022 04 19 17 26 31.55 66.25 0.00
2022 04 19 17 27 31.67 66.46 0.00
2022 04 19 17 28 31.80 66.67 0.00
2022 04 19 17 29 31.92 66.89 0.00
2022 04 19 17 30 32.05 67.10 0.00
2022 04 19 17 31 32.17 67.31 0.00
2022 04 19 17 32 32.29 67.52 0.00
2022 04 19 17 33 32.42 67.74 0.00
2022 04 19 17 34 32.54 67.95 0.00
2022 04 19 17 35 32.67 68.16 0.00
2022 04 19 17 36 32.79 68.37 0.00
2022 04 19 17 37 32.91 68.58 0.00
2022 04 19 17 38 33.04 68.80 0.00
2022 04 19 17 39 33.16 69.01 0.00
2022 04 19 17 40 33.28 69.22 0.00
2022 04 19 17 41 33.41 69.43 0.00
2022 04 19 17 42 33.53 69.64 0.00
2022 04 19 17 43 33.65 69.85 0.00
2022 04 19 17 44 33.78 70.06 0.00
2022 04 19 17 45 33.90 70.27 0.00
2022 04 19 17 46 34.02 70.48 0.00
2022 04 19 17 47 34.14 70.69 0.00
2022 04 19 17 48 34.27 70.91 0.00
2022 04 19 17 49 34.39 71.11 0.00
2022 04 19 17 50 34.51 71.32 0.00
2022 04 19 17 51 34.63 71.53 0.00
2022 04 19 17 52 34.76 71.74 0.00
2022 04 19 17 53 34.88 71.95 0.00
2022 04 19 17 54 35.00 72.16 0.00
2022 04 19 17 55 35.12 72.37 0.00
2022 04 19 17 56 35.24 72.58 0.00
2022 04 19 17 57 35.36 72.79 0.00
2022 04 19 17 58 35.49 73.00 0.00
2022 04 19 17 59 35.61 73.20 0.00
2022 04 19 18 00 35.73 73.41 0.00
2022 04 19 18 01 35.85 73.62 0.00
2022 04 19 18 02 35.97 73.82 0.00
2022 04 19 18 03 36.09 74.03 0.00
2022 04 19 18 04 36.21 74.24 0.00
2022 04 19 18 05 36.33 74.44 0.00
2022 04 19 18 06 36.45 74.65 0.00
2022 04 19 18 07 36.57 74.86 0.00
2022 04 19 18 08 36.69 75.06 0.00
2022 04 19 18 09 36.81 75.27 0.00
2022 04 19 18 10 36.93 75.47 0.00
2022 04 19 18 11 37.05 75.68 0.00
2022 04 19 18 12 37.17 75.88 0.00
2022 04 19 18 13 37.29 76.08 0.00
2022 04 19 18 14 37.40 76.29 0.00
2022 04 19 18 15 37.52 76.49 0.00
2022 04 19 18 16 37.64 76.69 0.00
2022 04 19 18 17 37.76 76.90 0.00
2022 04 19 18 18 37.88 77.10 0.00
2022 04 19 18 19 38.00 77.30 0.00
2022 04 19 18 20 38.11 77.50 0.00
2022 04 19 18 21 38.23 77.70 0.00
2022 04 19 18 22 38.35 77.90 0.00
2022 04 19 18 23 38.46 78.10 0.00
2022 04 19 18 24 38.58 78.30 0.00
2022 04 19 18 25 38.70 78.50 0.00
2022 04 19 18 26 38.81 78.70 0.00
2022 04 19 18 27 38.93 78.90 0.00
2022 04 19 18 28 39.05 79.10 0.00
2022 04 19 18 29 39.16 79.30 0.00
2022 04 19 18 30 39.28 79.50 0.00
2022 04 19 18 31 39.39 79.69 0.00
2022 04 19 18 32 39.51 79.89 0.00
2022 04 19 18 33 39.62 80.09 0.00
2022 04 19 18 34 39.74 80.28 0.00
2022 04 19 18 35 39.85 80.48 0.00
2022 04 19 18 36 39.97 80.67 0.00
2022 04 19 18 37 40.08 80.87 0.00
2022 04 19 18 38 40.19 81.06 0.00
2022 04 19 18 39 40.31 81.26 0.00
2022 04 19 18 40 40.42 81.45 0.00
2022 04 19 18 41 40.53 81.65 0.00
2022 04 19 18 42 40.65 81.84 0.00
2022 04 19 18 43 40.76 82.03 0.00
2022 04 19 18 44 40.87 82.22 0.00
2022 04 19 18 45 40.98 82.41 0.00
2022 04 19 18 46 41.09 82.61 0.00
2022 04 19 18 47 41.21 82.80 0.00
2022 04 19 18 48 41.32 82.99 0.00
2022 04 19 18 49 41.43 83.18 0.00
2022 04 19 18 50 41.54 83.37 0.00
2022 04 19 18 51 41.65 83.56 0.00
2022 04 19 18 52 41.76 83.74 0.00
2022 04 19 18 53 41.87 83.93 0.00
2022 04 19 18 54 41.98 84.12 0.00
2022 04 19 18 55 42.09 84.31 0.00
2022 04 19 18 56 42.20 84.49 0.00
2022 04 19 18 57 42.30 84.68 0.00
2022 04 19 18 58 42.41 84.86 42.27
2022 04 19 18 59 42.52 85.05 42.22
2022 04 19 19 00 42.63 85.23 42.17
2022 04 19 19 01 42.74 85.42 42.12
2022 04 19 19 02 42.84 85.60 42.07
2022 04 19 19 03 42.95 85.79 42.02
2022 04 19 19 04 43.06 85.97 41.97
2022 04 19 19 05 43.16 86.15 41.92
2022 04 19 19 06 43.27 86.33 41.88
2022 04 19 19 07 43.37 86.51 41.83
2022 04 19 19 08 43.48 86.70 41.78
2022 04 19 19 09 43.58 86.88 41.74
2022 04 19 19 10 43.69 87.06 41.70
2022 04 19 19 11 43.79 87.23 41.65
2022 04 19 19 12 43.89 87.41 41.61
2022 04 19 19 13 44.00 87.59 41.57
2022 04 19 19 14 44.10 87.77 41.53
2022 04 19 19 15 44.20 87.95 41.49
2022 04 19 19 16 44.30 88.12 41.45
2022 04 19 19 17 44.41 88.30 41.41
2022 04 19 19 18 44.51 88.48 41.37
2022 04 19 19 19 44.61 88.65 41.34
2022 04 19 19 20 44.71 88.83 41.30
2022 04 19 19 21 44.81 89.00 41.26
2022 04 19 19 22 44.91 89.17 41.23
2022 04 19 19 23 45.01 89.35 41.20
2022 04 19 19 24 45.11 89.52 41.17
2022 04 19 19 25 45.21 89.69 41.14
2022 04 19 19 26 45.30 89.86 41.11
2022 04 19 19 27 45.40 90.03 41.08
2022 04 19 19 28 45.50 90.20 41.05
2022 04 19 19 29 45.60 90.37 41.02
2022 04 19 19 30 45.69 90.54 41.00
2022 04 19 19 31 45.79 90.71 40.97
2022 04 19 19 32 45.89 90.88 40.95
2022 04 19 19 33 45.98 91.05 40.93
2022 04 19 19 34 46.08 91.22 40.91
2022 04 19 19 35 46.17 91.38 40.89
2022 04 19 19 36 46.26 91.55 40.87
2022 04 19 19 37 46.36 91.71 40.85
2022 04 19 19 38 46.45 91.88 40.83
2022 04 19 19 39 46.54 92.04 40.82
2022 04 19 19 40 46.64 92.21 40.80
2022 04 19 19 41 46.73 92.37 40.79
2022 04 19 19 42 46.82 92.53 40.78
2022 04 19 19 43 46.91 92.70 40.77
2022 04 19 19 44 47.00 92.86 40.76
2022 04 19 19 45 47.09 93.02 40.76
2022 04 19 19 46 47.18 93.18 40.75
2022 04 19 19 47 47.27 93.34 40.74
2022 04 19 19 48 47.36 93.50 40.74
2022 04 19 19 49 47.45 93.66 40.74
2022 04 19 19 50 47.53 93.81 40.74
2022 04 19 19 51 47.62 93.97 40.74
2022 04 19 19 52 47.71 94.13 40.74
2022 04 19 19 53 47.79 94.29 40.75
2022 04 19 19 54 47.88 94.44 40.75
2022 04 19 19 55 47.96 94.60 40.76
2022 04 19 19 56 48.05 94.75 40.77
2022 04 19 19 57 48.13 94.91 40.78
2022 04 19 19 58 48.21 95.06 40.79
2022 04 19 19 59 48.30 95.21 40.80
2022 04 19 20 00 48.38 95.37 40.82
2022 04 19 20 01 48.46 95.52 40.83
2022 04 19 20 02 48.54 95.67 40.85
2022 04 19 20 03 48.62 95.82 40.87
2022 04 19 20 04 48.70 95.97 40.89
2022 04 19 20 05 48.78 96.12 40.92
2022 04 19 20 06 48.86 96.27 40.94
2022 04 19 20 07 48.94 96.42 40.97
2022 04 19 20 08 49.02 96.57 41.00
2022 04 19 20 09 49.10 96.71 41.03
2022 04 19 20 10 49.17 96.86 41.06
2022 04 19 20 11 49.25 97.01 41.09
2022 04 19 20 12 49.33 97.15 41.13
2022 04 19 20 13 49.40 97.30 41.16
2022 04 19 20 14 49.47 97.44 41.20
2022 04 19 20 15 49.55 97.58 41.24
2022 04 19 20 16 49.62 97.73 41.28
2022 04 19 20 17 49.69 97.87 41.33
2022 04 19 20 18 49.77 98.01 41.37
2022 04 19 20 19 49.84 98.15 41.42
2022 04 19 20 20 49.91 98.29 41.47
2022 04 19 20 21 49.98 98.43 41.52
2022 04 19 20 22 50.05 98.57 41.58
2022 04 19 20 23 50.12 98.71 41.63
2022 04 19 20 24 50.19 98.85 41.69
2022 04 19 20 25 50.25 98.99 41.75
2022 04 19 20 26 50.32 99.13 41.81
2022 04 19 20 27 50.39 99.26 41.87
2022 04 19 20 28 50.45 99.40 41.93
2022 04 19 20 29 50.52 99.54 42.00
2022 04 19 20 30 50.58 99.67 42.07
2022 04 19 20 31 50.65 99.81 42.14
2022 04 19 20 32 50.71 99.94 42.21
2022 04 19 20 33 50.77 100.07 42.29
2022 04 19 20 34 50.83 100.21 42.36
2022 04 19 20 35 50.90 100.34 42.44
2022 04 19 20 36 50.96 100.47 42.52
2022 04 19 20 37 51.02 100.60 42.60
2022 04 19 20 38 51.07 100.73 42.69
2022 04 19 20 39 51.13 100.86 42.77
2022 04 19 20 40 51.19 100.99 42.86
2022 04 19 20 41 51.25 101.12 42.95
2022 04 19 20 42 51.30 101.24 43.04
2022 04 19 20 43 51.36 101.37 43.14
2022 04 19 20 44 51.41 101.50 43.23
2022 04 19 20 45 51.47 101.62 43.33
2022 04 19 20 46 51.52 101.75 43.43
2022 04 19 20 47 51.58 101.88 43.53
2022 04 19 20 48 51.63 102.00 43.64
2022 04 19 20 49 51.68 102.12 43.74
2022 04 19 20 50 51.73 102.25 43.85
2022 04 19 20 51 51.78 102.37 43.96
2022 04 19 20 52 51.83 102.49 44.07
2022 04 19 20 53 51.88 102.61 44.18
2022 04 19 20 54 51.92 102.73 44.30
2022 04 19 20 55 51.97 102.85 44.42
2022 04 19 20 56 52.02 102.97 44.54
2022 04 19 20 57 52.06 103.09 44.66
2022 04 19 20 58 52.11 103.21 44.78
2022 04 19 20 59 52.15 103.33 44.91
2022 04 19 21 00 52.20 103.45 45.03
2022 04 19 21 01 52.24 103.56 45.16
2022 04 19 21 02 52.28 103.68 45.29
2022 04 19 21 03 52.32 103.79 45.43
2022 04 19 21 04 52.36 103.91 45.56
2022 04 19 21 05 52.40 104.02 45.70
2022 04 19 21 06 52.44 104.14 45.84
2022 04 19 21 07 52.48 104.25 45.98
2022 04 19 21 08 52.51 104.36 46.12
2022 04 19 21 09 52.55 104.48 46.26
2022 04 19 21 10 52.59 104.59 46.41
2022 04 19 21 11 52.62 104.70 46.56
2022 04 19 21 12 52.65 104.81 46.71
2022 04 19 21 13 52.69 104.92 46.86
2022 04 19 21 14 52.72 105.03 47.01
2022 04 19 21 15 52.75 105.14 47.17
2022 04 19 21 16 52.78 105.24 47.32
2022 04 19 21 17 52.81 105.35 47.48
2022 04 19 21 18 52.84 105.46 47.64
2022 04 19 21 19 52.87 105.56 47.80
2022 04 19 21 20 52.90 105.67 47.97
2022 04 19 21 21 52.92 105.78 48.13
2022 04 19 21 22 52.95 105.88 48.30
2022 04 19 21 23 52.97 105.98 48.47
2022 04 19 21 24 53.00 106.09 48.64
2022 04 19 21 25 53.02 106.19 48.81
2022 04 19 21 26 53.04 106.29 48.98
2022 04 19 21 27 53.07 106.39 49.16
2022 04 19 21 28 53.09 106.50 49.34
2022 04 19 21 29 53.11 106.60 49.51
2022 04 19 21 30 53.13 106.70 49.69
2022 04 19 21 31 53.15 106.80 49.87
2022 04 19 21 32 53.16 106.90 50.06
2022 04 19 21 33 53.18 106.99 50.24
2022 04 19 21 34 53.20 107.09 50.43
2022 04 19 21 35 53.21 107.19 50.61
2022 04 19 21 36 53.22 107.29 50.80
2022 04 19 21 37 53.24 107.38 50.99
2022 04 19 21 38 53.25 107.48 51.18
2022 04 19 21 39 53.26 107.57 51.38
2022 04 19 21 40 53.27 107.67 51.57
2022 04 19 21 41 53.28 107.76 51.77
2022 04 19 21 42 53.29 107.85 51.96
2022 04 19 21 43 53.30 107.95 52.16
2022 04 19 21 44 53.31 108.04 52.36
2022 04 19 21 45 53.32 108.13 52.56
2022 04 19 21 46 53.32 108.22 52.76
2022 04 19 21 47 53.33 108.31 52.97
2022 04 19 21 48 53.33 108.40 53.17
2022 04 19 21 49 53.33 108.49 53.38
2022 04 19 21 50 53.34 108.58 53.58
2022 04 19 21 51 53.34 108.67 53.79
2022 04 19 21 52 53.34 108.76 54.00
2022 04 19 21 53 53.34 108.84 54.21
2022 04 19 21 54 53.34 108.93 54.42
2022 04 19 21 55 53.34 109.02 54.63
2022 04 19 21 56 53.33 109.10 54.85
2022 04 19 21 57 53.33 109.19 55.06
2022 04 19 21 58 53.33 109.27 55.28
2022 04 19 21 59 53.32 109.36 55.49
2022 04 19 22 00 53.32 109.44 55.71
2022 04 19 22 01 53.31 109.52 55.93
2022 04 19 22 02 53.30 109.61 56.15
2022 04 19 22 03 53.29 109.69 56.37
2022 04 19 22 04 53.28 109.77 56.59
2022 04 19 22 05 53.27 109.85 56.81
2022 04 19 22 06 53.26 109.93 57.03
2022 04 19 22 07 53.25 110.01 57.26
2022 04 19 22 08 53.24 110.09 57.48
2022 04 19 22 09 53.22 110.17 57.70
2022 04 19 22 10 53.21 110.25 57.93
2022 04 19 22 11 53.19 110.33 58.16
2022 04 19 22 12 53.18 110.40 58.38
2022 04 19 22 13 53.16 110.48 58.61
2022 04 19 22 14 53.14 110.56 58.84
2022 04 19 22 15 53.13 110.63 59.07
2022 04 19 22 16 53.11 110.71 59.30
2022 04 19 22 17 53.09 110.78 59.53
2022 04 19 22 18 53.07 110.86 59.76
2022 04 19 22 19 53.04 110.93 59.99
2022 04 19 22 20 53.02 111.01 60.22
2022 04 19 22 21 53.00 111.08 60.46
2022 04 19 22 22 52.97 111.15 60.69
2022 04 19 22 23 52.95 111.22 60.92
2022 04 19 22 24 52.92 111.29 61.16
2022 04 19 22 25 52.90 111.36 61.39
2022 04 19 22 26 52.87 111.43 61.63
2022 04 19 22 27 52.84 111.50 61.86
2022 04 19 22 28 52.81 111.57 62.10
2022 04 19 22 29 52.78 111.64 62.33
2022 04 19 22 30 52.75 111.71 62.57
2022 04 19 22 31 52.72 111.78 62.81
2022 04 19 22 32 52.69 111.85 63.04
2022 04 19 22 33 52.65 111.91 63.28
2022 04 19 22 34 52.62 111.98 63.52
2022 04 19 22 35 52.58 112.05 63.76
2022 04 19 22 36 52.55 112.11 63.99
2022 04 19 22 37 52.51 112.18 64.23
2022 04 19 22 38 52.48 112.24 64.47
2022 04 19 22 39 52.44 112.31 64.71
2022 04 19 22 40 52.40 112.37 64.95
2022 04 19 22 41 52.36 112.43 65.19
2022 04 19 22 42 52.32 112.50 65.43
2022 04 19 22 43 52.28 112.56 65.67
2022 04 19 22 44 52.24 112.62 65.91
2022 04 19 22 45 52.19 112.68 66.15
2022 04 19 22 46 52.15 112.74 66.39
2022 04 19 22 47 52.11 112.80 66.63
2022 04 19 22 48 52.06 112.86 66.87
2022 04 19 22 49 52.02 112.92 67.11
2022 04 19 22 50 51.97 112.98 67.35
2022 04 19 22 51 51.92 113.04 67.59
2022 04 19 22 52 51.88 113.10 67.83
2022 04 19 22 53 51.83 113.16 68.07
2022 04 19 22 54 51.78 113.21 68.31
2022 04 19 22 55 51.73 113.27 68.55
2022 04 19 22 56 51.68 113.33 68.78
2022 04 19 22 57 51.63 113.38 69.02
2022 04 19 22 58 51.57 113.44 69.26
2022 04 19 22 59 51.52 113.49 69.50
2022 04 19 23 00 51.47 113.55 69.74
2022 04 19 23 01 51.41 113.60 69.98
2022 04 19 23 02 51.36 113.66 70.22
2022 04 19 23 03 51.30 113.71 70.46
2022 04 19 23 04 51.25 113.76 70.70
2022 04 19 23 05 51.19 113.81 70.94
2022 04 19 23 06 51.13 113.87 71.18
2022 04 19 23 07 51.07 113.92 71.41
2022 04 19 23 08 51.01 113.97 71.65
2022 04 19 23 09 50.95 114.02 71.89
2022 04 19 23 10 50.89 114.07 72.13
2022 04 19 23 11 50.83 114.12 72.36
2022 04 19 23 12 50.77 114.17 72.60
2022 04 19 23 13 50.71 114.22 72.84
2022 04 19 23 14 50.64 114.27 73.07
2022 04 19 23 15 50.58 114.32 73.31
2022 04 19 23 16 50.52 114.37 73.55
2022 04 19 23 17 50.45 114.41 73.78
2022 04 19 23 18 50.38 114.46 74.02
2022 04 19 23 19 50.32 114.51 74.25
2022 04 19 23 20 50.25 114.55 74.49
2022 04 19 23 21 50.18 114.60 74.72
2022 04 19 23 22 50.12 114.65 74.95
2022 04 19 23 23 50.05 114.69 75.19
2022 04 19 23 24 49.98 114.74 75.42
2022 04 19 23 25 49.91 114.78 75.65
2022 04 19 23 26 49.84 114.82 75.89
2022 04 19 23 27 49.76 114.87 76.12
2022 04 19 23 28 49.69 114.91 76.35
2022 04 19 23 29 49.62 114.95 76.58
2022 04 19 23 30 49.55 115.00 76.81
2022 04 19 23 31 49.47 115.04 77.04
2022 04 19 23 32 49.40 115.08 77.27
2022 04 19 23 33 49.32 115.12 77.50
2022 04 19 23 34 49.25 115.16 77.73
2022 04 19 23 35 49.17 115.20 77.96
2022 04 19 23 36 49.09 115.24 78.18
2022 04 19 23 37 49.02 115.28 78.41
2022 04 19 23 38 48.94 115.32 78.64
2022 04 19 23 39 48.86 115.36 78.86
2022 04 19 23 40 48.78 115.40 79.09
2022 04 19 23 41 48.70 115.44 79.31
2022 04 19 23 42 48.62 115.48 79.54
2022 04 19 23 43 48.54 115.52 79.76
2022 04 19 23 44 48.46 115.55 79.99
2022 04 19 23 45 48.38 115.59 80.21
2022 04 19 23 46 48.29 115.63 80.43
2022 04 19 23 47 48.21 115.66 80.65
2022 04 19 23 48 48.13 115.70 80.87
2022 04 19 23 49 48.04 115.74 81.09
2022 04 19 23 50 47.96 115.77 81.31
2022 04 19 23 51 47.88 115.81 81.53
2022 04 19 23 52 47.79 115.84 81.75
2022 04 19 23 53 47.70 115.88 81.97
2022 04 19 23 54 47.62 115.91 82.19
2022 04 19 23 55 47.53 115.94 82.40
2022 04 19 23 56 47.44 115.98 82.62
2022 04 19 23 57 47.35 116.01 82.84
2022 04 19 23 58 47.27 116.04 83.05
2022 04 19 23 59 47.18 116.08 83.26
2022 04 20 00 00 47.09 116.11 83.48
2022 04 20 00 01 47.00 116.14 83.69
2022 04 20 00 02 46.91 116.17 83.90
2022 04 20 00 03 46.82 116.20 84.11
2022 04 20 00 04 46.72 116.23 84.32
2022 04 20 00 05 46.63 116.26 84.53
2022 04 20 00 06 46.54 116.29 84.74
2022 04 20 00 07 46.45 116.32 84.95
2022 04 20 00 08 46.35 116.35 85.16
2022 04 20 00 09 46.26 116.38 85.37
2022 04 20 00 10 46.17 116.41 85.57
2022 04 20 00 11 46.07 116.44 85.78
2022 04 20 00 12 45.98 116.47 85.98
2022 04 20 00 13 45.88 116.50 86.19
2022 04 20 00 14 45.79 116.52 86.39
2022 04 20 00 15 45.69 116.55 86.59
2022 04 20 00 16 45.59 116.58 86.79
2022 04 20 00 17 45.50 116.61 86.99
2022 04 20 00 18 45.40 116.63 87.19
2022 04 20 00 19 45.30 116.66 87.39
2022 04 20 00 20 45.20 116.69 87.59
2022 04 20 00 21 45.10 116.71 87.79
2022 04 20 00 22 45.00 116.74 87.98
2022 04 20 00 23 44.91 116.76 88.18
2022 04 20 00 24 44.81 116.79 88.37
2022 04 20 00 25 44.71 116.81 88.56
2022 04 20 00 26 44.60 116.84 88.76
2022 04 20 00 27 44.50 116.86 88.95
2022 04 20 00 28 44.40 116.88 89.14
2022 04 20 00 29 44.30 116.91 89.33
2022 04 20 00 30 44.20 116.93 89.52
2022 04 20 00 31 44.10 116.95 89.70
2022 04 20 00 32 43.99 116.98 89.89
2022 04 20 00 33 43.89 117.00 90.07
2022 04 20 00 34 43.79 117.02 90.26
2022 04 20 00 35 43.68 117.04 90.44
2022 04 20 00 36 43.58 117.07 90.62
2022 04 20 00 37 43.47 117.09 90.80
2022 04 20 00 38 43.37 117.11 90.98
2022 04 20 00 39 43.26 117.13 91.16
2022 04 20 00 40 43.16 117.15 91.34
2022 04 20 00 41 43.05 117.17 91.51
2022 04 20 00 42 42.94 117.19 91.68
2022 04 20 00 43 42.84 117.21 91.86
2022 04 20 00 44 42.73 117.23 92.03
2022 04 20 00 45 42.62 117.25 92.20
2022 04 20 00 46 42.52 117.27 92.36
2022 04 20 00 47 42.41 117.29 92.53
2022 04 20 00 48 42.30 117.31 92.70
2022 04 20 00 49 42.19 117.33 92.86
2022 04 20 00 50 42.08 117.34 93.02
2022 04 20 00 51 41.97 117.36 93.18
2022 04 20 00 52 41.86 117.38 93.34
2022 04 20 00 53 41.75 117.40 93.49
2022 04 20 00 54 41.64 117.41 93.65
2022 04 20 00 55 41.53 117.43 93.80
2022 04 20 00 56 41.42 117.45 93.95
2022 04 20 00 57 41.31 117.47 94.09
2022 04 20 00 58 41.20 117.48 94.24
2022 04 20 00 59 41.09 117.50 94.38
2022 04 20 01 00 40.98 117.51 94.52
2022 04 20 01 01 40.87 117.53 94.66
2022 04 20 01 02 40.75 117.54 94.79
2022 04 20 01 03 40.64 117.56 94.92
2022 04 20 01 04 40.53 117.58 95.05
2022 04 20 01 05 40.42 117.59 95.17
2022 04 20 01 06 40.30 117.60 95.29
2022 04 20 01 07 40.19 117.62 95.41
2022 04 20 01 08 40.08 117.63 95.52
2022 04 20 01 09 39.96 117.65 95.63
2022 04 20 01 10 39.85 117.66 95.73
2022 04 20 01 11 39.73 117.67 95.83
2022 04 20 01 12 39.62 117.69 95.93
2022 04 20 01 13 39.50 117.70 96.02
2022 04 20 01 14 39.39 117.71 96.10
2022 04 20 01 15 39.27 117.73 96.18
2022 04 20 01 16 39.16 117.74 96.25
2022 04 20 01 17 39.04 117.75 96.31
2022 04 20 01 18 38.93 117.76 96.36
2022 04 20 01 19 38.81 117.78 96.41
2022 04 20 01 20 38.69 117.79 96.45
2022 04 20 01 21 38.58 117.80 96.47
2022 04 20 01 22 38.46 117.81 96.49
2022 04 20 01 23 38.34 117.82 96.49
2022 04 20 01 24 38.23 117.83 96.48
2022 04 20 01 25 38.11 117.84 96.46
2022 04 20 01 26 37.99 117.85 96.42
2022 04 20 01 27 37.87 117.86 96.36
2022 04 20 01 28 37.76 117.87 96.28
2022 04 20 01 29 37.64 117.88 96.18
2022 04 20 01 30 37.52 117.89 96.05
2022 04 20 01 31 37.40 117.90 95.89
2022 04 20 01 32 37.28 117.91 95.70
2022 04 20 01 33 37.16 117.92 95.47
2022 04 20 01 34 37.04 117.93 95.20
2022 04 20 01 35 36.92 117.94 94.88
2022 04 20 01 36 36.80 117.95 94.50
2022 04 20 01 37 36.69 117.96 94.05
2022 04 20 01 38 36.57 117.96 93.52
2022 04 20 01 39 36.45 117.97 92.90
2022 04 20 01 40 36.33 117.98 92.16
2022 04 20 01 41 36.21 117.99 91.28
2022 04 20 01 42 36.08 118.00 90.23
2022 04 20 01 43 35.96 118.00 88.98
2022 04 20 01 44 35.84 118.01 87.47
2022 04 20 01 45 35.72 118.02 85.64
2022 04 20 01 46 35.60 118.02 83.44
2022 04 20 01 47 35.48 118.03 80.78
2022 04 20 01 48 35.36 118.04 77.59
2022 04 20 01 49 35.24 118.04 73.85
2022 04 20 01 50 35.12 118.05 69.63
2022 04 20 01 51 35.00 118.06 65.19
2022 04 20 01 52 34.87 118.06 61.01
2022 04 20 01 53 34.75 118.07 57.62
2022 04 20 01 54 34.63 118.07 55.39
2022 04 20 01 55 34.51 118.08 54.34
2022 04 20 01 56 34.38 118.08 54.18
2022 04 20 01 57 34.26 118.09 54.59
2022 04 20 01 58 34.14 118.09 55.27
2022 04 20 01 59 34.02 118.10 56.07
2022 04 20 02 00 33.89 118.10 56.87
2022 04 20 02 01 33.77 118.11 57.62
2022 04 20 02 02 33.65 118.11 58.30
2022 04 20 02 03 33.53 118.11 58.92
2022 04 20 02 04 33.40 118.12 59.45
2022 04 20 02 05 33.28 118.12 59.92
2022 04 20 02 06 33.16 118.12 60.33
2022 04 20 02 07 33.03 118.13 60.69
2022 04 20 02 08 32.91 118.13 61.00
2022 04 20 02 09 32.79 118.13 61.26
2022 04 20 02 10 32.66 118.14 61.48
2022 04 20 02 11 32.54 118.14 61.68
2022 04 20 02 12 32.41 118.14 61.84
2022 04 20 02 13 32.29 118.14 61.97
2022 04 20 02 14 32.17 118.14 62.08
2022 04 20 02 15 32.04 118.15 62.17
2022 04 20 02 16 31.92 118.15 62.25
2022 04 20 02 17 31.79 118.15 62.30
2022 04 20 02 18 31.67 118.15 62.34
2022 04 20 02 19 31.54 118.15 62.37
2022 04 20 02 20 31.42 118.15 62.38
2022 04 20 02 21 31.30 118.15 62.38
2022 04 20 02 22 31.17 118.16 62.37
2022 04 20 02 23 31.05 118.16 62.36
2022 04 20 02 24 30.92 118.16 62.33
2022 04 20 02 25 30.80 118.16 62.30
2022 04 20 02 26 30.67 118.16 62.26
2022 04 20 02 27 30.55 118.16 62.21
2022 04 20 02 28 30.42 118.16 62.15
2022 04 20 02 29 30.30 118.16 62.10
2022 04 20 02 30 30.17 118.15 62.03
2022 04 20 02 31 30.05 118.15 61.96
2022 04 20 02 32 29.92 118.15 61.89
2022 04 20 02 33 29.80 118.15 61.81
2022 04 20 02 34 29.67 118.15 61.73
2022 04 20 02 35 29.55 118.15 61.64
2022 04 20 02 36 29.42 118.15 61.55
2022 04 20 02 37 29.30 118.15 61.46
2022 04 20 02 38 29.17 118.14 61.37
2022 04 20 02 39 29.05 118.14 61.27
2022 04 20 02 40 28.92 118.14 61.17
2022 04 20 02 41 28.79 118.14 61.07
2022 04 20 02 42 28.67 118.13 60.96
2022 04 20 02 43 28.54 118.13 60.86
2022 04 20 02 44 28.42 118.13 60.75
2022 04 20 02 45 28.29 118.13 60.64
2022 04 20 02 46 28.17 118.12 60.52
2022 04 20 02 47 28.04 118.12 60.41
2022 04 20 02 48 27.92 118.12 60.30
2022 04 20 02 49 27.79 118.11 60.18
2022 04 20 02 50 27.66 118.11 60.06
2022 04 20 02 51 27.54 118.10 59.94
2022 04 20 02 52 27.41 118.10 59.82
2022 04 20 02 53 27.29 118.09 59.70
2022 04 20 02 54 27.16 118.09 59.57
2022 04 20 02 55 27.04 118.09 59.45
2022 04 20 02 56 26.91 118.08 59.32
2022 04 20 02 57 26.79 118.08 59.20
2022 04 20 02 58 26.66 118.07 59.07
2022 04 20 02 59 26.53 118.06 58.94
2022 04 20 03 00 26.41 118.06 58.81
2022 04 20 03 01 26.28 118.05 58.68
2022 04 20 03 02 26.16 118.05 58.55
2022 04 20 03 03 26.03 118.04 58.42
2022 04 20 03 04 25.91 118.03 58.29
2022 04 20 03 05 25.78 118.03 58.16
2022 04 20 03 06 25.66 118.02 58.02
2022 04 20 03 07 25.53 118.01 57.89
2022 04 20 03 08 25.40 118.01 57.75
2022 04 20 03 09 25.28 118.00 57.62
2022 04 20 03 10 25.15 117.99 57.48
2022 04 20 03 11 25.03 117.98 57.35
2022 04 20 03 12 24.90 117.98 57.21
2022 04 20 03 13 24.78 117.97 57.07
2022 04 20 03 14 24.65 117.96 56.94
2022 04 20 03 15 24.53 117.95 56.80
2022 04 20 03 16 24.40 117.94 56.66
2022 04 20 03 17 24.28 117.94 56.52
2022 04 20 03 18 24.15 117.93 56.38
2022 04 20 03 19 24.03 117.92 56.24
2022 04 20 03 20 23.90 117.91 56.10
2022 04 20 03 21 23.78 117.90 55.96
2022 04 20 03 22 23.65 117.89 55.82
2022 04 20 03 23 23.53 117.88 55.68
2022 04 20 03 24 23.40 117.87 55.54
2022 04 20 03 25 23.28 117.86 55.40
2022 04 20 03 26 23.15 117.85 55.26
2022 04 20 03 27 23.03 117.84 55.12
2022 04 20 03 28 22.90 117.83 54.97
2022 04 20 03 29 22.78 117.82 54.83
2022 04 20 03 30 22.65 117.80 54.69
2022 04 20 03 31 22.53 117.79 54.55
2022 04 20 03 32 22.41 117.78 54.40
2022 04 20 03 33 22.28 117.77 54.26
2022 04 20 03 34 22.16 117.76 54.12
2022 04 20 03 35 22.03 117.75 53.97
2022 04 20 03 36 21.91 117.73 53.83
2022 04 20 03 37 21.78 117.72 53.69
2022 04 20 03 38 21.66 117.71 53.54
2022 04 20 03 39 21.54 117.69 53.40
2022 04 20 03 40 21.41 117.68 53.25
2022 04 20 03 41 21.29 117.67 53.11
2022 04 20 03 42 21.17 117.65 52.96
2022 04 20 03 43 21.04 117.64 52.82
2022 04 20 03 44 20.92 117.63 52.67
2022 04 20 03 45 20.80 117.61 52.53
2022 04 20 03 46 20.67 117.60 52.38
2022 04 20 03 47 20.55 117.58 52.24
2022 04 20 03 48 20.43 117.57 52.09
2022 04 20 03 49 20.30 117.55 51.94
2022 04 20 03 50 20.18 117.54 51.80
2022 04 20 03 51 20.06 117.52 51.65
2022 04 20 03 52 19.93 117.51 51.51
2022 04 20 03 53 19.81 117.49 51.36
2022 04 20 03 54 19.69 117.47 51.21
2022 04 20 03 55 19.57 117.46 51.07
2022 04 20 03 56 19.44 117.44 50.92
2022 04 20 03 57 19.32 117.42 50.77
2022 04 20 03 58 19.20 117.41 50.63
2022 04 20 03 59 19.08 117.39 50.48
2022 04 20 04 00 18.96 117.37 50.33
2022 04 20 04 01 18.83 117.35 50.19
2022 04 20 04 02 18.71 117.33 50.04
2022 04 20 04 03 18.59 117.32 49.89
2022 04 20 04 04 18.47 117.30 49.74
2022 04 20 04 05 18.35 117.28 49.60
2022 04 20 04 06 18.23 117.26 49.45
2022 04 20 04 07 18.10 117.24 49.30
2022 04 20 04 08 17.98 117.22 49.15
2022 04 20 04 09 17.86 117.20 49.00
2022 04 20 04 10 17.74 117.18 48.86
2022 04 20 04 11 17.62 117.16 48.71
2022 04 20 04 12 17.50 117.14 48.56
2022 04 20 04 13 17.38 117.12 48.41
2022 04 20 04 14 17.26 117.10 48.26
2022 04 20 04 15 17.14 117.08 48.11
2022 04 20 04 16 17.02 117.06 47.97
2022 04 20 04 17 16.90 117.03 47.82
2022 04 20 04 18 16.78 117.01 47.67
2022 04 20 04 19 16.66 116.99 47.52
2022 04 20 04 20 16.54 116.97 47.37
2022 04 20 04 21 16.42 116.94 47.22
2022 04 20 04 22 16.30 116.92 47.07
2022 04 20 04 23 16.18 116.90 46.92
2022 04 20 04 24 16.06 116.87 46.77
2022 04 20 04 25 15.95 116.85 46.63
2022 04 20 04 26 15.83 116.82 46.48
2022 04 20 04 27 15.71 116.80 46.33
2022 04 20 04 28 15.59 116.78 46.18
2022 04 20 04 29 15.47 0.00 0.00
2022 04 20 04 30 15.35 0.00 0.00
2022 04 20 04 31 15.24 0.00 0.00
2022 04 20 04 32 15.12 0.00 0.00
2022 04 20 04 33 15.00 0.00 0.00
2022 04 20 04 34 14.88 0.00 0.00
2022 04 20 04 35 14.77 0.00 0.00
2022 04 20 04 36 14.65 0.00 0.00
2022 04 20 04 37 14.53 0.00 0.00
2022 04 20 04 38 14.42 0.00 0.00
2022 04 20 04 39 14.30 0.00 0.00
2022 04 20 04 40 14.18 0.00 0.00
2022 04 20 04 41 14.07 0.00 0.00
2022 04 20 04 42 13.95 0.00 0.00
2022 04 20 04 43 13.83 0.00 0.00
2022 04 20 04 44 13.72 0.00 0.00
2022 04 20 04 45 13.60 0.00 0.00
2022 04 20 04 46 13.49 0.00 0.00
2022 04 20 04 47 13.37 0.00 0.00
2022 04 20 04 48 13.26 0.00 0.00
2022 04 20 04 49 13.14 0.00 0.00
2022 04 20 04 50 13.03 0.00 0.00
2022 04 20 04 51 12.91 0.00 0.00
2022 04 20 04 52 12.80 0.00 0.00
2022 04 20 04 53 12.68 0.00 0.00
2022 04 20 04 54 12.57 0.00 0.00
2022 04 20 04 55 12.46 0.00 0.00
2022 04 20 04 56 12.34 0.00 0.00
2022 04 20 04 57 12.23 0.00 0.00
2022 04 20 04 58 12.12 0.00 0.00
2022 04 20 04 59 12.00 0.00 0.00
