17 18 30.55 569.13
17 19 30.68 570.20
17 20 30.80 571.26
17 21 30.93 572.33
17 22 31.05 573.34
17 23 31.18 574.28
17 24 31.30 575.23
17 25 31.42 576.17
17 26 31.55 577.12
17 27 31.67 578.06
17 28 31.80 579.00
17 29 31.92 579.94
17 30 32.05 580.93
17 31 32.17 581.98
17 32 32.29 583.04
17 33 32.42 584.10
17 34 32.54 585.15
17 35 32.67 586.21
17 36 32.79 587.26
17 37 32.91 588.32
17 38 33.04 589.30
17 39 33.16 590.12
17 40 33.28 590.94
17 41 33.41 591.75
17 42 33.53 592.57
17 43 33.65 593.38
17 44 33.78 594.20
17 45 33.90 595.01
17 46 34.02 595.85
17 47 34.14 596.78
17 48 34.27 597.70
17 49 34.39 598.63
17 50 34.51 599.56
17 51 34.63 600.48
17 52 34.76 601.41
17 53 34.88 602.33
17 54 35.00 603.25
17 55 35.12 604.06
17 56 35.24 604.87
17 57 35.36 605.67
17 58 35.49 606.48
17 59 35.61 607.28
18 00 35.73 608.08
18 01 35.85 608.88
18 02 35.97 609.68
18 03 36.09 610.40
18 04 36.21 611.08
18 05 36.33 611.76
18 06 36.45 612.44
18 07 36.57 613.13
18 08 36.69 613.81
18 09 36.81 614.49
18 10 36.93 615.16
18 11 37.05 615.89
18 12 37.17 616.68
18 13 37.29 617.46
18 14 37.40 618.25
18 15 37.52 619.04
18 16 37.64 619.82
18 17 37.76 620.61
18 18 37.88 621.39
18 19 38.00 622.17
18 20 38.11 622.84
18 21 38.23 623.51
18 22 38.35 624.18
18 23 38.46 624.84
18 24 38.58 625.50
18 25 38.70 626.17
18 26 38.81 626.83
18 27 38.93 627.49
18 28 39.05 628.10
18 29 39.16 628.65
18 30 39.28 629.20
18 31 39.39 629.74
18 32 39.51 630.29
18 33 39.62 630.83
18 34 39.74 631.38
18 35 39.85 631.92
18 36 39.97 632.46
18 37 40.08 633.07
18 38 40.19 633.72
18 39 40.31 634.36
18 40 40.42 635.01
18 41 40.53 635.65
18 42 40.65 636.29
18 43 40.76 636.93
18 44 40.87 637.57
18 45 40.98 638.20
18 46 41.09 638.75
18 47 41.21 639.27
18 48 41.32 639.80
18 49 41.43 640.33
18 50 41.54 640.85
18 51 41.65 641.37
18 52 41.76 641.89
18 53 41.87 642.41
18 54 41.98 642.93
18 55 42.09 643.45
18 56 42.20 643.96
18 57 42.30 644.47
18 58 42.41 644.99
18 59 42.52 645.50
19 00 42.63 646.01
19 01 42.74 646.51
19 02 42.84 647.02
19 03 42.95 647.53
19 04 43.06 648.03
19 05 43.16 648.53
19 06 43.27 649.03
19 07 43.37 649.53
19 08 43.48 650.03
19 09 43.58 650.52
19 10 43.69 651.02
19 11 43.79 651.51
19 12 43.89 652.00
19 13 44.00 652.49
19 14 44.10 652.88
19 15 44.20 653.27
19 16 44.30 653.66
19 17 44.41 654.04
19 18 44.51 654.43
19 19 44.61 654.81
19 20 44.71 655.19
19 21 44.81 655.57
19 22 44.91 655.95
19 23 45.01 656.33
19 24 45.11 656.80
19 25 45.21 657.27
19 26 45.30 657.73
19 27 45.40 658.20
19 28 45.50 658.66
19 29 45.60 659.12
19 30 45.69 659.58
19 31 45.79 660.03
19 32 45.89 660.49
19 33 45.98 660.94
19 34 46.08 661.31
19 35 46.17 661.67
19 36 46.26 662.03
19 37 46.36 662.38
19 38 46.45 662.74
19 39 46.54 663.09
19 40 46.64 663.44
19 41 46.73 663.79
19 42 46.82 664.13
19 43 46.91 664.48
19 44 47.00 664.82
19 45 47.09 665.16
19 46 47.18 665.50
19 47 47.27 665.83
19 48 47.36 666.17
19 49 47.45 666.50
19 50 47.53 666.83
19 51 47.62 667.16
19 52 47.71 667.49
19 53 47.79 667.82
19 54 47.88 668.14
19 55 47.96 668.46
19 56 48.05 668.78
19 57 48.13 669.10
19 58 48.21 669.42
19 59 48.30 669.73
20 00 48.38 670.04
20 01 48.46 670.35
20 02 48.54 670.66
20 03 48.62 670.97
20 04 48.70 671.27
20 05 48.78 671.57
20 06 48.86 671.87
20 07 48.94 672.17
20 08 49.02 672.45
20 09 49.10 672.67
20 10 49.17 672.88
20 11 49.25 673.10
20 12 49.33 673.32
20 13 49.40 673.53
20 14 49.47 673.74
20 15 49.55 673.95
20 16 49.62 674.16
20 17 49.69 674.36
20 18 49.77 674.57
20 19 49.84 674.77
20 20 49.91 674.97
20 21 49.98 675.17
20 22 50.05 675.42
20 23 50.12 675.68
20 24 50.19 675.94
20 25 50.25 676.19
20 26 50.32 676.45
20 27 50.39 676.70
20 28 50.45 676.95
20 29 50.52 677.20
20 30 50.58 677.44
20 31 50.65 677.68
20 32 50.71 677.92
20 33 50.77 678.16
20 34 50.83 678.39
20 35 50.90 678.62
20 36 50.96 678.85
20 37 51.02 679.06
20 38 51.07 679.23
20 39 51.13 679.40
20 40 51.19 679.56
20 41 51.25 679.72
20 42 51.30 679.88
20 43 51.36 680.04
20 44 51.41 680.20
20 45 51.47 680.35
20 46 51.52 680.51
20 47 51.58 680.66
20 48 51.63 680.80
20 49 51.68 680.95
20 50 51.73 681.09
20 51 51.78 681.24
20 52 51.83 681.37
20 53 51.88 681.51
20 54 51.92 681.65
20 55 51.97 681.78
20 56 52.02 681.91
20 57 52.06 682.04
20 58 52.11 682.17
20 59 52.15 682.29
21 00 52.20 682.42
21 01 52.24 682.54
21 02 52.28 682.66
21 03 52.32 682.77
21 04 52.36 682.89
21 05 52.40 683.00
21 06 52.44 683.11
21 07 52.48 683.22
21 08 52.51 683.32
21 09 52.55 683.42
21 10 52.59 683.52
21 11 52.62 683.62
21 12 52.65 683.72
21 13 52.69 683.81
21 14 52.72 683.91
21 15 52.75 684.00
21 16 52.78 684.08
21 17 52.81 684.17
21 18 52.84 684.25
21 19 52.87 684.33
21 20 52.90 684.41
21 21 52.92 684.48
21 22 52.95 684.56
21 23 52.97 684.63
21 24 53.00 684.70
21 25 53.02 684.76
21 26 53.04 684.83
21 27 53.07 684.89
21 28 53.09 684.95
21 29 53.11 685.01
21 30 53.13 685.06
21 31 53.15 685.11
21 32 53.16 685.16
21 33 53.18 685.21
21 34 53.20 685.26
21 35 53.21 685.30
21 36 53.22 685.34
21 37 53.24 685.38
21 38 53.25 685.42
21 39 53.26 685.45
21 40 53.27 685.48
21 41 53.28 685.51
21 42 53.29 685.54
21 43 53.30 685.56
21 44 53.31 685.58
21 45 53.32 685.60
21 46 53.32 685.62
21 47 53.33 685.63
21 48 53.33 685.64
21 49 53.33 685.65
21 50 53.34 685.66
21 51 53.34 685.66
21 52 53.34 685.67
21 53 53.34 685.67
21 54 53.34 685.66
21 55 53.34 685.66
21 56 53.33 685.65
21 57 53.33 685.64
21 58 53.33 685.63
21 59 53.32 685.62
22 00 53.32 685.60
22 01 53.31 685.58
22 02 53.30 685.56
22 03 53.29 685.53
22 04 53.28 685.51
22 05 53.27 685.48
22 06 53.26 685.45
22 07 53.25 685.41
22 08 53.24 685.38
22 09 53.22 685.34
22 10 53.21 685.30
22 11 53.19 685.26
22 12 53.18 685.21
22 13 53.16 685.16
22 14 53.14 685.11
22 15 53.13 685.06
22 16 53.11 685.01
22 17 53.09 684.95
22 18 53.07 684.89
22 19 53.04 684.83
22 20 53.02 684.76
22 21 53.00 684.70
22 22 52.97 684.63
22 23 52.95 684.56
22 24 52.92 684.48
22 25 52.90 684.41
22 26 52.87 684.33
22 27 52.84 684.25
22 28 52.81 684.16
22 29 52.78 684.08
22 30 52.75 683.99
22 31 52.72 683.90
22 32 52.69 683.81
22 33 52.65 683.72
22 34 52.62 683.62
22 35 52.58 683.52
22 36 52.55 683.42
22 37 52.51 683.32
22 38 52.48 683.21
22 39 52.44 683.10
22 40 52.40 682.99
22 41 52.36 682.88
22 42 52.32 682.77
22 43 52.28 682.65
22 44 52.24 682.53
22 45 52.19 682.41
22 46 52.15 682.29
22 47 52.11 682.16
22 48 52.06 682.04
22 49 52.02 681.91
22 50 51.97 681.78
22 51 51.92 681.64
22 52 51.88 681.51
22 53 51.83 681.37
22 54 51.78 681.23
22 55 51.73 681.09
22 56 51.68 680.94
22 57 51.63 680.80
22 58 51.57 680.65
22 59 51.52 680.50
23 00 51.47 680.35
23 01 51.41 680.19
23 02 51.36 680.04
23 03 51.30 679.88
23 04 51.25 679.72
23 05 51.19 679.56
23 06 51.13 679.39
23 07 51.07 679.23
23 08 51.01 679.06
23 09 50.95 678.84
23 10 50.89 678.61
23 11 50.83 678.38
23 12 50.77 678.15
23 13 50.71 677.91
23 14 50.64 677.67
23 15 50.58 677.43
23 16 50.52 677.19
23 17 50.45 676.94
23 18 50.38 676.69
23 19 50.32 676.44
23 20 50.25 676.18
23 21 50.18 675.93
23 22 50.12 675.67
23 23 50.05 675.41
23 24 49.98 675.17
23 25 49.91 674.97
23 26 49.84 674.76
23 27 49.76 674.56
23 28 49.69 674.36
23 29 49.62 674.15
23 30 49.55 673.94
23 31 49.47 673.73
23 32 49.40 673.52
23 33 49.32 673.31
23 34 49.25 673.09
23 35 49.17 672.88
23 36 49.09 672.66
23 37 49.02 672.44
23 38 48.94 672.16
23 39 48.86 671.86
23 40 48.78 671.56
23 41 48.70 671.26
23 42 48.62 670.96
23 43 48.54 670.65
23 44 48.46 670.34
23 45 48.38 670.03
23 46 48.29 669.72
23 47 48.21 669.41
23 48 48.13 669.09
23 49 48.04 668.77
23 50 47.96 668.45
23 51 47.88 668.13
23 52 47.79 667.81
23 53 47.70 667.48
23 54 47.62 667.15
23 55 47.53 666.82
23 56 47.44 666.49
23 57 47.35 666.16
23 58 47.27 665.82
23 59 47.18 665.49
00 00 47.09 665.15
00 01 47.00 664.81
00 02 46.91 664.46
00 03 46.82 664.12
00 04 46.72 663.77
00 05 46.63 663.42
00 06 46.54 663.08
00 07 46.45 662.72
00 08 46.35 662.37
00 09 46.26 662.02
00 10 46.17 661.66
00 11 46.07 661.30
00 12 45.98 660.92
00 13 45.88 660.47
00 14 45.79 660.02
00 15 45.69 659.56
00 16 45.59 659.10
00 17 45.50 658.64
00 18 45.40 658.18
00 19 45.30 657.72
00 20 45.20 657.25
00 21 45.10 656.78
00 22 45.00 656.32
00 23 44.91 655.93
00 24 44.81 655.56
00 25 44.71 655.18
00 26 44.60 654.79
00 27 44.50 654.41
00 28 44.40 654.03
00 29 44.30 653.64
00 30 44.20 653.25
00 31 44.10 652.87
00 32 43.99 652.47
00 33 43.89 651.98
00 34 43.79 651.49
00 35 43.68 651.00
00 36 43.58 650.50
00 37 43.47 650.01
00 38 43.37 649.51
00 39 43.26 649.01
00 40 43.16 648.51
00 41 43.05 648.01
00 42 42.94 647.51
00 43 42.84 647.00
00 44 42.73 646.50
00 45 42.62 645.99
00 46 42.52 645.48
00 47 42.41 644.97
00 48 42.30 644.46
00 49 42.19 643.94
00 50 42.08 643.43
00 51 41.97 642.91
00 52 41.86 642.39
00 53 41.75 641.87
00 54 41.64 641.35
00 55 41.53 640.83
00 56 41.42 640.31
00 57 41.31 639.78
00 58 41.20 639.25
00 59 41.09 638.73
01 00 40.98 638.18
01 01 40.87 637.54
01 02 40.75 636.91
01 03 40.64 636.27
01 04 40.53 635.63
01 05 40.42 634.98
01 06 40.30 634.34
01 07 40.19 633.70
01 08 40.08 633.05
01 09 39.96 632.44
01 10 39.85 631.90
01 11 39.73 631.36
01 12 39.62 630.81
01 13 39.50 630.27
01 14 39.39 629.72
01 15 39.27 629.18
01 16 39.16 628.63
01 17 39.04 628.08
01 18 38.93 627.46
01 19 38.81 626.80
01 20 38.69 626.14
01 21 38.58 625.48
01 22 38.46 624.82
01 23 38.34 624.15
01 24 38.23 623.48
01 25 38.11 622.82
01 26 37.99 622.14
01 27 37.87 621.36
01 28 37.76 620.58
01 29 37.64 619.79
01 30 37.52 619.01
01 31 37.40 618.22
01 32 37.28 617.44
01 33 37.16 616.65
01 34 37.04 615.86
01 35 36.92 615.14
01 36 36.80 614.46
01 37 36.69 613.78
01 38 36.57 613.10
01 39 36.45 612.42
01 40 36.33 611.74
01 41 36.21 611.05
01 42 36.08 610.37
01 43 35.96 609.65
01 44 35.84 608.85
01 45 35.72 608.05
01 46 35.60 607.25
01 47 35.48 606.45
01 48 35.36 605.64
01 49 35.24 604.84
01 50 35.12 604.03
01 51 35.00 603.22
01 52 34.87 602.30
01 53 34.75 601.37
01 54 34.63 600.45
01 55 34.51 599.52
01 56 34.38 598.60
01 57 34.26 597.67
01 58 34.14 596.74
01 59 34.02 595.81
02 00 33.89 594.98
02 01 33.77 594.17
02 02 33.65 593.35
02 03 33.53 592.54
02 04 33.40 591.72
02 05 33.28 590.91
02 06 33.16 590.09
02 07 33.03 589.27
02 08 32.91 588.28
02 09 32.79 587.22
02 10 32.66 586.17
02 11 32.54 585.11
02 12 32.41 584.06
02 13 32.29 583.00
02 14 32.17 581.95
02 15 32.04 580.89
02 16 31.92 579.91
02 17 31.79 578.97
02 18 31.67 578.02
02 19 31.54 577.08
02 20 31.42 576.14
02 21 31.30 575.19
02 22 31.17 574.25
02 23 31.05 573.31
02 24 30.92 572.29
02 25 30.80 571.22
02 26 30.67 570.16
02 27 30.55 569.09
02 28 30.42 568.03
02 29 30.30 566.96
02 30 30.17 565.90
02 31 30.05 564.83
02 32 29.92 563.69
02 33 29.80 562.51
02 34 29.67 561.32
02 35 29.55 560.13
02 36 29.42 558.95
02 37 29.30 557.76
02 38 29.17 556.57
02 39 29.05 555.39
02 40 28.92 554.20
02 41 28.79 553.01
02 42 28.67 551.82
02 43 28.54 550.64
02 44 28.42 549.45
02 45 28.29 548.26
02 46 28.17 547.07
02 47 28.04 545.88
02 48 27.92 544.61
02 49 27.79 543.30
02 50 27.66 542.00
02 51 27.54 540.69
02 52 27.41 539.38
02 53 27.29 538.07
02 54 27.16 536.76
02 55 27.04 535.45
02 56 26.91 534.15
02 57 26.79 532.84
02 58 26.66 531.53
02 59 26.53 530.22
03 00 26.41 528.91
03 01 26.28 527.60
03 02 26.16 526.30
03 03 26.03 524.99
03 04 25.91 523.59
03 05 25.78 522.17
03 06 25.66 520.74
03 07 25.53 519.32
03 08 25.40 517.89
03 09 25.28 516.46
03 10 25.15 515.04
03 11 25.03 513.62
03 12 24.90 512.10
03 13 24.78 510.56
03 14 24.65 509.01
03 15 24.53 507.47
03 16 24.40 505.93
03 17 24.28 504.39
03 18 24.15 502.85
03 19 24.03 501.31
03 20 23.90 499.68
03 21 23.78 498.02
03 22 23.65 496.37
03 23 23.53 494.71
03 24 23.40 493.05
03 25 23.28 491.40
03 26 23.15 489.75
03 27 23.03 488.09
03 28 22.90 486.44
03 29 22.78 484.79
03 30 22.65 483.14
03 31 22.53 481.49
03 32 22.41 479.84
03 33 22.28 478.19
03 34 22.16 476.54
03 35 22.03 474.90
03 36 21.91 473.08
03 37 21.78 471.20
03 38 21.66 469.32
03 39 21.54 467.45
03 40 21.41 465.57
03 41 21.29 463.69
03 42 21.17 461.82
03 43 21.04 459.95
03 44 20.92 458.08
03 45 20.80 456.21
03 46 20.67 454.34
03 47 20.55 452.47
03 48 20.43 450.60
03 49 20.30 448.74
03 50 20.18 446.88
03 51 20.06 445.02
03 52 19.93 443.03
03 53 19.81 440.94
03 54 19.69 438.85
03 55 19.57 436.76
03 56 19.44 434.67
03 57 19.32 432.59
03 58 19.20 430.51
03 59 19.08 428.43
04 00 18.96 426.35
04 01 18.83 424.27
04 02 18.71 422.20
04 03 18.59 420.12
04 04 18.47 418.05
04 05 18.35 415.98
04 06 18.23 413.91
04 07 18.10 411.85
04 08 17.98 409.74
04 09 17.86 407.33
04 10 17.74 404.93
04 11 17.62 402.53
04 12 17.50 400.13
04 13 17.38 397.74
04 14 17.26 395.35
04 15 17.14 392.96
04 16 17.02 390.57
04 17 16.90 388.18
04 18 16.78 385.80
04 19 16.66 383.42
04 20 16.54 381.05
04 21 16.42 378.67
04 22 16.30 376.30
04 23 16.18 373.93
04 24 16.06 371.57
04 25 15.95 369.10
04 26 15.83 366.52
04 27 15.71 363.94
04 28 15.59 361.36
