2022 04 18 17 00 27.80 0.00 0.00
2022 04 18 17 01 27.93 0.00 0.00
2022 04 18 17 02 28.05 0.00 0.00
2022 04 18 17 03 28.18 0.00 0.00
2022 04 18 17 04 28.31 0.00 0.00
2022 04 18 17 05 28.43 0.00 0.00
2022 04 18 17 06 28.56 0.00 0.00
2022 04 18 17 07 28.68 0.00 0.00
2022 04 18 17 08 28.81 0.00 0.00
2022 04 18 17 09 28.93 0.00 0.00
2022 04 18 17 10 29.06 0.00 0.00
2022 04 18 17 11 29.18 0.00 0.00
2022 04 18 17 12 29.31 0.00 0.00
2022 04 18 17 13 29.43 0.00 0.00
2022 04 18 17 14 29.56 0.00 0.00
2022 04 18 17 15 29.68 0.00 0.00
2022 04 18 17 16 29.81 0.00 0.00
2022 04 18 17 17 29.94 0.00 0.00
2022 04 18 17 18 30.06 0.00 0.00
2022 04 18 17 19 30.19 63.92 0.00
2022 04 18 17 20 30.31 64.14 0.00
2022 04 18 17 21 30.44 64.35 0.00
2022 04 18 17 22 30.56 64.56 0.00
2022 04 18 17 23 30.69 64.77 0.00
2022 04 18 17 24 30.81 64.99 0.00
2022 04 18 17 25 30.93 65.20 0.00
2022 04 18 17 26 31.06 65.41 0.00
2022 04 18 17 27 31.18 65.63 0.00
2022 04 18 17 28 31.31 65.84 0.00
2022 04 18 17 29 31.43 66.05 0.00
2022 04 18 17 30 31.56 66.26 0.00
2022 04 18 17 31 31.68 66.48 0.00
2022 04 18 17 32 31.81 66.69 0.00
2022 04 18 17 33 31.93 66.90 0.00
2022 04 18 17 34 32.06 67.11 0.00
2022 04 18 17 35 32.18 67.33 0.00
2022 04 18 17 36 32.30 67.54 0.00
2022 04 18 17 37 32.43 67.75 0.00
2022 04 18 17 38 32.55 67.96 0.00
2022 04 18 17 39 32.67 68.17 0.00
2022 04 18 17 40 32.80 68.39 0.00
2022 04 18 17 41 32.92 68.60 0.00
2022 04 18 17 42 33.05 68.81 0.00
2022 04 18 17 43 33.17 69.02 0.00
2022 04 18 17 44 33.29 69.23 0.00
2022 04 18 17 45 33.42 69.44 0.00
2022 04 18 17 46 33.54 69.66 0.00
2022 04 18 17 47 33.66 69.87 0.00
2022 04 18 17 48 33.78 70.08 0.00
2022 04 18 17 49 33.91 70.29 0.00
2022 04 18 17 50 34.03 70.50 0.00
2022 04 18 17 51 34.15 70.71 0.00
2022 04 18 17 52 34.28 70.92 0.00
2022 04 18 17 53 34.40 71.13 0.00
2022 04 18 17 54 34.52 71.34 0.00
2022 04 18 17 55 34.64 71.55 0.00
2022 04 18 17 56 34.76 71.76 0.00
2022 04 18 17 57 34.89 71.97 0.00
2022 04 18 17 58 35.01 72.18 0.00
2022 04 18 17 59 35.13 72.38 0.00
2022 04 18 18 00 35.25 72.59 0.00
2022 04 18 18 01 35.37 72.80 0.00
2022 04 18 18 02 35.49 73.01 0.00
2022 04 18 18 03 35.61 73.22 0.00
2022 04 18 18 04 35.74 73.42 0.00
2022 04 18 18 05 35.86 73.63 0.00
2022 04 18 18 06 35.98 73.84 0.00
2022 04 18 18 07 36.10 74.05 0.00
2022 04 18 18 08 36.22 74.25 36.12
2022 04 18 18 09 36.34 74.46 36.07
2022 04 18 18 10 36.46 74.66 36.03
2022 04 18 18 11 36.58 74.87 35.99
2022 04 18 18 12 36.70 75.08 35.95
2022 04 18 18 13 36.82 75.28 35.91
2022 04 18 18 14 36.94 75.48 35.87
2022 04 18 18 15 37.06 75.69 35.83
2022 04 18 18 16 37.18 75.89 35.79
2022 04 18 18 17 37.29 76.10 35.76
2022 04 18 18 18 37.41 76.30 35.72
2022 04 18 18 19 37.53 76.50 35.69
2022 04 18 18 20 37.65 76.71 35.65
2022 04 18 18 21 37.77 76.91 35.62
2022 04 18 18 22 37.89 77.11 35.59
2022 04 18 18 23 38.00 77.31 35.56
2022 04 18 18 24 38.12 77.51 35.53
2022 04 18 18 25 38.24 77.72 35.50
2022 04 18 18 26 38.36 77.92 35.47
2022 04 18 18 27 38.47 78.12 35.44
2022 04 18 18 28 38.59 78.32 35.41
2022 04 18 18 29 38.71 78.52 35.39
2022 04 18 18 30 38.82 78.72 35.36
2022 04 18 18 31 38.94 78.91 35.34
2022 04 18 18 32 39.05 79.11 35.32
2022 04 18 18 33 39.17 79.31 35.30
2022 04 18 18 34 39.29 79.51 35.28
2022 04 18 18 35 39.40 79.71 35.26
2022 04 18 18 36 39.52 79.90 35.24
2022 04 18 18 37 39.63 80.10 35.22
2022 04 18 18 38 39.75 80.30 35.21
2022 04 18 18 39 39.86 80.49 35.19
2022 04 18 18 40 39.97 80.69 35.18
2022 04 18 18 41 40.09 80.88 35.17
2022 04 18 18 42 40.20 81.08 35.16
2022 04 18 18 43 40.32 81.27 35.15
2022 04 18 18 44 40.43 81.47 35.14
2022 04 18 18 45 40.54 81.66 35.13
2022 04 18 18 46 40.65 81.85 35.12
2022 04 18 18 47 40.77 82.04 35.12
2022 04 18 18 48 40.88 82.24 35.12
2022 04 18 18 49 40.99 82.43 35.11
2022 04 18 18 50 41.10 82.62 35.11
2022 04 18 18 51 41.21 82.81 35.11
2022 04 18 18 52 41.32 83.00 35.12
2022 04 18 18 53 41.44 83.19 35.12
2022 04 18 18 54 41.55 83.38 35.12
2022 04 18 18 55 41.66 83.57 35.13
2022 04 18 18 56 41.77 83.76 35.14
2022 04 18 18 57 41.88 83.94 35.15
2022 04 18 18 58 41.99 84.13 35.16
2022 04 18 18 59 42.09 84.32 35.17
2022 04 18 19 00 42.20 84.51 35.18
2022 04 18 19 01 42.31 84.69 35.20
2022 04 18 19 02 42.42 84.88 35.21
2022 04 18 19 03 42.53 85.06 35.23
2022 04 18 19 04 42.64 85.25 35.25
2022 04 18 19 05 42.74 85.43 35.27
2022 04 18 19 06 42.85 85.62 35.29
2022 04 18 19 07 42.96 85.80 35.31
2022 04 18 19 08 43.06 85.98 35.34
2022 04 18 19 09 43.17 86.16 35.37
2022 04 18 19 10 43.27 86.35 35.40
2022 04 18 19 11 43.38 86.53 35.43
2022 04 18 19 12 43.48 86.71 35.46
2022 04 18 19 13 43.59 86.89 35.49
2022 04 18 19 14 43.69 87.07 35.53
2022 04 18 19 15 43.80 87.25 35.56
2022 04 18 19 16 43.90 87.43 35.60
2022 04 18 19 17 44.00 87.60 35.64
2022 04 18 19 18 44.11 87.78 35.68
2022 04 18 19 19 44.21 87.96 35.73
2022 04 18 19 20 44.31 88.14 35.77
2022 04 18 19 21 44.41 88.31 35.82
2022 04 18 19 22 44.51 88.49 35.87
2022 04 18 19 23 44.62 88.66 35.92
2022 04 18 19 24 44.72 88.84 35.97
2022 04 18 19 25 44.82 89.01 36.02
2022 04 18 19 26 44.92 89.19 36.08
2022 04 18 19 27 45.02 89.36 36.14
2022 04 18 19 28 45.11 89.53 36.19
2022 04 18 19 29 45.21 89.70 36.26
2022 04 18 19 30 45.31 89.87 36.32
2022 04 18 19 31 45.41 90.05 36.38
2022 04 18 19 32 45.51 90.22 36.45
2022 04 18 19 33 45.60 90.39 36.52
2022 04 18 19 34 45.70 90.55 36.59
2022 04 18 19 35 45.80 90.72 36.66
2022 04 18 19 36 45.89 90.89 36.73
2022 04 18 19 37 45.99 91.06 36.81
2022 04 18 19 38 46.08 91.23 36.89
2022 04 18 19 39 46.18 91.39 36.97
2022 04 18 19 40 46.27 91.56 37.05
2022 04 18 19 41 46.36 91.72 37.13
2022 04 18 19 42 46.46 91.89 37.22
2022 04 18 19 43 46.55 92.05 37.30
2022 04 18 19 44 46.64 92.22 37.39
2022 04 18 19 45 46.73 92.38 37.49
2022 04 18 19 46 46.83 92.54 37.58
2022 04 18 19 47 46.92 92.71 37.67
2022 04 18 19 48 47.01 92.87 37.77
2022 04 18 19 49 47.10 93.03 37.87
2022 04 18 19 50 47.19 93.19 37.97
2022 04 18 19 51 47.28 93.35 38.07
2022 04 18 19 52 47.36 93.51 38.18
2022 04 18 19 53 47.45 93.67 38.28
2022 04 18 19 54 47.54 93.83 38.39
2022 04 18 19 55 47.63 93.98 38.50
2022 04 18 19 56 47.71 94.14 38.62
2022 04 18 19 57 47.80 94.30 38.73
2022 04 18 19 58 47.88 94.45 38.85
2022 04 18 19 59 47.97 94.61 38.97
2022 04 18 20 00 48.05 94.76 39.09
2022 04 18 20 01 48.14 94.92 39.21
2022 04 18 20 02 48.22 95.07 39.33
2022 04 18 20 03 48.30 95.22 39.46
2022 04 18 20 04 48.39 95.38 39.59
2022 04 18 20 05 48.47 95.53 39.72
2022 04 18 20 06 48.55 95.68 39.85
2022 04 18 20 07 48.63 95.83 39.99
2022 04 18 20 08 48.71 95.98 40.12
2022 04 18 20 09 48.79 96.13 40.26
2022 04 18 20 10 48.87 96.28 40.40
2022 04 18 20 11 48.95 96.43 40.54
2022 04 18 20 12 49.02 96.58 40.69
2022 04 18 20 13 49.10 96.72 40.83
2022 04 18 20 14 49.18 96.87 40.98
2022 04 18 20 15 49.25 97.02 41.13
2022 04 18 20 16 49.33 97.16 41.28
2022 04 18 20 17 49.41 97.31 41.44
2022 04 18 20 18 49.48 97.45 41.59
2022 04 18 20 19 49.55 97.59 41.75
2022 04 18 20 20 49.63 97.74 41.91
2022 04 18 20 21 49.70 97.88 42.07
2022 04 18 20 22 49.77 98.02 42.24
2022 04 18 20 23 49.84 98.16 42.40
2022 04 18 20 24 49.91 98.30 42.57
2022 04 18 20 25 49.98 98.44 42.74
2022 04 18 20 26 50.05 98.58 42.91
2022 04 18 20 27 50.12 98.72 43.09
2022 04 18 20 28 50.19 98.86 43.26
2022 04 18 20 29 50.26 99.00 43.44
2022 04 18 20 30 50.33 99.14 43.62
2022 04 18 20 31 50.39 99.27 43.80
2022 04 18 20 32 50.46 99.41 43.98
2022 04 18 20 33 50.52 99.55 44.17
2022 04 18 20 34 50.59 99.68 44.35
2022 04 18 20 35 50.65 99.81 44.54
2022 04 18 20 36 50.71 99.95 44.73
2022 04 18 20 37 50.78 100.08 44.92
2022 04 18 20 38 50.84 100.21 45.12
2022 04 18 20 39 50.90 100.35 45.31
2022 04 18 20 40 50.96 100.48 45.51
2022 04 18 20 41 51.02 100.61 45.71
2022 04 18 20 42 51.08 100.74 45.91
2022 04 18 20 43 51.14 100.87 46.12
2022 04 18 20 44 51.19 101.00 46.32
2022 04 18 20 45 51.25 101.13 46.53
2022 04 18 20 46 51.31 101.25 46.73
2022 04 18 20 47 51.36 101.38 46.94
2022 04 18 20 48 51.42 101.51 47.16
2022 04 18 20 49 51.47 101.63 47.37
2022 04 18 20 50 51.53 101.76 47.58
2022 04 18 20 51 51.58 101.88 47.80
2022 04 18 20 52 51.63 102.01 48.02
2022 04 18 20 53 51.68 102.13 48.24
2022 04 18 20 54 51.73 102.26 48.46
2022 04 18 20 55 51.78 102.38 48.69
2022 04 18 20 56 51.83 102.50 48.91
2022 04 18 20 57 51.88 102.62 49.14
2022 04 18 20 58 51.93 102.74 49.37
2022 04 18 20 59 51.98 102.86 49.60
2022 04 18 21 00 52.02 102.98 49.83
2022 04 18 21 01 52.07 103.10 50.06
2022 04 18 21 02 52.11 103.22 50.29
2022 04 18 21 03 52.16 103.34 50.53
2022 04 18 21 04 52.20 103.45 50.77
2022 04 18 21 05 52.24 103.57 51.01
2022 04 18 21 06 52.28 103.69 51.25
2022 04 18 21 07 52.32 103.80 51.49
2022 04 18 21 08 52.36 103.92 51.73
2022 04 18 21 09 52.40 104.03 51.98
2022 04 18 21 10 52.44 104.15 52.23
2022 04 18 21 11 52.48 104.26 52.47
2022 04 18 21 12 52.52 104.37 52.72
2022 04 18 21 13 52.55 104.48 52.97
2022 04 18 21 14 52.59 104.59 53.23
2022 04 18 21 15 52.62 104.71 53.48
2022 04 18 21 16 52.66 104.82 53.73
2022 04 18 21 17 52.69 104.93 53.99
2022 04 18 21 18 52.72 105.04 54.25
2022 04 18 21 19 52.75 105.14 54.51
2022 04 18 21 20 52.78 105.25 54.77
2022 04 18 21 21 52.81 105.36 55.03
2022 04 18 21 22 52.84 105.47 55.29
2022 04 18 21 23 52.87 105.57 55.55
2022 04 18 21 24 52.90 105.68 55.82
2022 04 18 21 25 52.93 105.78 56.09
2022 04 18 21 26 52.95 105.89 56.35
2022 04 18 21 27 52.98 105.99 56.62
2022 04 18 21 28 53.00 106.09 56.89
2022 04 18 21 29 53.02 106.20 57.16
2022 04 18 21 30 53.05 106.30 57.44
2022 04 18 21 31 53.07 106.40 57.71
2022 04 18 21 32 53.09 106.50 57.98
2022 04 18 21 33 53.11 106.60 58.26
2022 04 18 21 34 53.13 106.70 58.54
2022 04 18 21 35 53.15 106.80 58.81
2022 04 18 21 36 53.16 106.90 59.09
2022 04 18 21 37 53.18 107.00 59.37
2022 04 18 21 38 53.20 107.10 59.65
2022 04 18 21 39 53.21 107.20 59.93
2022 04 18 21 40 53.23 107.29 60.22
2022 04 18 21 41 53.24 107.39 60.50
2022 04 18 21 42 53.25 107.48 60.78
2022 04 18 21 43 53.26 107.58 61.07
2022 04 18 21 44 53.27 107.67 61.36
2022 04 18 21 45 53.28 107.77 61.64
2022 04 18 21 46 53.29 107.86 61.93
2022 04 18 21 47 53.30 107.95 62.22
2022 04 18 21 48 53.31 108.05 62.51
2022 04 18 21 49 53.32 108.14 62.80
2022 04 18 21 50 53.32 108.23 63.09
2022 04 18 21 51 53.33 108.32 63.39
2022 04 18 21 52 53.33 108.41 63.68
2022 04 18 21 53 53.33 108.50 63.97
2022 04 18 21 54 53.34 108.59 64.27
2022 04 18 21 55 53.34 108.68 64.56
2022 04 18 21 56 53.34 108.76 64.86
2022 04 18 21 57 53.34 108.85 65.16
2022 04 18 21 58 53.34 108.94 65.45
2022 04 18 21 59 53.34 109.02 65.75
2022 04 18 22 00 53.33 109.11 66.05
2022 04 18 22 01 53.33 109.19 66.35
2022 04 18 22 02 53.33 109.28 66.65
2022 04 18 22 03 53.32 109.36 66.95
2022 04 18 22 04 53.32 109.45 67.25
2022 04 18 22 05 53.31 109.53 67.55
2022 04 18 22 06 53.30 109.61 67.86
2022 04 18 22 07 53.29 109.69 68.16
2022 04 18 22 08 53.28 109.78 68.46
2022 04 18 22 09 53.27 109.86 68.77
2022 04 18 22 10 53.26 109.94 69.07
2022 04 18 22 11 53.25 110.02 69.38
2022 04 18 22 12 53.24 110.10 69.68
2022 04 18 22 13 53.22 110.18 69.99
2022 04 18 22 14 53.21 110.25 70.29
2022 04 18 22 15 53.19 110.33 70.60
2022 04 18 22 16 53.18 110.41 70.91
2022 04 18 22 17 53.16 110.49 71.22
2022 04 18 22 18 53.14 110.56 71.52
2022 04 18 22 19 53.12 110.64 71.83
2022 04 18 22 20 53.11 110.71 72.14
2022 04 18 22 21 53.09 110.79 72.45
2022 04 18 22 22 53.06 110.86 72.76
2022 04 18 22 23 53.04 110.94 73.07
2022 04 18 22 24 53.02 111.01 73.38
2022 04 18 22 25 53.00 111.08 73.69
2022 04 18 22 26 52.97 111.16 74.00
2022 04 18 22 27 52.95 111.23 74.31
2022 04 18 22 28 52.92 111.30 74.63
2022 04 18 22 29 52.89 111.37 74.94
2022 04 18 22 30 52.87 111.44 75.25
2022 04 18 22 31 52.84 111.51 75.56
2022 04 18 22 32 52.81 111.58 75.87
2022 04 18 22 33 52.78 111.65 76.19
2022 04 18 22 34 52.75 111.72 76.50
2022 04 18 22 35 52.72 111.78 76.81
2022 04 18 22 36 52.68 111.85 77.13
2022 04 18 22 37 52.65 111.92 77.44
2022 04 18 22 38 52.62 111.98 77.76
2022 04 18 22 39 52.58 112.05 78.07
2022 04 18 22 40 52.55 112.12 78.38
2022 04 18 22 41 52.51 112.18 78.70
2022 04 18 22 42 52.47 112.25 79.01
2022 04 18 22 43 52.43 112.31 79.33
2022 04 18 22 44 52.40 112.37 79.64
2022 04 18 22 45 52.36 112.44 79.96
2022 04 18 22 46 52.32 112.50 80.27
2022 04 18 22 47 52.28 112.56 80.59
2022 04 18 22 48 52.23 112.62 80.91
2022 04 18 22 49 52.19 112.69 81.22
2022 04 18 22 50 52.15 112.75 81.54
2022 04 18 22 51 52.10 112.81 81.85
2022 04 18 22 52 52.06 112.87 82.17
2022 04 18 22 53 52.01 112.93 82.49
2022 04 18 22 54 51.97 112.98 82.80
2022 04 18 22 55 51.92 113.04 83.12
2022 04 18 22 56 51.87 113.10 83.44
2022 04 18 22 57 51.82 113.16 83.76
2022 04 18 22 58 51.77 113.22 84.07
2022 04 18 22 59 51.72 113.27 84.39
2022 04 18 23 00 51.67 113.33 84.71
2022 04 18 23 01 51.62 113.39 85.03
2022 04 18 23 02 51.57 113.44 85.34
2022 04 18 23 03 51.52 113.50 85.66
2022 04 18 23 04 51.46 113.55 85.98
2022 04 18 23 05 51.41 113.61 86.30
2022 04 18 23 06 51.35 113.66 86.62
2022 04 18 23 07 51.30 113.71 86.94
2022 04 18 23 08 51.24 113.77 87.26
2022 04 18 23 09 51.18 113.82 87.58
2022 04 18 23 10 51.13 113.87 87.89
2022 04 18 23 11 51.07 113.92 88.21
2022 04 18 23 12 51.01 113.97 88.53
2022 04 18 23 13 50.95 114.02 88.85
2022 04 18 23 14 50.89 114.07 89.18
2022 04 18 23 15 50.83 114.12 89.50
2022 04 18 23 16 50.77 114.17 89.82
2022 04 18 23 17 50.70 114.22 90.14
2022 04 18 23 18 50.64 114.27 90.46
2022 04 18 23 19 50.58 114.32 90.78
2022 04 18 23 20 50.51 114.37 91.11
2022 04 18 23 21 50.45 114.42 91.43
2022 04 18 23 22 50.38 114.46 91.75
2022 04 18 23 23 50.31 114.51 92.08
2022 04 18 23 24 50.25 114.56 92.40
2022 04 18 23 25 50.18 114.60 92.73
2022 04 18 23 26 50.11 114.65 93.05
2022 04 18 23 27 50.04 114.69 93.38
2022 04 18 23 28 49.97 114.74 93.70
2022 04 18 23 29 49.90 114.78 94.03
2022 04 18 23 30 49.83 114.83 94.36
2022 04 18 23 31 49.76 114.87 94.69
2022 04 18 23 32 49.69 114.91 95.02
2022 04 18 23 33 49.61 114.96 95.35
2022 04 18 23 34 49.54 115.00 95.68
2022 04 18 23 35 49.47 115.04 96.01
2022 04 18 23 36 49.39 115.08 96.34
2022 04 18 23 37 49.32 115.12 96.67
2022 04 18 23 38 49.24 115.17 97.01
2022 04 18 23 39 49.17 115.21 97.35
2022 04 18 23 40 49.09 115.25 97.68
2022 04 18 23 41 49.01 115.29 98.02
2022 04 18 23 42 48.93 115.33 98.36
2022 04 18 23 43 48.85 115.37 98.70
2022 04 18 23 44 48.78 115.40 99.04
2022 04 18 23 45 48.70 115.44 99.39
2022 04 18 23 46 48.62 115.48 99.73
2022 04 18 23 47 48.53 115.52 100.08
2022 04 18 23 48 48.45 115.56 100.43
2022 04 18 23 49 48.37 115.59 100.78
2022 04 18 23 50 48.29 115.63 101.13
2022 04 18 23 51 48.21 115.67 101.48
2022 04 18 23 52 48.12 115.70 101.84
2022 04 18 23 53 48.04 115.74 102.20
2022 04 18 23 54 47.95 115.77 102.56
2022 04 18 23 55 47.87 115.81 102.92
2022 04 18 23 56 47.78 115.84 103.29
2022 04 18 23 57 47.70 115.88 103.66
2022 04 18 23 58 47.61 115.91 104.03
2022 04 18 23 59 47.52 115.95 104.41
2022 04 19 00 00 47.44 115.98 104.79
2022 04 19 00 01 47.35 116.01 105.17
2022 04 19 00 02 47.26 116.05 105.55
2022 04 19 00 03 47.17 116.08 105.94
2022 04 19 00 04 47.08 116.11 106.34
2022 04 19 00 05 46.99 116.14 106.74
2022 04 19 00 06 46.90 116.17 107.14
2022 04 19 00 07 46.81 116.20 107.55
2022 04 19 00 08 46.72 116.24 107.96
2022 04 19 00 09 46.63 116.27 108.38
2022 04 19 00 10 46.53 116.30 108.81
2022 04 19 00 11 46.44 116.33 109.24
2022 04 19 00 12 46.35 116.36 109.68
2022 04 19 00 13 46.25 116.38 110.13
2022 04 19 00 14 46.16 116.41 110.58
2022 04 19 00 15 46.07 116.44 111.04
2022 04 19 00 16 45.97 116.47 111.51
2022 04 19 00 17 45.88 116.50 111.99
2022 04 19 00 18 45.78 116.53 112.48
2022 04 19 00 19 45.68 116.55 112.98
2022 04 19 00 20 45.59 116.58 113.49
2022 04 19 00 21 45.49 116.61 114.01
2022 04 19 00 22 45.39 116.64 114.54
2022 04 19 00 23 45.29 116.66 115.09
2022 04 19 00 24 45.20 116.69 115.65
2022 04 19 00 25 45.10 116.71 116.22
2022 04 19 00 26 45.00 116.74 116.81
2022 04 19 00 27 44.90 116.76 117.41
2022 04 19 00 28 44.80 116.79 118.03
2022 04 19 00 29 44.70 116.81 118.67
2022 04 19 00 30 44.60 116.84 119.33
2022 04 19 00 31 44.50 116.86 120.00
2022 04 19 00 32 44.40 116.89 120.69
2022 04 19 00 33 44.29 116.91 121.40
2022 04 19 00 34 44.19 116.93 122.13
2022 04 19 00 35 44.09 116.96 122.87
2022 04 19 00 36 43.99 116.98 123.63
2022 04 19 00 37 43.88 117.00 124.39
2022 04 19 00 38 43.78 117.02 125.16
2022 04 19 00 39 43.68 117.05 125.92
2022 04 19 00 40 43.57 117.07 126.67
2022 04 19 00 41 43.47 117.09 127.39
2022 04 19 00 42 43.36 117.11 128.06
2022 04 19 00 43 43.26 117.13 128.67
2022 04 19 00 44 43.15 117.15 129.17
2022 04 19 00 45 43.04 117.17 129.55
2022 04 19 00 46 42.94 117.19 129.74
2022 04 19 00 47 42.83 117.21 129.72
2022 04 19 00 48 42.72 117.23 129.44
2022 04 19 00 49 42.62 117.25 128.86
2022 04 19 00 50 42.51 117.27 127.95
2022 04 19 00 51 42.40 117.29 126.71
2022 04 19 00 52 42.29 117.31 125.15
2022 04 19 00 53 42.18 117.33 123.28
2022 04 19 00 54 42.08 117.34 121.18
2022 04 19 00 55 41.97 117.36 118.88
2022 04 19 00 56 41.86 117.38 116.47
2022 04 19 00 57 41.75 117.40 113.99
2022 04 19 00 58 41.64 117.42 111.52
2022 04 19 00 59 41.53 117.43 109.08
2022 04 19 01 00 41.42 117.45 106.72
2022 04 19 01 01 41.31 117.47 104.46
2022 04 19 01 02 41.19 117.48 102.31
2022 04 19 01 03 41.08 117.50 100.28
2022 04 19 01 04 40.97 117.51 98.37
2022 04 19 01 05 40.86 117.53 96.58
2022 04 19 01 06 40.75 117.55 94.90
2022 04 19 01 07 40.63 117.56 93.33
2022 04 19 01 08 40.52 117.58 91.87
2022 04 19 01 09 40.41 117.59 90.49
2022 04 19 01 10 40.30 117.61 89.20
2022 04 19 01 11 40.18 117.62 87.99
2022 04 19 01 12 40.07 117.63 86.86
2022 04 19 01 13 39.95 117.65 85.79
2022 04 19 01 14 39.84 117.66 84.78
2022 04 19 01 15 39.73 117.68 83.82
2022 04 19 01 16 39.61 117.69 82.92
2022 04 19 01 17 39.50 117.70 82.06
2022 04 19 01 18 39.38 117.71 81.25
2022 04 19 01 19 39.27 117.73 80.47
2022 04 19 01 20 39.15 117.74 79.73
2022 04 19 01 21 39.03 117.75 79.03
2022 04 19 01 22 38.92 117.76 78.35
2022 04 19 01 23 38.80 117.78 77.70
2022 04 19 01 24 38.69 117.79 77.07
2022 04 19 01 25 38.57 117.80 76.47
2022 04 19 01 26 38.45 117.81 75.89
2022 04 19 01 27 38.34 117.82 75.34
2022 04 19 01 28 38.22 117.83 74.80
2022 04 19 01 29 38.10 117.84 74.27
2022 04 19 01 30 37.98 117.85 73.77
2022 04 19 01 31 37.87 117.86 73.28
2022 04 19 01 32 37.75 117.87 72.80
2022 04 19 01 33 37.63 117.88 72.34
2022 04 19 01 34 37.51 117.89 71.89
2022 04 19 01 35 37.39 117.90 71.45
2022 04 19 01 36 37.27 117.91 71.02
2022 04 19 01 37 37.15 117.92 70.60
2022 04 19 01 38 37.04 117.93 70.20
2022 04 19 01 39 36.92 117.94 69.80
2022 04 19 01 40 36.80 117.95 69.41
2022 04 19 01 41 36.68 117.96 69.02
2022 04 19 01 42 36.56 117.97 68.65
2022 04 19 01 43 36.44 117.97 68.28
2022 04 19 01 44 36.32 117.98 67.92
2022 04 19 01 45 36.20 117.99 67.57
2022 04 19 01 46 36.08 118.00 67.22
2022 04 19 01 47 35.96 118.00 66.88
2022 04 19 01 48 35.84 118.01 66.55
2022 04 19 01 49 35.71 118.02 66.22
2022 04 19 01 50 35.59 118.02 65.89
2022 04 19 01 51 35.47 118.03 65.57
2022 04 19 01 52 35.35 118.04 65.25
2022 04 19 01 53 35.23 118.04 64.94
2022 04 19 01 54 35.11 118.05 64.64
2022 04 19 01 55 34.99 118.06 64.33
2022 04 19 01 56 34.86 118.06 64.03
2022 04 19 01 57 34.74 118.07 63.74
2022 04 19 01 58 34.62 118.07 63.45
2022 04 19 01 59 34.50 118.08 63.16
2022 04 19 02 00 34.38 118.08 62.87
2022 04 19 02 01 34.25 118.09 62.59
2022 04 19 02 02 34.13 118.09 62.31
2022 04 19 02 03 34.01 118.10 62.04
2022 04 19 02 04 33.89 118.10 61.77
2022 04 19 02 05 33.76 118.11 61.50
2022 04 19 02 06 33.64 118.11 61.23
2022 04 19 02 07 33.52 118.11 60.96
2022 04 19 02 08 33.39 118.12 60.70
2022 04 19 02 09 33.27 118.12 60.44
2022 04 19 02 10 33.15 118.12 60.18
2022 04 19 02 11 33.02 118.13 59.93
2022 04 19 02 12 32.90 118.13 59.67
2022 04 19 02 13 32.78 118.13 59.42
2022 04 19 02 14 32.65 118.14 59.17
2022 04 19 02 15 32.53 118.14 58.93
2022 04 19 02 16 32.41 118.14 58.68
2022 04 19 02 17 32.28 118.14 58.44
2022 04 19 02 18 32.16 118.15 58.19
2022 04 19 02 19 32.03 118.15 57.95
2022 04 19 02 20 31.91 118.15 57.72
2022 04 19 02 21 31.79 118.15 57.48
2022 04 19 02 22 31.66 118.15 57.24
2022 04 19 02 23 31.54 118.15 57.01
2022 04 19 02 24 31.41 118.15 56.78
2022 04 19 02 25 31.29 118.15 56.55
2022 04 19 02 26 31.16 118.16 56.32
2022 04 19 02 27 31.04 118.16 56.09
2022 04 19 02 28 30.91 118.16 55.86
2022 04 19 02 29 30.79 118.16 55.64
2022 04 19 02 30 30.66 118.16 55.41
2022 04 19 02 31 30.54 118.16 55.19
2022 04 19 02 32 30.41 118.16 54.97
2022 04 19 02 33 30.29 118.16 54.75
2022 04 19 02 34 30.16 118.15 54.53
2022 04 19 02 35 30.04 118.15 54.31
2022 04 19 02 36 29.91 118.15 54.09
2022 04 19 02 37 29.79 118.15 53.88
2022 04 19 02 38 29.66 118.15 53.66
2022 04 19 02 39 29.54 118.15 53.45
2022 04 19 02 40 29.41 118.15 53.23
2022 04 19 02 41 29.29 118.15 53.02
2022 04 19 02 42 29.16 118.14 52.81
2022 04 19 02 43 29.04 118.14 52.60
2022 04 19 02 44 28.91 118.14 52.39
2022 04 19 02 45 28.79 118.14 52.18
2022 04 19 02 46 28.66 118.13 51.98
2022 04 19 02 47 28.53 118.13 51.77
2022 04 19 02 48 28.41 118.13 51.56
2022 04 19 02 49 28.28 118.13 51.36
2022 04 19 02 50 28.16 118.12 51.15
2022 04 19 02 51 28.03 118.12 50.95
2022 04 19 02 52 27.91 118.12 50.75
2022 04 19 02 53 27.78 118.11 50.55
2022 04 19 02 54 27.66 118.11 50.34
2022 04 19 02 55 27.53 118.10 50.14
2022 04 19 02 56 27.40 118.10 49.94
2022 04 19 02 57 27.28 118.09 49.74
2022 04 19 02 58 27.15 118.09 49.55
2022 04 19 02 59 27.03 118.09 49.35
2022 04 19 03 00 26.90 118.08 49.15
2022 04 19 03 01 26.78 118.07 48.95
2022 04 19 03 02 26.65 118.07 48.76
2022 04 19 03 03 26.53 118.06 48.56
2022 04 19 03 04 26.40 118.06 48.37
2022 04 19 03 05 26.27 118.05 48.18
2022 04 19 03 06 26.15 118.05 47.98
2022 04 19 03 07 26.02 118.04 47.79
2022 04 19 03 08 25.90 118.03 47.60
2022 04 19 03 09 25.77 118.03 47.40
2022 04 19 03 10 25.65 118.02 47.21
2022 04 19 03 11 25.52 118.01 47.02
2022 04 19 03 12 25.40 118.01 46.83
2022 04 19 03 13 25.27 118.00 46.64
2022 04 19 03 14 25.15 117.99 46.45
2022 04 19 03 15 25.02 117.98 46.26
2022 04 19 03 16 24.89 117.98 46.08
2022 04 19 03 17 24.77 117.97 45.89
2022 04 19 03 18 24.64 117.96 45.70
2022 04 19 03 19 24.52 117.95 45.52
2022 04 19 03 20 24.39 117.94 45.33
2022 04 19 03 21 24.27 117.93 45.14
2022 04 19 03 22 24.14 117.93 44.96
2022 04 19 03 23 24.02 117.92 44.77
2022 04 19 03 24 23.89 117.91 44.59
2022 04 19 03 25 23.77 117.90 44.40
2022 04 19 03 26 23.64 117.89 44.22
2022 04 19 03 27 23.52 117.88 44.04
2022 04 19 03 28 23.39 117.87 43.85
2022 04 19 03 29 23.27 117.86 43.67
2022 04 19 03 30 23.14 117.85 43.49
2022 04 19 03 31 23.02 117.84 43.31
2022 04 19 03 32 22.89 117.83 43.13
2022 04 19 03 33 22.77 117.82 42.94
2022 04 19 03 34 22.65 117.80 42.76
2022 04 19 03 35 22.52 117.79 42.58
2022 04 19 03 36 22.40 117.78 42.40
2022 04 19 03 37 22.27 117.77 42.22
2022 04 19 03 38 22.15 117.76 42.04
2022 04 19 03 39 22.02 117.74 41.87
2022 04 19 03 40 21.90 117.73 41.69
2022 04 19 03 41 21.78 117.72 41.51
2022 04 19 03 42 21.65 117.71 41.33
2022 04 19 03 43 21.53 117.69 41.15
2022 04 19 03 44 21.40 117.68 40.97
2022 04 19 03 45 21.28 117.67 40.80
2022 04 19 03 46 21.16 117.65 40.62
2022 04 19 03 47 21.03 117.64 40.44
2022 04 19 03 48 20.91 117.63 40.27
2022 04 19 03 49 20.79 117.61 40.09
2022 04 19 03 50 20.66 117.60 39.92
2022 04 19 03 51 20.54 117.58 39.74
2022 04 19 03 52 20.42 117.57 39.57
2022 04 19 03 53 20.29 117.55 39.39
2022 04 19 03 54 20.17 117.54 39.22
2022 04 19 03 55 20.05 117.52 39.04
2022 04 19 03 56 19.93 117.50 38.87
2022 04 19 03 57 19.80 117.49 38.69
2022 04 19 03 58 19.68 117.47 38.52
2022 04 19 03 59 19.56 117.46 38.35
2022 04 19 04 00 19.44 117.44 38.17
2022 04 19 04 01 19.31 117.42 38.00
2022 04 19 04 02 19.19 117.40 37.83
2022 04 19 04 03 19.07 117.39 37.65
2022 04 19 04 04 18.95 117.37 37.48
2022 04 19 04 05 18.83 117.35 37.31
2022 04 19 04 06 18.70 117.33 37.14
2022 04 19 04 07 18.58 117.32 36.97
2022 04 19 04 08 18.46 117.30 36.79
2022 04 19 04 09 18.34 117.28 36.62
2022 04 19 04 10 18.22 117.26 36.45
2022 04 19 04 11 18.10 117.24 36.28
2022 04 19 04 12 17.98 117.22 36.11
2022 04 19 04 13 17.85 117.20 35.94
2022 04 19 04 14 17.73 117.18 35.77
2022 04 19 04 15 17.61 117.16 35.60
2022 04 19 04 16 17.49 117.14 35.43
2022 04 19 04 17 17.37 117.12 35.26
2022 04 19 04 18 17.25 117.10 35.09
2022 04 19 04 19 17.13 117.08 34.92
2022 04 19 04 20 17.01 117.05 34.75
2022 04 19 04 21 16.89 117.03 34.58
2022 04 19 04 22 16.77 117.01 34.41
2022 04 19 04 23 16.65 116.99 34.24
2022 04 19 04 24 16.53 116.96 34.08
2022 04 19 04 25 16.41 116.94 33.91
2022 04 19 04 26 16.29 116.92 33.74
2022 04 19 04 27 16.18 116.90 33.57
2022 04 19 04 28 16.06 116.87 33.40
2022 04 19 04 29 15.94 0.00 0.00
2022 04 19 04 30 15.82 0.00 0.00
2022 04 19 04 31 15.70 0.00 0.00
2022 04 19 04 32 15.58 0.00 0.00
2022 04 19 04 33 15.46 0.00 0.00
2022 04 19 04 34 15.35 0.00 0.00
2022 04 19 04 35 15.23 0.00 0.00
2022 04 19 04 36 15.11 0.00 0.00
2022 04 19 04 37 14.99 0.00 0.00
2022 04 19 04 38 14.88 0.00 0.00
2022 04 19 04 39 14.76 0.00 0.00
2022 04 19 04 40 14.64 0.00 0.00
2022 04 19 04 41 14.52 0.00 0.00
2022 04 19 04 42 14.41 0.00 0.00
2022 04 19 04 43 14.29 0.00 0.00
2022 04 19 04 44 14.17 0.00 0.00
2022 04 19 04 45 14.06 0.00 0.00
2022 04 19 04 46 13.94 0.00 0.00
2022 04 19 04 47 13.83 0.00 0.00
2022 04 19 04 48 13.71 0.00 0.00
2022 04 19 04 49 13.59 0.00 0.00
2022 04 19 04 50 13.48 0.00 0.00
2022 04 19 04 51 13.36 0.00 0.00
2022 04 19 04 52 13.25 0.00 0.00
2022 04 19 04 53 13.13 0.00 0.00
2022 04 19 04 54 13.02 0.00 0.00
2022 04 19 04 55 12.91 0.00 0.00
2022 04 19 04 56 12.79 0.00 0.00
2022 04 19 04 57 12.68 0.00 0.00
2022 04 19 04 58 12.56 0.00 0.00
2022 04 19 04 59 12.45 0.00 0.00
