# year, month, day, hour, min, alt, bl13, bl14, bl34, moon 
2023 05 10 17 00 -0.53 0.00 0.00 0.00 0.00
2023 05 10 17 01 -0.32 0.00 0.00 0.00 0.00
2023 05 10 17 02 -0.11 0.00 0.00 0.00 0.00
2023 05 10 17 03 0.10 0.00 0.00 0.00 0.00
2023 05 10 17 04 0.31 0.00 0.00 0.00 0.00
2023 05 10 17 05 0.52 0.00 0.00 0.00 0.00
2023 05 10 17 06 0.73 0.00 0.00 0.00 0.00
2023 05 10 17 07 0.94 0.00 0.00 0.00 0.00
2023 05 10 17 08 1.15 0.00 0.00 0.00 0.00
2023 05 10 17 09 1.36 0.00 0.00 0.00 0.00
2023 05 10 17 10 1.57 0.00 0.00 0.00 0.00
2023 05 10 17 11 1.78 0.00 0.00 0.00 0.00
2023 05 10 17 12 1.99 0.00 0.00 0.00 0.00
2023 05 10 17 13 2.20 0.00 0.00 0.00 0.00
2023 05 10 17 14 2.41 0.00 0.00 0.00 0.00
2023 05 10 17 15 2.62 0.00 0.00 0.00 0.00
2023 05 10 17 16 2.83 0.00 0.00 0.00 0.00
2023 05 10 17 17 3.04 0.00 0.00 0.00 0.00
2023 05 10 17 18 3.25 0.00 0.00 0.00 0.00
2023 05 10 17 19 3.46 0.00 0.00 0.00 0.00
2023 05 10 17 20 3.67 0.00 0.00 0.00 0.00
2023 05 10 17 21 3.89 0.00 0.00 0.00 0.00
2023 05 10 17 22 4.10 0.00 0.00 0.00 0.00
2023 05 10 17 23 4.31 0.00 0.00 0.00 0.00
2023 05 10 17 24 4.52 0.00 0.00 0.00 0.00
2023 05 10 17 25 4.73 0.00 0.00 0.00 0.00
2023 05 10 17 26 4.95 0.00 0.00 0.00 0.00
2023 05 10 17 27 5.16 0.00 0.00 0.00 0.00
2023 05 10 17 28 5.37 0.00 0.00 0.00 0.00
2023 05 10 17 29 5.59 0.00 0.00 0.00 0.00
2023 05 10 17 30 5.80 0.00 0.00 0.00 0.00
2023 05 10 17 31 6.01 0.00 0.00 0.00 0.00
2023 05 10 17 32 6.22 0.00 0.00 0.00 0.00
2023 05 10 17 33 6.44 0.00 0.00 0.00 0.00
2023 05 10 17 34 6.65 0.00 0.00 0.00 0.00
2023 05 10 17 35 6.87 0.00 0.00 0.00 0.00
2023 05 10 17 36 7.08 0.00 0.00 0.00 0.00
2023 05 10 17 37 7.29 0.00 0.00 0.00 0.00
2023 05 10 17 38 7.51 0.00 0.00 0.00 0.00
2023 05 10 17 39 7.72 0.00 0.00 0.00 0.00
2023 05 10 17 40 7.94 0.00 0.00 0.00 0.00
2023 05 10 17 41 8.15 0.00 0.00 0.00 0.00
2023 05 10 17 42 8.36 0.00 0.00 0.00 0.00
2023 05 10 17 43 8.58 0.00 0.00 0.00 0.00
2023 05 10 17 44 8.79 0.00 0.00 0.00 0.00
2023 05 10 17 45 9.01 0.00 0.00 0.00 0.00
2023 05 10 17 46 9.22 0.00 0.00 0.00 0.00
2023 05 10 17 47 9.44 0.00 0.00 0.00 0.00
2023 05 10 17 48 9.65 0.00 0.00 0.00 0.00
2023 05 10 17 49 9.87 0.00 0.00 0.00 0.00
2023 05 10 17 50 10.09 64.92 109.67 53.55 0.00
2023 05 10 17 51 10.30 64.95 109.62 53.84 0.00
2023 05 10 17 52 10.52 64.99 109.56 54.13 0.00
2023 05 10 17 53 10.73 65.04 109.50 54.42 0.00
2023 05 10 17 54 10.95 65.09 109.44 54.71 0.00
2023 05 10 17 55 11.17 65.16 109.38 55.01 0.00
2023 05 10 17 56 11.38 65.23 109.33 55.30 0.00
2023 05 10 17 57 11.60 65.30 109.27 55.60 0.00
2023 05 10 17 58 11.81 65.38 109.22 55.89 0.00
2023 05 10 17 59 12.03 65.48 109.16 56.19 0.00
2023 05 10 18 00 12.25 65.57 109.11 56.48 0.00
2023 05 10 18 01 12.46 65.68 109.05 56.78 0.00
2023 05 10 18 02 12.68 65.79 109.00 57.08 0.00
2023 05 10 18 03 12.90 65.91 108.95 57.38 0.00
2023 05 10 18 04 13.12 66.03 108.89 57.68 0.00
2023 05 10 18 05 13.33 66.16 108.84 57.98 0.00
2023 05 10 18 06 13.55 66.30 108.79 58.28 0.00
2023 05 10 18 07 13.77 66.45 108.74 58.58 0.00
2023 05 10 18 08 13.99 66.60 108.69 58.88 0.00
2023 05 10 18 09 14.20 66.76 108.64 59.19 0.00
2023 05 10 18 10 14.42 66.92 108.60 59.49 0.00
2023 05 10 18 11 14.64 67.09 108.55 59.79 0.00
2023 05 10 18 12 14.86 67.27 108.50 60.10 0.00
2023 05 10 18 13 15.08 67.46 108.45 60.40 0.00
2023 05 10 18 14 15.29 67.65 108.41 60.71 0.00
2023 05 10 18 15 15.51 67.84 108.36 61.01 0.00
2023 05 10 18 16 15.73 68.05 108.32 61.32 0.00
2023 05 10 18 17 15.95 68.26 108.27 61.62 0.00
2023 05 10 18 18 16.17 68.47 108.23 61.93 0.00
2023 05 10 18 19 16.39 68.69 108.19 62.23 0.00
2023 05 10 18 20 16.60 68.92 108.15 62.54 0.00
2023 05 10 18 21 16.82 69.15 108.11 62.85 0.00
2023 05 10 18 22 17.04 69.39 108.07 63.15 0.00
2023 05 10 18 23 17.26 69.63 108.03 63.46 0.00
2023 05 10 18 24 17.48 69.88 107.99 63.77 0.00
2023 05 10 18 25 17.70 70.14 107.95 64.08 0.00
2023 05 10 18 26 17.92 70.40 107.91 64.38 0.00
2023 05 10 18 27 18.14 70.66 107.87 64.69 0.00
2023 05 10 18 28 18.36 70.93 107.84 65.00 0.00
2023 05 10 18 29 18.58 71.21 107.80 65.31 0.00
2023 05 10 18 30 18.80 71.49 107.77 65.61 0.00
2023 05 10 18 31 19.02 71.78 107.73 65.92 0.00
2023 05 10 18 32 19.24 72.07 107.70 66.23 0.00
2023 05 10 18 33 19.46 72.36 107.67 66.54 0.00
2023 05 10 18 34 19.68 72.66 107.64 66.84 0.00
2023 05 10 18 35 19.90 72.97 107.61 67.15 0.00
2023 05 10 18 36 20.12 73.28 107.58 67.46 0.00
2023 05 10 18 37 20.34 73.59 107.55 67.77 0.00
2023 05 10 18 38 20.56 73.91 107.52 68.07 0.00
2023 05 10 18 39 20.78 74.23 107.49 68.38 0.00
2023 05 10 18 40 21.00 74.56 107.46 68.69 0.00
2023 05 10 18 41 21.22 74.89 107.44 68.99 0.00
2023 05 10 18 42 21.44 75.23 107.41 69.30 0.00
2023 05 10 18 43 21.66 75.57 107.39 69.61 0.00
2023 05 10 18 44 21.88 75.91 107.36 69.91 0.00
2023 05 10 18 45 22.11 76.26 107.34 70.22 0.00
2023 05 10 18 46 22.33 76.61 107.32 70.52 0.00
2023 05 10 18 47 22.55 76.96 107.30 70.83 0.00
2023 05 10 18 48 22.77 77.32 107.27 71.14 0.00
2023 05 10 18 49 22.99 77.68 107.25 71.44 0.00
2023 05 10 18 50 23.21 78.05 107.24 71.75 0.00
2023 05 10 18 51 23.43 78.42 107.22 72.05 0.00
2023 05 10 18 52 23.65 78.79 107.20 72.35 0.00
2023 05 10 18 53 23.88 79.17 107.18 72.66 0.00
2023 05 10 18 54 24.10 79.55 107.17 72.96 0.00
2023 05 10 18 55 24.32 79.93 107.15 73.26 0.00
2023 05 10 18 56 24.54 80.31 107.14 73.57 0.00
2023 05 10 18 57 24.76 80.70 107.12 73.87 0.00
2023 05 10 18 58 24.99 81.09 107.11 74.17 0.00
2023 05 10 18 59 25.21 81.48 107.10 74.47 0.00
2023 05 10 19 00 25.43 81.88 107.09 74.77 0.00
2023 05 10 19 01 25.65 82.28 107.08 75.07 0.00
2023 05 10 19 02 25.88 82.68 107.07 75.37 0.00
2023 05 10 19 03 26.10 83.08 107.06 75.67 0.00
2023 05 10 19 04 26.32 83.49 107.05 75.97 0.00
2023 05 10 19 05 26.54 83.90 107.05 76.27 0.00
2023 05 10 19 06 26.77 84.31 107.04 76.57 0.00
2023 05 10 19 07 26.99 84.72 107.04 76.87 0.00
2023 05 10 19 08 27.21 85.14 107.03 77.17 0.00
2023 05 10 19 09 27.43 85.56 107.03 77.46 0.00
2023 05 10 19 10 27.66 85.98 107.02 77.76 0.00
2023 05 10 19 11 27.88 86.40 107.02 78.05 0.00
2023 05 10 19 12 28.10 86.82 107.02 78.35 0.00
2023 05 10 19 13 28.33 87.25 107.02 78.64 0.00
2023 05 10 19 14 28.55 87.68 107.02 78.94 0.00
2023 05 10 19 15 28.77 88.11 107.02 79.23 0.00
2023 05 10 19 16 29.00 88.54 107.03 79.52 0.00
2023 05 10 19 17 29.22 88.97 107.03 79.82 0.00
2023 05 10 19 18 29.44 89.40 107.03 80.11 0.00
2023 05 10 19 19 29.67 89.84 107.04 80.40 0.00
2023 05 10 19 20 29.89 90.28 107.04 80.69 0.00
2023 05 10 19 21 30.11 90.71 107.05 80.98 0.00
2023 05 10 19 22 30.34 91.16 107.06 81.27 0.00
2023 05 10 19 23 30.56 91.60 107.07 81.55 0.00
2023 05 10 19 24 30.79 92.04 107.08 81.84 0.00
2023 05 10 19 25 31.01 92.48 107.09 82.13 0.00
2023 05 10 19 26 31.23 92.93 107.10 82.42 0.00
2023 05 10 19 27 31.46 93.37 107.11 82.70 0.00
2023 05 10 19 28 31.68 93.82 107.12 82.99 0.00
2023 05 10 19 29 31.91 94.27 107.13 83.27 0.00
2023 05 10 19 30 32.13 94.72 107.15 83.55 0.00
2023 05 10 19 31 32.35 95.17 107.16 83.84 0.00
2023 05 10 19 32 32.58 95.62 107.18 84.12 0.00
2023 05 10 19 33 32.80 96.07 107.19 84.40 0.00
2023 05 10 19 34 33.03 96.53 107.21 84.68 0.00
2023 05 10 19 35 33.25 96.98 107.23 84.96 0.00
2023 05 10 19 36 33.48 97.43 107.25 85.24 0.00
2023 05 10 19 37 33.70 97.89 107.27 85.51 0.00
2023 05 10 19 38 33.93 98.34 107.29 85.79 0.00
2023 05 10 19 39 34.15 98.80 107.31 86.07 0.00
2023 05 10 19 40 34.38 99.26 107.33 86.34 0.00
2023 05 10 19 41 34.60 99.71 107.36 86.62 0.00
2023 05 10 19 42 34.83 100.17 107.38 86.89 0.00
2023 05 10 19 43 35.05 100.63 107.40 87.17 0.00
2023 05 10 19 44 35.28 101.09 107.43 87.44 0.00
2023 05 10 19 45 35.50 101.54 107.45 87.71 0.00
2023 05 10 19 46 35.73 102.00 107.48 87.98 0.00
2023 05 10 19 47 35.95 102.46 107.51 88.25 0.00
2023 05 10 19 48 36.18 102.92 107.54 88.52 0.00
2023 05 10 19 49 36.40 103.38 107.57 88.79 0.00
2023 05 10 19 50 36.63 103.84 107.60 89.05 0.00
2023 05 10 19 51 36.85 104.30 107.63 89.32 0.00
2023 05 10 19 52 37.08 104.76 107.66 89.58 0.00
2023 05 10 19 53 37.30 105.22 107.69 89.85 0.00
2023 05 10 19 54 37.53 105.68 107.72 90.11 0.00
2023 05 10 19 55 37.75 106.14 107.76 90.37 0.00
2023 05 10 19 56 37.98 106.60 107.79 90.64 0.00
2023 05 10 19 57 38.21 107.06 107.83 90.90 0.00
2023 05 10 19 58 38.43 107.52 107.86 91.16 0.00
2023 05 10 19 59 38.66 107.98 107.90 91.41 0.00
2023 05 10 20 00 38.88 108.43 107.94 91.67 0.00
2023 05 10 20 01 39.11 108.89 107.98 91.93 0.00
2023 05 10 20 02 39.34 109.35 108.01 92.18 0.00
2023 05 10 20 03 39.56 109.81 108.05 92.44 0.00
2023 05 10 20 04 39.79 110.27 108.09 92.69 0.00
2023 05 10 20 05 40.01 110.72 108.13 92.95 0.00
2023 05 10 20 06 40.24 111.18 108.18 93.20 0.00
2023 05 10 20 07 40.47 111.64 108.22 93.45 0.00
2023 05 10 20 08 40.69 112.09 108.26 93.70 0.00
2023 05 10 20 09 40.92 112.55 108.30 93.95 0.00
2023 05 10 20 10 41.14 113.00 108.35 94.20 0.00
2023 05 10 20 11 41.37 113.46 108.39 94.44 0.00
2023 05 10 20 12 41.60 113.91 108.44 94.69 0.00
2023 05 10 20 13 41.82 114.37 108.49 94.93 0.00
2023 05 10 20 14 42.05 114.82 108.53 95.18 0.00
2023 05 10 20 15 42.28 115.27 108.58 95.42 0.00
2023 05 10 20 16 42.50 115.72 108.63 95.66 0.00
2023 05 10 20 17 42.73 116.17 108.68 95.90 0.00
2023 05 10 20 18 42.96 116.62 108.73 96.14 0.00
2023 05 10 20 19 43.18 117.07 108.78 96.38 0.00
2023 05 10 20 20 43.41 117.52 108.83 96.62 0.00
2023 05 10 20 21 43.64 117.97 108.88 96.86 0.00
2023 05 10 20 22 43.86 118.41 108.93 97.09 0.00
2023 05 10 20 23 44.09 118.86 108.98 97.33 0.00
2023 05 10 20 24 44.32 119.30 109.04 97.56 0.00
2023 05 10 20 25 44.55 119.75 109.09 97.79 0.00
2023 05 10 20 26 44.77 120.19 109.14 98.02 0.00
2023 05 10 20 27 45.00 120.63 109.20 98.25 0.00
2023 05 10 20 28 45.23 121.07 109.25 98.48 0.00
2023 05 10 20 29 45.45 121.52 109.31 98.71 0.00
2023 05 10 20 30 45.68 121.95 109.37 98.94 0.00
2023 05 10 20 31 45.91 122.39 109.42 99.16 0.00
2023 05 10 20 32 46.14 122.83 109.48 99.39 0.00
2023 05 10 20 33 46.36 123.27 109.54 99.61 0.00
2023 05 10 20 34 46.59 123.70 109.60 99.83 0.00
2023 05 10 20 35 46.82 124.13 109.66 100.06 0.00
2023 05 10 20 36 47.05 124.57 109.72 100.28 0.00
2023 05 10 20 37 47.27 125.00 109.78 100.50 0.00
2023 05 10 20 38 47.50 125.43 109.84 100.71 0.00
2023 05 10 20 39 47.73 125.86 109.90 100.93 0.00
2023 05 10 20 40 47.96 126.28 109.96 101.15 0.00
2023 05 10 20 41 48.18 126.71 110.02 101.36 0.00
2023 05 10 20 42 48.41 127.14 110.08 101.57 0.00
2023 05 10 20 43 48.64 127.56 110.15 101.79 0.00
2023 05 10 20 44 48.87 127.98 110.21 102.00 0.00
2023 05 10 20 45 49.09 128.40 110.27 102.21 0.00
2023 05 10 20 46 49.32 128.82 110.34 102.42 0.00
2023 05 10 20 47 49.55 129.24 110.40 102.62 0.00
2023 05 10 20 48 49.78 129.66 110.47 102.83 0.00
2023 05 10 20 49 50.01 130.07 110.53 103.04 0.00
2023 05 10 20 50 50.23 130.49 110.60 103.24 0.00
2023 05 10 20 51 50.46 130.90 110.66 103.44 0.00
2023 05 10 20 52 50.69 131.31 110.73 103.64 0.00
2023 05 10 20 53 50.92 131.72 110.80 103.84 0.00
2023 05 10 20 54 51.15 132.13 110.86 104.04 0.00
2023 05 10 20 55 51.37 132.54 110.93 104.24 0.00
2023 05 10 20 56 51.60 132.94 111.00 104.44 0.00
2023 05 10 20 57 51.83 133.35 111.07 104.64 0.00
2023 05 10 20 58 52.06 133.75 111.14 104.83 51.97
2023 05 10 20 59 52.29 134.15 111.21 105.02 52.02
2023 05 10 21 00 52.52 134.55 111.27 105.22 52.06
2023 05 10 21 01 52.74 134.95 111.34 105.41 52.11
2023 05 10 21 02 52.97 135.34 111.41 105.60 52.16
2023 05 10 21 03 53.20 135.73 111.48 105.79 52.20
2023 05 10 21 04 53.43 136.13 111.55 105.97 52.25
2023 05 10 21 05 53.66 136.52 111.62 106.16 52.29
2023 05 10 21 06 53.89 136.91 111.70 106.35 52.34
2023 05 10 21 07 54.11 137.29 111.77 106.53 52.38
2023 05 10 21 08 54.34 137.68 111.84 106.71 52.43
2023 05 10 21 09 54.57 138.06 111.91 106.89 52.47
2023 05 10 21 10 54.80 138.45 111.98 107.07 52.51
2023 05 10 21 11 55.03 138.83 112.05 107.25 52.56
2023 05 10 21 12 55.26 139.21 112.13 107.43 52.60
2023 05 10 21 13 55.49 139.58 112.20 107.61 52.65
2023 05 10 21 14 55.71 139.96 112.27 107.78 52.69
2023 05 10 21 15 55.94 140.33 112.34 107.96 52.73
2023 05 10 21 16 56.17 140.70 112.42 108.13 52.78
2023 05 10 21 17 56.40 141.07 112.49 108.30 52.82
2023 05 10 21 18 56.63 141.44 112.56 108.47 52.86
2023 05 10 21 19 56.86 141.80 112.64 108.64 52.91
2023 05 10 21 20 57.09 142.17 112.71 108.81 52.95
2023 05 10 21 21 57.32 142.53 112.78 108.98 52.99
2023 05 10 21 22 57.55 142.89 112.86 109.14 53.04
2023 05 10 21 23 57.77 143.25 112.93 109.31 53.08
2023 05 10 21 24 58.00 143.60 113.00 109.47 53.12
2023 05 10 21 25 58.23 143.96 113.08 109.63 53.16
2023 05 10 21 26 58.46 144.31 113.15 109.79 53.20
2023 05 10 21 27 58.69 144.66 113.23 109.95 53.25
2023 05 10 21 28 58.92 145.01 113.30 110.11 53.29
2023 05 10 21 29 59.15 145.35 113.38 110.27 53.33
2023 05 10 21 30 59.38 145.70 113.45 110.42 53.37
2023 05 10 21 31 59.61 146.04 113.52 110.58 53.41
2023 05 10 21 32 59.84 146.38 113.60 110.73 53.45
2023 05 10 21 33 60.06 146.72 113.67 110.88 53.49
2023 05 10 21 34 60.29 147.06 113.75 111.03 53.54
2023 05 10 21 35 60.52 147.39 113.82 111.18 53.58
2023 05 10 21 36 60.75 147.72 113.90 111.33 53.62
2023 05 10 21 37 60.98 148.05 113.97 111.48 53.66
2023 05 10 21 38 61.21 148.38 114.05 111.62 53.70
2023 05 10 21 39 61.44 148.70 114.12 111.77 53.74
2023 05 10 21 40 61.67 149.03 114.19 111.91 53.78
2023 05 10 21 41 61.90 149.35 114.27 112.05 53.82
2023 05 10 21 42 62.13 149.67 114.34 112.19 53.86
2023 05 10 21 43 62.36 149.98 114.42 112.33 53.90
2023 05 10 21 44 62.59 150.30 114.49 112.47 53.94
2023 05 10 21 45 62.82 150.61 114.57 112.60 53.98
2023 05 10 21 46 63.05 150.92 114.64 112.74 54.02
2023 05 10 21 47 63.28 151.23 114.71 112.87 54.06
2023 05 10 21 48 63.51 151.54 114.79 113.01 54.10
2023 05 10 21 49 63.74 151.84 114.86 113.14 54.13
2023 05 10 21 50 63.96 152.14 114.93 113.27 54.17
2023 05 10 21 51 64.19 152.44 115.01 113.40 54.21
2023 05 10 21 52 64.42 152.74 115.08 113.53 54.25
2023 05 10 21 53 64.65 153.03 115.15 113.65 54.29
2023 05 10 21 54 64.88 153.32 115.23 113.78 54.33
2023 05 10 21 55 65.11 153.62 115.30 113.90 54.37
2023 05 10 21 56 65.34 153.90 115.37 114.03 54.41
2023 05 10 21 57 65.57 154.19 115.44 114.15 54.44
2023 05 10 21 58 65.80 154.47 115.52 114.27 54.48
2023 05 10 21 59 66.03 154.75 115.59 114.39 54.52
2023 05 10 22 00 66.26 155.03 115.66 114.51 54.56
2023 05 10 22 01 66.49 155.31 115.73 114.62 54.60
2023 05 10 22 02 66.72 155.58 115.80 114.74 54.63
2023 05 10 22 03 66.95 155.85 115.87 114.85 54.67
2023 05 10 22 04 67.18 156.12 115.94 114.97 54.71
2023 05 10 22 05 67.41 156.39 116.01 115.08 54.75
2023 05 10 22 06 67.64 156.65 116.08 115.19 54.78
2023 05 10 22 07 67.87 156.92 116.15 115.30 54.82
2023 05 10 22 08 68.10 157.18 116.22 115.41 54.86
2023 05 10 22 09 68.33 157.43 116.29 115.51 54.90
2023 05 10 22 10 68.56 157.69 116.36 115.62 54.93
2023 05 10 22 11 68.79 157.94 116.43 115.72 54.97
2023 05 10 22 12 69.02 158.19 116.50 115.82 55.01
2023 05 10 22 13 69.25 158.44 116.57 115.93 55.05
2023 05 10 22 14 69.48 158.68 116.63 116.03 55.08
2023 05 10 22 15 69.71 158.93 116.70 116.13 55.12
2023 05 10 22 16 69.94 159.17 116.77 116.22 55.16
2023 05 10 22 17 70.17 159.40 116.83 116.32 55.19
2023 05 10 22 18 70.40 159.64 116.90 116.42 55.23
2023 05 10 22 19 70.63 159.87 116.97 116.51 55.27
2023 05 10 22 20 70.86 160.10 117.03 116.60 55.30
2023 05 10 22 21 71.09 160.33 117.10 116.70 55.34
2023 05 10 22 22 71.32 160.56 117.16 116.79 55.38
2023 05 10 22 23 71.55 160.78 117.23 116.88 55.41
2023 05 10 22 24 71.78 161.00 117.29 116.96 55.45
2023 05 10 22 25 72.01 161.22 117.35 117.05 55.49
2023 05 10 22 26 72.24 161.43 117.42 117.14 55.52
2023 05 10 22 27 72.47 161.65 117.48 117.22 55.56
2023 05 10 22 28 72.70 161.86 117.54 117.30 55.59
2023 05 10 22 29 72.93 162.06 117.60 117.39 55.63
2023 05 10 22 30 73.16 162.27 117.66 117.47 55.67
2023 05 10 22 31 73.39 162.47 117.72 117.55 55.70
2023 05 10 22 32 73.62 162.67 117.78 117.62 55.74
2023 05 10 22 33 73.85 162.87 117.84 117.70 55.78
2023 05 10 22 34 74.08 163.06 117.90 117.78 55.81
2023 05 10 22 35 74.31 163.26 117.96 117.85 55.85
2023 05 10 22 36 74.54 163.45 118.02 117.93 55.89
2023 05 10 22 37 74.77 163.63 118.07 118.00 55.92
2023 05 10 22 38 75.00 163.82 118.13 118.07 55.96
2023 05 10 22 39 75.23 164.00 118.19 118.14 56.00
2023 05 10 22 40 75.46 164.18 118.24 118.21 56.03
2023 05 10 22 41 75.69 164.36 118.30 118.28 56.07
2023 05 10 22 42 75.92 164.53 118.35 118.34 56.11
2023 05 10 22 43 76.15 164.70 118.41 118.41 56.14
2023 05 10 22 44 76.38 164.87 118.46 118.47 56.18
2023 05 10 22 45 76.61 165.04 118.51 118.53 56.22
2023 05 10 22 46 76.84 165.20 118.57 118.59 56.26
2023 05 10 22 47 77.07 165.36 118.62 118.65 56.29
2023 05 10 22 48 77.31 165.52 118.67 118.71 56.33
2023 05 10 22 49 77.54 165.68 118.72 118.77 56.37
2023 05 10 22 50 77.77 165.83 118.77 118.83 56.41
2023 05 10 22 51 78.00 165.98 118.82 118.88 56.45
2023 05 10 22 52 78.23 166.13 118.87 118.94 56.49
2023 05 10 22 53 78.46 166.27 118.92 118.99 56.53
2023 05 10 22 54 78.69 166.42 118.96 119.04 56.57
2023 05 10 22 55 78.92 166.56 119.01 119.09 56.61
2023 05 10 22 56 79.15 166.69 119.06 119.14 56.65
2023 05 10 22 57 79.38 166.83 119.10 119.19 56.69
2023 05 10 22 58 79.61 166.96 119.14 119.24 56.73
2023 05 10 22 59 79.84 167.09 119.19 119.29 56.77
2023 05 10 23 00 80.07 167.21 119.23 119.33 56.81
2023 05 10 23 01 80.30 167.34 119.27 119.38 56.86
2023 05 10 23 02 80.53 167.46 119.32 119.42 56.90
2023 05 10 23 03 80.76 167.58 119.36 119.46 56.94
2023 05 10 23 04 80.99 167.69 119.40 119.50 56.99
2023 05 10 23 05 81.22 167.81 119.44 119.54 57.03
2023 05 10 23 06 81.45 167.92 119.48 119.58 57.08
2023 05 10 23 07 81.68 168.02 119.51 119.62 57.13
2023 05 10 23 08 81.91 168.13 119.55 119.65 57.18
2023 05 10 23 09 82.14 168.23 119.59 119.69 57.23
2023 05 10 23 10 82.37 168.33 119.62 119.72 57.28
2023 05 10 23 11 82.60 168.43 119.66 119.75 57.33
2023 05 10 23 12 82.83 168.52 119.69 119.78 57.39
2023 05 10 23 13 83.06 168.61 119.73 119.82 57.45
2023 05 10 23 14 83.29 168.70 119.76 119.84 57.51
2023 05 10 23 15 83.52 168.79 119.79 119.87 57.57
2023 05 10 23 16 83.75 168.87 119.82 119.90 57.63
2023 05 10 23 17 83.98 168.95 119.85 119.93 57.70
2023 05 10 23 18 84.21 169.03 119.88 119.95 57.77
2023 05 10 23 19 84.44 169.10 119.91 119.98 57.85
2023 05 10 23 20 84.67 169.17 119.94 120.00 57.93
2023 05 10 23 21 84.90 169.24 119.96 120.02 58.01
2023 05 10 23 22 85.13 169.31 119.99 120.04 58.10
2023 05 10 23 23 85.36 169.37 120.01 120.06 58.20
2023 05 10 23 24 85.59 169.43 120.04 120.08 58.31
2023 05 10 23 25 85.82 169.49 120.06 120.10 58.43
2023 05 10 23 26 86.04 169.55 120.09 120.11 58.56
2023 05 10 23 27 86.27 169.60 120.11 120.13 58.70
2023 05 10 23 28 86.50 169.65 120.13 120.14 58.86
2023 05 10 23 29 86.73 169.70 120.15 120.16 59.05
2023 05 10 23 30 86.96 169.74 120.17 120.17 59.26
2023 05 10 23 31 87.18 169.79 120.18 120.18 59.51
2023 05 10 23 32 87.41 169.82 120.20 120.19 59.80
2023 05 10 23 33 87.64 169.86 120.22 120.20 60.16
2023 05 10 23 34 87.86 169.89 120.23 120.21 60.60
2023 05 10 23 35 88.08 169.92 120.25 120.21 61.16
2023 05 10 23 36 88.30 169.95 120.26 120.22 61.90
2023 05 10 23 37 88.52 169.98 120.27 120.23 62.91
2023 05 10 23 38 88.74 170.00 120.29 120.23 64.33
2023 05 10 23 39 88.94 170.02 120.30 120.23 66.48
2023 05 10 23 40 89.13 170.04 120.31 120.24 69.89
2023 05 10 23 41 89.30 170.05 120.31 120.24 75.62
2023 05 10 23 42 89.43 170.06 120.32 120.24 85.17
2023 05 10 23 43 89.48 170.07 120.33 120.24 98.43
2023 05 10 23 44 89.43 170.08 120.34 120.23 110.59
2023 05 10 23 45 89.30 170.08 120.34 120.23 117.78
2023 05 10 23 46 89.13 170.08 120.34 120.23 121.16
2023 05 10 23 47 88.94 170.08 120.35 120.22 122.67
2023 05 10 23 48 88.73 170.07 120.35 120.22 123.35
2023 05 10 23 49 88.52 170.06 120.35 120.21 123.64
2023 05 10 23 50 88.30 170.05 120.35 120.20 123.75
2023 05 10 23 51 88.08 170.04 120.35 120.20 123.77
2023 05 10 23 52 87.86 170.02 120.35 120.19 123.75
2023 05 10 23 53 87.63 170.00 120.34 120.18 123.70
2023 05 10 23 54 87.41 169.98 120.34 120.17 123.63
2023 05 10 23 55 87.18 169.96 120.33 120.15 123.57
2023 05 10 23 56 86.95 169.93 120.33 120.14 123.50
2023 05 10 23 57 86.73 169.90 120.32 120.13 123.43
2023 05 10 23 58 86.50 169.87 120.31 120.11 123.36
2023 05 10 23 59 86.27 169.83 120.30 120.10 123.30
2023 05 11 00 00 86.04 169.79 120.29 120.08 123.24
2023 05 11 00 01 85.81 169.75 120.28 120.06 123.18
2023 05 11 00 02 85.58 169.71 120.27 120.04 123.12
2023 05 11 00 03 85.35 169.66 120.26 120.02 123.06
2023 05 11 00 04 85.13 169.61 120.24 120.00 123.01
2023 05 11 00 05 84.90 169.56 120.22 119.98 122.96
2023 05 11 00 06 84.67 169.51 120.21 119.96 122.91
2023 05 11 00 07 84.44 169.45 120.19 119.94 122.86
2023 05 11 00 08 84.21 169.39 120.17 119.92 122.82
2023 05 11 00 09 83.98 169.32 120.15 119.89 122.77
2023 05 11 00 10 83.75 169.26 120.13 119.87 122.73
2023 05 11 00 11 83.52 169.19 120.11 119.84 122.69
2023 05 11 00 12 83.29 169.12 120.08 119.81 122.65
2023 05 11 00 13 83.06 169.04 120.06 119.79 122.61
2023 05 11 00 14 82.83 168.97 120.03 119.76 122.57
2023 05 11 00 15 82.60 168.89 120.01 119.73 122.53
2023 05 11 00 16 82.37 168.81 119.98 119.70 122.49
2023 05 11 00 17 82.14 168.72 119.95 119.67 122.46
2023 05 11 00 18 81.91 168.63 119.92 119.64 122.42
2023 05 11 00 19 81.68 168.54 119.89 119.61 122.39
2023 05 11 00 20 81.45 168.45 119.86 119.57 122.35
2023 05 11 00 21 81.22 168.35 119.82 119.54 122.32
2023 05 11 00 22 80.99 168.25 119.79 119.50 122.29
2023 05 11 00 23 80.76 168.15 119.75 119.47 122.26
2023 05 11 00 24 80.53 168.05 119.72 119.43 122.23
2023 05 11 00 25 80.30 167.94 119.68 119.40 122.19
2023 05 11 00 26 80.07 167.83 119.64 119.36 122.16
2023 05 11 00 27 79.84 167.72 119.60 119.32 122.13
2023 05 11 00 28 79.60 167.61 119.56 119.28 122.11
2023 05 11 00 29 79.37 167.49 119.52 119.24 122.08
2023 05 11 00 30 79.14 167.37 119.47 119.20 122.05
2023 05 11 00 31 78.91 167.24 119.43 119.16 122.02
2023 05 11 00 32 78.68 167.12 119.38 119.12 121.99
2023 05 11 00 33 78.45 166.99 119.33 119.08 121.96
2023 05 11 00 34 78.22 166.86 119.28 119.03 121.94
2023 05 11 00 35 77.99 166.73 119.23 118.99 121.91
2023 05 11 00 36 77.76 166.59 119.18 118.95 121.88
2023 05 11 00 37 77.53 166.45 119.13 118.90 121.86
2023 05 11 00 38 77.30 166.31 119.08 118.86 121.83
2023 05 11 00 39 77.07 166.16 119.02 118.81 121.81
2023 05 11 00 40 76.84 166.02 118.97 118.76 121.78
2023 05 11 00 41 76.61 165.87 118.91 118.72 121.76
2023 05 11 00 42 76.38 165.72 118.85 118.67 121.73
2023 05 11 00 43 76.15 165.56 118.79 118.62 121.71
2023 05 11 00 44 75.92 165.40 118.73 118.57 121.68
2023 05 11 00 45 75.69 165.24 118.67 118.52 121.66
2023 05 11 00 46 75.46 165.08 118.61 118.47 121.64
2023 05 11 00 47 75.23 164.91 118.54 118.42 121.61
2023 05 11 00 48 75.00 164.75 118.48 118.37 121.59
2023 05 11 00 49 74.77 164.58 118.41 118.31 121.57
2023 05 11 00 50 74.54 164.40 118.34 118.26 121.54
2023 05 11 00 51 74.31 164.23 118.28 118.21 121.52
2023 05 11 00 52 74.08 164.05 118.21 118.16 121.50
2023 05 11 00 53 73.85 163.87 118.13 118.10 121.48
2023 05 11 00 54 73.62 163.68 118.06 118.05 121.45
2023 05 11 00 55 73.39 163.50 117.99 117.99 121.43
2023 05 11 00 56 73.16 163.31 117.91 117.94 121.41
2023 05 11 00 57 72.93 163.12 117.84 117.88 121.39
2023 05 11 00 58 72.70 162.92 117.76 117.82 121.37
2023 05 11 00 59 72.47 162.73 117.68 117.76 121.34
2023 05 11 01 00 72.24 162.53 117.60 117.71 121.32
2023 05 11 01 01 72.01 162.33 117.52 117.65 121.30
2023 05 11 01 02 71.78 162.12 117.43 117.59 121.28
2023 05 11 01 03 71.55 161.92 117.35 117.53 121.26
2023 05 11 01 04 71.32 161.71 117.27 117.47 121.24
2023 05 11 01 05 71.09 161.49 117.18 117.41 121.22
2023 05 11 01 06 70.86 161.28 117.09 117.35 121.20
2023 05 11 01 07 70.63 161.06 117.00 117.29 121.18
2023 05 11 01 08 70.40 160.84 116.91 117.23 121.16
2023 05 11 01 09 70.17 160.62 116.82 117.17 121.14
2023 05 11 01 10 69.94 160.40 116.73 117.11 121.12
2023 05 11 01 11 69.71 160.17 116.63 117.04 121.10
2023 05 11 01 12 69.48 159.94 116.54 116.98 121.08
2023 05 11 01 13 69.25 159.71 116.44 116.92 121.06
2023 05 11 01 14 69.02 159.48 116.35 116.85 121.04
2023 05 11 01 15 68.79 159.24 116.25 116.79 121.02
2023 05 11 01 16 68.56 159.00 116.15 116.72 121.00
2023 05 11 01 17 68.33 158.76 116.04 116.66 120.98
2023 05 11 01 18 68.10 158.52 115.94 116.60 120.96
2023 05 11 01 19 67.87 158.27 115.84 116.53 120.94
2023 05 11 01 20 67.64 158.02 115.73 116.46 120.92
2023 05 11 01 21 67.41 157.77 115.63 116.40 120.90
2023 05 11 01 22 67.18 157.52 115.52 116.33 120.88
2023 05 11 01 23 66.95 157.26 115.41 116.27 120.86
2023 05 11 01 24 66.72 157.00 115.30 116.20 120.84
2023 05 11 01 25 66.49 156.74 115.19 116.13 120.83
2023 05 11 01 26 66.26 156.48 115.07 116.06 120.81
2023 05 11 01 27 66.03 156.21 114.96 116.00 120.79
2023 05 11 01 28 65.80 155.95 114.84 115.93 120.77
2023 05 11 01 29 65.57 155.68 114.73 115.86 120.75
2023 05 11 01 30 65.34 155.40 114.61 115.79 120.73
2023 05 11 01 31 65.11 155.13 114.49 115.72 120.71
2023 05 11 01 32 64.88 154.85 114.37 115.66 120.70
2023 05 11 01 33 64.65 154.57 114.25 115.59 120.68
2023 05 11 01 34 64.42 154.29 114.12 115.52 120.66
2023 05 11 01 35 64.19 154.01 114.00 115.45 120.64
2023 05 11 01 36 63.96 153.72 113.87 115.38 120.62
2023 05 11 01 37 63.73 153.43 113.75 115.31 120.61
2023 05 11 01 38 63.50 153.14 113.62 115.24 120.59
2023 05 11 01 39 63.27 152.85 113.49 115.17 120.57
2023 05 11 01 40 63.04 152.56 113.36 115.10 120.55
2023 05 11 01 41 62.81 152.26 113.22 115.03 120.53
2023 05 11 01 42 62.58 151.96 113.09 114.96 120.52
2023 05 11 01 43 62.36 151.66 112.96 114.89 120.50
2023 05 11 01 44 62.13 151.35 112.82 114.82 120.48
2023 05 11 01 45 61.90 151.05 112.68 114.75 120.46
2023 05 11 01 46 61.67 150.74 112.54 114.68 120.44
2023 05 11 01 47 61.44 150.43 112.40 114.61 120.43
2023 05 11 01 48 61.21 150.11 112.26 114.54 120.41
2023 05 11 01 49 60.98 149.80 112.12 114.46 120.39
2023 05 11 01 50 60.75 149.48 111.98 114.39 120.37
2023 05 11 01 51 60.52 149.16 111.83 114.32 120.36
2023 05 11 01 52 60.29 148.84 111.69 114.25 120.34
2023 05 11 01 53 60.06 148.52 111.54 114.18 120.32
2023 05 11 01 54 59.83 148.19 111.39 114.11 120.30
2023 05 11 01 55 59.60 147.87 111.24 114.04 120.29
2023 05 11 01 56 59.37 147.54 111.09 113.97 120.27
2023 05 11 01 57 59.15 147.20 110.93 113.90 120.25
2023 05 11 01 58 58.92 146.87 110.78 113.82 120.23
2023 05 11 01 59 58.69 146.54 110.63 113.75 120.21
2023 05 11 02 00 58.46 146.20 110.47 113.68 120.20
2023 05 11 02 01 58.23 145.86 110.31 113.61 120.18
2023 05 11 02 02 58.00 145.52 110.15 113.54 120.16
2023 05 11 02 03 57.77 145.17 109.99 113.47 120.14
2023 05 11 02 04 57.54 144.83 109.83 113.40 120.13
2023 05 11 02 05 57.31 144.48 109.67 113.33 120.11
2023 05 11 02 06 57.08 144.13 109.50 113.26 120.09
2023 05 11 02 07 56.86 143.78 109.34 113.19 120.07
2023 05 11 02 08 56.63 143.42 109.17 113.12 120.05
2023 05 11 02 09 56.40 143.07 109.00 113.05 120.04
2023 05 11 02 10 56.17 142.71 108.83 112.98 120.02
2023 05 11 02 11 55.94 142.35 108.66 112.91 120.00
2023 05 11 02 12 55.71 141.99 108.49 112.84 119.98
2023 05 11 02 13 55.48 141.63 108.32 112.77 119.96
2023 05 11 02 14 55.25 141.26 108.14 112.70 119.94
2023 05 11 02 15 55.03 140.90 107.97 112.63 119.92
2023 05 11 02 16 54.80 140.53 107.79 112.56 119.91
2023 05 11 02 17 54.57 140.16 107.61 112.49 119.89
2023 05 11 02 18 54.34 139.79 107.44 112.42 119.87
2023 05 11 02 19 54.11 139.41 107.26 112.35 119.85
2023 05 11 02 20 53.88 139.04 107.07 112.28 119.83
2023 05 11 02 21 53.65 138.66 106.89 112.21 119.81
2023 05 11 02 22 53.43 138.28 106.71 112.14 119.79
2023 05 11 02 23 53.20 137.90 106.52 112.08 119.77
2023 05 11 02 24 52.97 137.52 106.33 112.01 119.75
2023 05 11 02 25 52.74 137.13 106.15 111.94 119.73
2023 05 11 02 26 52.51 136.75 105.96 111.87 119.71
2023 05 11 02 27 52.28 136.36 105.77 111.81 119.69
2023 05 11 02 28 52.06 135.97 105.58 111.74 119.67
2023 05 11 02 29 51.83 135.58 105.38 111.67 119.65
2023 05 11 02 30 51.60 135.19 105.19 111.61 119.63
2023 05 11 02 31 51.37 134.79 104.99 111.54 119.61
2023 05 11 02 32 51.14 134.40 104.80 111.48 119.59
2023 05 11 02 33 50.91 134.00 104.60 111.41 119.57
2023 05 11 02 34 50.69 133.60 104.40 111.35 119.54
2023 05 11 02 35 50.46 133.20 104.20 111.28 119.52
2023 05 11 02 36 50.23 132.80 104.00 111.22 119.50
2023 05 11 02 37 50.00 132.40 103.80 111.15 119.48
2023 05 11 02 38 49.77 131.99 103.59 111.09 119.45
2023 05 11 02 39 49.55 131.59 103.39 111.03 119.43
2023 05 11 02 40 49.32 131.18 103.18 110.96 119.40
2023 05 11 02 41 49.09 130.77 102.97 110.90 119.38
2023 05 11 02 42 48.86 130.36 102.76 110.84 119.36
2023 05 11 02 43 48.64 129.95 102.56 110.78 119.33
2023 05 11 02 44 48.41 129.54 102.34 110.71 119.30
2023 05 11 02 45 48.18 129.12 102.13 110.65 119.28
2023 05 11 02 46 47.95 128.71 101.92 110.59 119.25
2023 05 11 02 47 47.73 128.29 101.70 110.53 119.22
2023 05 11 02 48 47.50 127.87 101.49 110.47 119.20
2023 05 11 02 49 47.27 127.45 101.27 110.41 119.17
2023 05 11 02 50 47.04 127.03 101.05 110.36 119.14
2023 05 11 02 51 46.82 126.61 100.83 110.30 119.11
2023 05 11 02 52 46.59 126.19 100.61 110.24 119.08
2023 05 11 02 53 46.36 125.76 100.39 110.18 119.05
2023 05 11 02 54 46.13 125.34 100.17 110.12 119.02
2023 05 11 02 55 45.91 124.91 99.95 110.07 118.98
2023 05 11 02 56 45.68 124.48 99.72 110.01 118.95
2023 05 11 02 57 45.45 124.05 99.50 109.96 118.91
2023 05 11 02 58 45.22 123.62 99.27 109.90 118.88
2023 05 11 02 59 45.00 123.19 99.04 109.85 118.84
2023 05 11 03 00 44.77 122.76 98.81 109.79 118.80
2023 05 11 03 01 44.54 122.33 98.58 109.74 118.76
2023 05 11 03 02 44.32 121.89 98.35 109.69 118.72
2023 05 11 03 03 44.09 121.46 98.12 109.63 118.68
2023 05 11 03 04 43.86 121.02 97.88 109.58 118.64
2023 05 11 03 05 43.63 120.58 97.65 109.53 118.59
2023 05 11 03 06 43.41 120.15 97.41 109.48 118.55
2023 05 11 03 07 43.18 119.71 97.17 109.43 118.50
2023 05 11 03 08 42.95 119.27 96.94 109.38 118.45
2023 05 11 03 09 42.73 118.83 96.70 109.33 118.40
2023 05 11 03 10 42.50 118.39 96.46 109.28 118.34
2023 05 11 03 11 42.27 117.94 96.21 109.24 118.28
2023 05 11 03 12 42.05 117.50 95.97 109.19 118.22
2023 05 11 03 13 41.82 117.06 95.73 109.14 118.16
2023 05 11 03 14 41.59 116.61 95.48 109.09 118.10
2023 05 11 03 15 41.37 116.17 95.24 109.05 118.03
2023 05 11 03 16 41.14 115.72 94.99 109.00 117.96
2023 05 11 03 17 40.92 115.28 94.74 108.96 117.88
2023 05 11 03 18 40.69 114.83 94.49 108.92 117.80
2023 05 11 03 19 40.46 114.38 94.24 108.87 117.72
2023 05 11 03 20 40.24 113.93 93.99 108.83 117.63
2023 05 11 03 21 40.01 113.49 93.74 108.79 117.54
2023 05 11 03 22 39.78 113.04 93.49 108.75 117.44
2023 05 11 03 23 39.56 112.59 93.23 108.71 117.33
2023 05 11 03 24 39.33 112.14 92.98 108.67 117.22
2023 05 11 03 25 39.11 111.69 92.72 108.63 117.10
2023 05 11 03 26 38.88 111.24 92.46 108.59 116.97
2023 05 11 03 27 38.65 110.79 92.20 108.55 116.83
2023 05 11 03 28 38.43 110.34 91.95 108.52 116.69
2023 05 11 03 29 38.20 109.89 91.68 108.48 116.53
2023 05 11 03 30 37.98 109.43 91.42 108.44 116.36
2023 05 11 03 31 37.75 108.98 91.16 108.41 116.17
2023 05 11 03 32 37.53 108.53 90.90 108.37 115.97
2023 05 11 03 33 37.30 108.08 90.63 108.34 115.75
2023 05 11 03 34 37.07 107.63 90.37 108.31 115.51
2023 05 11 03 35 36.85 107.17 90.10 108.28 115.25
2023 05 11 03 36 36.62 106.72 89.84 108.24 114.97
2023 05 11 03 37 36.40 106.27 89.57 108.21 114.65
2023 05 11 03 38 36.17 105.82 89.30 108.18 114.30
2023 05 11 03 39 35.95 105.36 89.03 108.15 113.91
2023 05 11 03 40 35.72 104.91 88.76 108.13 113.48
2023 05 11 03 41 35.50 104.46 88.49 108.10 112.99
2023 05 11 03 42 35.27 104.01 88.21 108.07 112.44
2023 05 11 03 43 35.05 103.56 87.94 108.04 111.82
2023 05 11 03 44 34.82 103.11 87.67 108.02 111.12
2023 05 11 03 45 34.60 102.65 87.39 107.99 110.31
2023 05 11 03 46 34.37 102.20 87.11 107.97 109.39
2023 05 11 03 47 34.15 101.75 86.84 107.95 108.33
2023 05 11 03 48 33.92 101.30 86.56 107.92 107.09
2023 05 11 03 49 33.70 100.85 86.28 107.90 105.67
2023 05 11 03 50 33.47 100.40 86.00 107.88 104.00
2023 05 11 03 51 33.25 99.96 85.72 107.86 102.08
2023 05 11 03 52 33.02 99.51 85.44 107.84 99.84
2023 05 11 03 53 32.80 99.06 85.16 107.82 97.28
2023 05 11 03 54 32.58 98.61 84.87 107.80 94.37
2023 05 11 03 55 32.35 98.17 84.59 107.79 91.14
2023 05 11 03 56 32.13 97.72 84.31 107.77 87.65
2023 05 11 03 57 31.90 97.28 84.02 107.75 83.99
2023 05 11 03 58 31.68 96.84 83.73 107.74 80.32
2023 05 11 03 59 31.45 96.39 83.45 107.72 76.79
2023 05 11 04 00 31.23 95.95 83.16 107.71 73.54
2023 05 11 04 01 31.01 95.51 82.87 107.70 70.66
2023 05 11 04 02 30.78 95.07 82.58 107.69 68.19
2023 05 11 04 03 30.56 94.63 82.29 107.68 66.14
2023 05 11 04 04 30.33 94.19 82.00 107.67 64.46
2023 05 11 04 05 30.11 93.76 81.71 107.66 63.11
2023 05 11 04 06 29.89 93.32 81.42 107.65 62.03
2023 05 11 04 07 29.66 92.89 81.12 107.64 61.18
2023 05 11 04 08 29.44 92.45 80.83 107.63 60.50
2023 05 11 04 09 29.22 92.02 80.54 107.63 59.96
2023 05 11 04 10 28.99 91.59 80.24 107.62 59.54
2023 05 11 04 11 28.77 91.16 79.95 107.62 59.21
2023 05 11 04 12 28.55 90.74 79.65 107.61 58.94
2023 05 11 04 13 28.32 90.31 79.35 107.61 58.73
2023 05 11 04 14 28.10 89.89 79.05 107.61 58.57
2023 05 11 04 15 27.88 89.47 78.76 107.61 58.44
2023 05 11 04 16 27.65 89.05 78.46 107.61 58.33
2023 05 11 04 17 27.43 88.63 78.16 107.61 58.25
2023 05 11 04 18 27.21 88.21 77.86 107.61 58.19
2023 05 11 04 19 26.99 87.80 77.56 107.61 58.14
2023 05 11 04 20 26.76 87.38 77.26 107.61 58.11
2023 05 11 04 21 26.54 86.97 76.95 107.61 58.08
2023 05 11 04 22 26.32 86.56 76.65 107.62 58.06
2023 05 11 04 23 26.09 86.16 76.35 107.62 58.05
2023 05 11 04 24 25.87 85.75 76.04 107.63 58.04
2023 05 11 04 25 25.65 85.35 75.74 107.64 58.03
2023 05 11 04 26 25.43 84.95 75.44 107.64 58.03
2023 05 11 04 27 25.21 84.56 75.13 107.65 58.04
2023 05 11 04 28 24.98 84.16 74.82 107.66 58.04
2023 05 11 04 29 24.76 83.77 74.52 107.67 58.05
2023 05 11 04 30 24.54 83.38 74.21 107.68 58.05
2023 05 11 04 31 24.32 82.99 73.90 107.69 58.06
2023 05 11 04 32 24.10 82.61 73.60 107.70 58.07
2023 05 11 04 33 23.87 82.23 73.29 107.72 58.08
2023 05 11 04 34 23.65 81.85 72.98 107.73 58.09
2023 05 11 04 35 23.43 81.47 72.67 107.75 58.10
2023 05 11 04 36 23.21 81.10 72.36 107.76 58.11
2023 05 11 04 37 22.99 0.00 0.00 0.00 0.00
2023 05 11 04 38 22.77 0.00 0.00 0.00 0.00
2023 05 11 04 39 22.54 0.00 0.00 0.00 0.00
2023 05 11 04 40 22.32 0.00 0.00 0.00 0.00
2023 05 11 04 41 22.10 0.00 0.00 0.00 0.00
2023 05 11 04 42 21.88 0.00 0.00 0.00 0.00
2023 05 11 04 43 21.66 0.00 0.00 0.00 0.00
2023 05 11 04 44 21.44 0.00 0.00 0.00 0.00
2023 05 11 04 45 21.22 0.00 0.00 0.00 0.00
2023 05 11 04 46 21.00 0.00 0.00 0.00 0.00
2023 05 11 04 47 20.78 0.00 0.00 0.00 0.00
2023 05 11 04 48 20.56 0.00 0.00 0.00 0.00
2023 05 11 04 49 20.34 0.00 0.00 0.00 0.00
2023 05 11 04 50 20.12 0.00 0.00 0.00 0.00
2023 05 11 04 51 19.90 0.00 0.00 0.00 0.00
2023 05 11 04 52 19.68 0.00 0.00 0.00 0.00
2023 05 11 04 53 19.46 0.00 0.00 0.00 0.00
2023 05 11 04 54 19.24 0.00 0.00 0.00 0.00
2023 05 11 04 55 19.02 0.00 0.00 0.00 0.00
2023 05 11 04 56 18.80 0.00 0.00 0.00 0.00
2023 05 11 04 57 18.58 0.00 0.00 0.00 0.00
2023 05 11 04 58 18.36 0.00 0.00 0.00 0.00
2023 05 11 04 59 18.14 0.00 0.00 0.00 0.00
