17 17 65.75 115.48 417.71 0.92
17 18 65.74 115.55 417.70 0.92
17 19 65.73 115.62 417.68 0.92
17 20 65.71 115.69 417.66 0.92
17 21 65.69 115.76 417.64 0.92
17 22 65.67 115.83 417.62 0.92
17 23 65.65 115.90 417.60 0.92
17 24 65.63 115.97 417.57 0.92
17 25 65.61 116.03 417.55 0.92
17 26 65.58 116.10 417.52 0.92
17 27 65.55 116.16 417.49 0.92
17 28 65.52 116.23 417.45 0.92
17 29 65.49 116.29 417.42 0.92
17 30 65.46 116.36 417.38 0.92
17 31 65.43 116.42 417.35 0.92
17 32 65.39 116.48 417.31 0.92
17 33 65.35 116.54 417.27 0.92
17 34 65.32 116.60 417.22 0.92
17 35 65.28 116.66 417.18 0.92
17 36 65.23 116.72 417.13 0.92
17 37 65.19 116.78 417.08 0.92
17 38 65.15 116.84 417.03 0.92
17 39 65.10 116.89 416.98 0.92
17 40 65.05 116.95 416.93 0.92
17 41 65.00 117.01 416.87 0.92
17 42 64.95 117.06 416.85 0.92
17 43 64.90 117.12 416.82 0.92
17 44 64.84 117.17 416.79 0.92
17 45 64.79 117.22 416.76 0.92
17 46 64.73 117.28 416.72 0.92
17 47 64.67 117.33 416.69 0.92
17 48 64.61 117.38 416.66 0.92
17 49 64.55 117.43 416.63 0.92
17 50 64.49 117.48 416.59 0.92
17 51 64.43 117.53 416.55 0.92
17 52 64.36 117.58 416.52 0.92
17 53 64.30 117.63 416.48 0.92
17 54 64.23 117.68 416.44 0.92
17 55 64.16 117.72 416.41 0.92
17 56 64.09 117.77 416.37 0.92
17 57 64.01 117.82 416.33 0.92
17 58 63.94 117.86 416.25 0.92
17 59 63.87 117.91 416.17 0.92
18 00 63.79 117.95 416.08 0.92
18 01 63.71 118.00 416.00 0.92
18 02 63.63 118.04 415.91 0.92
18 03 63.55 118.08 415.82 0.92
18 04 63.47 118.12 415.73 0.92
18 05 63.39 118.16 415.64 0.92
18 06 63.31 118.21 415.55 0.92
18 07 63.22 118.25 415.45 0.92
18 08 63.14 118.29 415.36 0.92
18 09 63.05 118.33 415.26 0.92
18 10 62.96 118.36 415.16 0.92
18 11 62.87 118.40 415.06 0.92
18 12 62.78 118.44 414.96 0.92
18 13 62.69 118.48 414.86 0.92
18 14 62.59 118.52 414.76 0.92
18 15 62.50 118.55 414.65 0.92
18 16 62.40 118.59 414.55 0.92
18 17 62.31 118.62 414.44 0.92
18 18 62.21 118.66 414.33 0.92
18 19 62.11 118.69 414.22 0.92
18 20 62.01 118.72 414.11 0.92
18 21 61.91 118.76 414.00 0.92
18 22 61.81 118.79 413.89 0.92
18 23 61.71 118.82 413.77 0.92
18 24 61.60 118.85 413.66 0.92
18 25 61.50 118.89 413.54 0.92
18 26 61.39 118.92 413.42 0.92
18 27 61.28 118.95 413.30 0.92
18 28 61.18 118.98 413.18 0.92
18 29 61.07 119.01 413.06 0.92
18 30 60.96 119.04 412.94 0.92
18 31 60.85 119.06 412.82 0.92
18 32 60.74 119.09 412.69 0.92
18 33 60.62 119.12 412.57 0.92
18 34 60.51 119.15 412.44 0.92
18 35 60.40 119.17 412.32 0.92
18 36 60.28 119.20 412.19 0.92
18 37 60.16 119.23 412.06 0.92
18 38 60.05 119.25 411.93 0.92
18 39 59.93 119.28 411.76 0.92
18 40 59.81 119.30 411.56 0.92
18 41 59.69 119.32 411.36 0.92
18 42 59.57 119.35 411.16 0.92
18 43 59.45 119.37 410.96 0.92
18 44 59.33 119.39 410.76 0.92
18 45 59.21 119.42 410.56 0.92
18 46 59.08 119.44 410.35 0.92
18 47 58.96 119.46 410.17 0.92
18 48 58.83 119.48 410.03 0.92
18 49 58.71 119.50 409.89 0.92
18 50 58.58 119.52 409.75 0.92
18 51 58.45 119.54 409.61 0.92
18 52 58.33 119.56 409.46 0.92
18 53 58.20 119.58 409.32 0.92
18 54 58.07 119.60 409.18 0.92
18 55 57.94 119.62 409.00 0.92
18 56 57.81 119.64 408.78 0.92
18 57 57.68 119.66 408.56 0.92
18 58 57.55 119.67 408.34 0.92
18 59 57.41 119.69 408.12 0.92
19 00 57.28 119.71 407.90 0.92
19 01 57.15 119.72 407.68 0.92
19 02 57.01 119.74 407.46 0.92
19 03 56.88 119.75 407.30 0.92
19 04 56.74 119.77 407.15 0.92
19 05 56.60 119.79 407.00 0.92
19 06 56.47 119.80 406.85 0.92
19 07 56.33 119.81 406.69 0.92
19 08 56.19 119.83 406.54 0.92
19 09 56.05 119.84 406.39 0.92
19 10 55.91 119.86 406.18 0.92
19 11 55.77 119.87 405.95 0.92
19 12 55.63 119.88 405.72 0.92
19 13 55.49 119.89 405.48 0.92
19 14 55.35 119.91 405.25 0.92
19 15 55.21 119.92 405.01 0.92
19 16 55.07 119.93 404.77 0.92
19 17 54.93 119.94 404.54 0.92
19 18 54.78 119.95 404.30 0.92
19 19 54.64 119.96 404.06 0.92
19 20 54.49 119.97 403.82 0.92
19 21 54.35 119.98 403.58 0.92
19 22 54.20 119.99 403.34 0.92
19 23 54.06 120.00 403.09 0.92
19 24 53.91 120.01 402.85 0.92
19 25 53.77 120.02 402.61 0.92
19 26 53.62 120.03 402.36 0.92
19 27 53.47 120.04 402.11 0.92
19 28 53.32 120.05 401.87 0.92
19 29 53.17 120.06 401.62 0.92
19 30 53.03 120.07 401.37 0.92
19 31 52.88 120.07 401.13 0.92
19 32 52.73 120.08 400.88 0.92
19 33 52.58 120.09 400.63 0.92
19 34 52.43 120.10 400.38 0.92
19 35 52.28 120.10 400.12 0.92
19 36 52.12 120.11 399.87 0.92
19 37 51.97 120.12 399.62 0.92
19 38 51.82 120.12 399.37 0.92
19 39 51.67 120.13 399.11 0.92
19 40 51.52 120.13 398.86 0.92
19 41 51.36 120.14 398.61 0.92
19 42 51.21 120.14 398.35 0.92
19 43 51.06 120.15 398.09 0.92
19 44 50.90 120.16 397.78 0.92
19 45 50.75 120.16 397.44 0.92
19 46 50.59 120.16 397.10 0.92
19 47 50.44 120.17 396.75 0.92
19 48 50.28 120.17 396.41 0.92
19 49 50.13 120.18 396.06 0.92
19 50 49.97 120.18 395.73 0.92
19 51 49.82 120.19 395.47 0.92
19 52 49.66 120.19 395.21 0.92
19 53 49.50 120.19 394.95 0.92
19 54 49.35 120.20 394.69 0.92
19 55 49.19 120.20 394.43 0.92
19 56 49.03 120.20 394.16 0.92
19 57 48.87 120.20 393.83 0.92
19 58 48.71 120.21 393.48 0.92
19 59 48.56 120.21 393.13 0.92
20 00 48.40 120.21 392.77 0.92
20 01 48.24 120.21 392.42 0.92
20 02 48.08 120.22 392.07 0.92
20 03 47.92 120.22 391.71 0.92
20 04 47.76 120.22 391.36 0.92
20 05 47.60 120.22 391.00 0.92
20 06 47.44 120.22 390.65 0.92
20 07 47.28 120.23 390.29 0.92
20 08 47.12 120.23 389.94 0.92
20 09 46.96 120.23 389.58 0.92
20 10 46.80 120.23 389.22 0.92
20 11 46.63 120.23 388.86 0.92
20 12 46.47 120.23 388.50 0.92
20 13 46.31 120.23 388.14 0.92
20 14 46.15 120.23 387.78 0.92
20 15 45.99 120.23 387.42 0.92
20 16 45.82 120.24 386.97 0.92
20 17 45.66 120.24 386.51 0.92
20 18 45.50 120.24 386.06 0.92
20 19 45.34 120.24 385.61 0.92
20 20 45.17 120.24 385.16 0.92
20 21 45.01 120.24 384.70 0.92
20 22 44.85 120.24 384.34 0.92
20 23 44.68 120.24 383.97 0.92
20 24 44.52 120.24 383.61 0.92
20 25 44.35 120.24 383.24 0.92
20 26 44.19 120.24 382.88 0.92
20 27 44.03 120.24 382.52 0.92
20 28 43.86 120.24 382.07 0.92
20 29 43.70 120.24 381.62 0.92
20 30 43.53 120.24 381.16 0.92
20 31 43.37 120.23 380.70 0.92
20 32 43.20 120.23 380.24 0.92
20 33 43.04 120.23 379.78 0.92
20 34 42.87 120.23 379.32 0.92
20 35 42.71 120.23 378.86 0.92
20 36 42.54 120.23 378.40 0.92
20 37 42.37 120.23 377.94 0.92
20 38 42.21 120.23 377.48 0.92
20 39 42.04 120.23 377.02 0.92
20 40 41.88 120.23 376.56 0.92
20 41 41.71 120.23 376.10 0.92
20 42 41.54 120.23 375.64 0.92
20 43 41.38 120.23 375.18 0.92
20 44 41.21 120.23 374.71 0.92
20 45 41.04 120.22 374.25 0.92
20 46 40.88 120.22 373.72 0.92
20 47 40.71 120.22 373.16 0.92
20 48 40.54 120.22 372.61 0.92
20 49 40.37 120.22 372.05 0.92
20 50 40.21 120.22 371.49 0.92
20 51 40.04 120.22 370.93 0.92
20 52 39.87 120.22 370.45 0.92
20 53 39.71 120.22 369.98 0.92
20 54 39.54 120.21 369.52 0.92
20 55 39.37 120.21 369.05 0.92
20 56 39.20 120.21 368.58 0.92
20 57 39.03 120.21 368.12 0.92
20 58 38.87 120.21 367.58 0.92
20 59 38.70 120.21 367.02 0.92
21 00 38.53 120.21 366.46 0.92
21 01 38.36 120.21 365.90 0.92
21 02 38.19 120.21 365.34 0.92
21 03 38.02 120.20 364.78 0.92
21 04 37.86 120.20 364.14 0.92
21 05 37.69 120.20 363.48 0.92
21 06 37.52 120.20 362.83 0.92
21 07 37.35 120.20 362.17 0.92
21 08 37.18 120.20 361.52 0.92
21 09 37.01 120.20 360.86 0.92
21 10 36.84 120.20 360.29 0.92
21 11 36.68 120.20 359.73 0.92
21 12 36.51 120.20 359.17 0.92
21 13 36.34 120.19 358.60 0.92
21 14 36.17 120.19 358.04 0.92
21 15 36.00 120.19 357.48 0.92
21 16 35.83 120.19 356.82 0.92
21 17 35.66 120.19 356.16 0.92
21 18 35.49 120.19 355.51 0.92
21 19 35.32 120.19 354.85 0.92
21 20 35.15 120.19 354.19 0.92
21 21 34.99 120.19 353.53 0.92
21 22 34.82 120.19 352.77 0.92
21 23 34.65 120.19 352.02 0.92
21 24 34.48 120.19 351.27 0.92
21 25 34.31 120.18 350.52 0.92
21 26 34.14 120.18 349.77 0.92
21 27 33.97 120.18 349.03 0.92
21 28 33.80 120.18 348.37 0.92
21 29 33.63 120.18 347.72 0.92
21 30 33.46 120.18 347.06 0.92
21 31 33.29 120.18 346.40 0.92
21 32 33.12 120.18 345.74 0.92
21 33 32.95 120.18 345.03 0.92
21 34 32.78 120.18 344.18 0.92
21 35 32.61 120.18 343.34 0.92
21 36 32.44 120.18 342.49 0.92
21 37 32.28 120.18 341.64 0.92
21 38 32.11 120.18 340.80 0.92
21 39 31.94 120.18 339.99 0.92
21 40 31.77 120.18 339.23 0.92
21 41 31.60 120.18 338.48 0.92
21 42 31.43 120.18 337.73 0.92
21 43 31.26 120.18 336.98 0.92
21 44 31.09 120.18 336.23 0.92
21 45 30.92 120.18 335.43 0.92
21 46 30.75 120.18 334.58 0.92
21 47 30.58 120.18 333.74 0.92
21 48 30.41 120.18 332.89 0.92
21 49 30.24 120.18 332.05 0.92
21 50 30.07 120.18 331.20 0.92
21 51 29.90 120.18 330.30 0.92
21 52 29.73 120.18 329.36 0.92
21 53 29.57 120.18 328.42 0.92
21 54 29.40 120.18 327.48 0.92
21 55 29.23 120.18 326.54 0.92
21 56 29.06 120.18 325.61 0.92
21 57 28.89 120.18 324.67 0.92
21 58 28.72 120.18 323.73 0.92
21 59 28.55 120.18 322.79 0.92
22 00 28.38 120.18 321.85 0.92
22 01 28.21 120.18 320.91 0.92
22 02 28.04 120.19 319.98 0.92
22 03 27.88 120.19 318.97 0.92
22 04 27.71 120.19 317.94 0.92
22 05 27.54 120.19 316.91 0.92
22 06 27.37 120.19 315.88 0.92
22 07 27.20 120.19 314.85 0.92
22 08 27.03 120.19 313.82 0.92
22 09 26.86 120.19 312.79 0.92
22 10 26.69 120.19 311.76 0.92
22 11 26.53 120.19 310.73 0.92
22 12 26.36 120.19 309.70 0.92
22 13 26.19 120.19 308.68 0.92
22 14 26.02 120.20 307.65 0.92
22 15 25.85 120.20 306.54 0.92
22 16 25.68 120.20 305.42 0.92
22 17 25.52 120.20 304.30 0.92
22 18 25.35 120.20 303.18 0.92
22 19 25.18 120.20 302.06 0.92
22 20 25.01 120.20 300.94 0.92
22 21 24.84 120.20 299.74 0.92
22 22 24.68 120.20 298.53 0.92
22 23 24.51 120.20 297.32 0.92
22 24 24.34 120.21 296.11 0.92
22 25 24.17 120.21 294.90 0.92
22 26 24.01 120.21 293.69 0.92
22 27 23.84 120.21 292.40 0.92
22 28 23.67 120.21 291.10 0.92
22 29 23.51 120.21 289.80 0.92
22 30 23.34 120.21 288.50 0.92
22 31 23.17 120.21 287.20 0.92
22 32 23.00 120.21 285.90 0.92
22 33 22.84 120.22 284.61 0.92
22 34 22.67 120.22 283.31 0.92
22 35 22.50 120.22 282.01 0.92
22 36 22.34 120.22 280.72 0.92
22 37 22.17 120.22 279.43 0.92
22 38 22.00 120.22 278.13 0.92
22 39 21.84 120.22 276.66 0.92
22 40 21.67 120.22 275.18 0.92
22 41 21.51 120.22 273.71 0.92
22 42 21.34 120.22 272.23 0.92
22 43 21.17 120.23 270.76 0.92
22 44 21.01 120.23 269.29 0.92
22 45 20.84 120.23 267.82 0.92
22 46 20.68 120.23 266.35 0.92
22 47 20.51 120.23 264.88 0.92
22 48 20.35 120.23 263.41 0.92
22 49 20.18 120.23 261.94 0.92
22 50 20.02 120.23 260.47 0.92
22 51 19.85 120.23 258.84 0.92
22 52 19.69 120.23 257.19 0.92
22 53 19.52 120.23 255.55 0.92
22 54 19.36 120.23 253.90 0.92
22 55 19.19 120.23 252.26 0.92
22 56 19.03 120.24 250.61 0.92
22 57 18.86 120.24 248.97 0.92
22 58 18.70 120.24 247.33 0.92
22 59 18.53 120.24 245.69 0.92
23 00 18.37 120.24 244.05 0.92
23 01 18.21 120.24 242.42 0.92
23 02 18.04 120.24 240.78 0.92
23 03 17.88 120.24 238.95 0.92
23 04 17.72 120.24 237.04 0.92
23 05 17.55 120.24 235.14 0.92
23 06 17.39 120.24 233.24 0.92
23 07 17.23 120.24 231.34 0.92
23 08 17.06 120.24 229.44 0.92
23 09 16.90 120.24 227.54 0.92
23 10 16.74 120.24 225.64 0.92
23 11 16.58 120.23 223.75 0.92
23 12 16.41 120.23 221.86 0.92
23 13 16.25 120.23 219.97 0.92
23 14 16.09 120.23 218.08 0.92
23 15 15.93 120.23 216.11 0.92
23 16 15.77 120.23 214.05 0.92
23 17 15.60 120.23 211.98 0.92
23 18 15.44 120.23 209.92 0.92
23 19 15.28 120.23 207.86 0.92
23 20 15.12 120.22 205.81 0.92
23 21 14.96 120.22 203.71 0.92
23 22 14.80 120.22 201.47 0.92
23 23 14.64 120.22 199.25 0.92
23 24 14.48 120.22 197.02 0.92
23 25 14.32 120.22 194.79 0.92
23 26 14.16 120.21 192.57 0.92
23 27 14.00 120.21 190.35 0.92
23 28 13.84 120.21 187.95 0.92
23 29 13.68 120.21 185.56 0.92
23 30 13.52 120.20 183.17 0.92
23 31 13.36 120.20 180.78 0.92
23 32 13.20 120.20 178.40 0.92
23 33 13.04 120.19 176.01 0.92
23 34 12.88 120.19 173.57 0.92
23 35 12.72 120.19 171.10 0.92
23 36 12.56 120.18 168.64 0.92
23 37 12.41 120.18 166.18 0.92
23 38 12.25 120.17 163.72 0.92
23 39 12.09 120.17 161.27 0.92
23 40 11.93 120.17 158.71 0.92
23 41 11.78 120.16 156.00 0.92
23 42 11.62 120.16 153.29 0.92
23 43 11.46 120.15 150.58 0.92
23 44 11.30 120.15 147.88 0.92
23 45 11.15 120.14 145.19 0.92
23 46 10.99 120.13 142.49 0.92
23 47 10.83 120.13 139.71 0.92
23 48 10.68 120.12 136.94 0.92
23 49 10.52 120.12 134.16 0.92
23 50 10.37 120.11 131.40 0.92
23 51 10.21 120.10 128.63 0.92
23 52 10.06 120.10 125.87 0.92
