2022 04 21 17 00 65.77 0.00 0.00
2022 04 21 17 01 65.78 0.00 0.00
2022 04 21 17 02 65.78 0.00 0.00
2022 04 21 17 03 65.79 0.00 0.00
2022 04 21 17 04 65.79 0.00 0.00
2022 04 21 17 05 65.80 0.00 0.00
2022 04 21 17 06 65.80 0.00 0.00
2022 04 21 17 07 65.80 0.00 0.00
2022 04 21 17 08 65.79 0.00 0.00
2022 04 21 17 09 65.79 0.00 0.00
2022 04 21 17 10 65.78 0.00 0.00
2022 04 21 17 11 65.77 0.00 0.00
2022 04 21 17 12 65.77 0.00 0.00
2022 04 21 17 13 65.75 0.00 0.00
2022 04 21 17 14 65.74 0.00 0.00
2022 04 21 17 15 65.73 0.00 0.00
2022 04 21 17 16 65.71 115.69 0.00
2022 04 21 17 17 65.69 115.76 0.00
2022 04 21 17 18 65.67 115.83 0.00
2022 04 21 17 19 65.65 115.90 0.00
2022 04 21 17 20 65.63 115.96 0.00
2022 04 21 17 21 65.61 116.03 0.00
2022 04 21 17 22 65.58 116.10 0.00
2022 04 21 17 23 65.55 116.16 0.00
2022 04 21 17 24 65.53 116.22 0.00
2022 04 21 17 25 65.49 116.29 0.00
2022 04 21 17 26 65.46 116.35 0.00
2022 04 21 17 27 65.43 116.41 0.00
2022 04 21 17 28 65.39 116.48 0.00
2022 04 21 17 29 65.36 116.54 0.00
2022 04 21 17 30 65.32 116.60 0.00
2022 04 21 17 31 65.28 116.66 0.00
2022 04 21 17 32 65.24 116.72 0.00
2022 04 21 17 33 65.19 116.77 0.00
2022 04 21 17 34 65.15 116.83 0.00
2022 04 21 17 35 65.10 116.89 0.00
2022 04 21 17 36 65.05 116.95 0.00
2022 04 21 17 37 65.01 117.00 0.00
2022 04 21 17 38 64.95 117.06 0.00
2022 04 21 17 39 64.90 117.11 0.00
2022 04 21 17 40 64.85 117.17 0.00
2022 04 21 17 41 64.79 117.22 0.00
2022 04 21 17 42 64.74 117.27 0.00
2022 04 21 17 43 64.68 117.32 0.00
2022 04 21 17 44 64.62 117.38 0.00
2022 04 21 17 45 64.56 117.43 0.00
2022 04 21 17 46 64.50 117.48 0.00
2022 04 21 17 47 64.43 117.53 0.00
2022 04 21 17 48 64.37 117.58 0.00
2022 04 21 17 49 64.30 117.63 0.00
2022 04 21 17 50 64.23 117.67 0.00
2022 04 21 17 51 64.16 117.72 0.00
2022 04 21 17 52 64.09 117.77 0.00
2022 04 21 17 53 64.02 117.81 0.00
2022 04 21 17 54 63.95 117.86 0.00
2022 04 21 17 55 63.87 117.90 0.00
2022 04 21 17 56 63.80 117.95 0.00
2022 04 21 17 57 63.72 117.99 0.00
2022 04 21 17 58 63.64 118.04 0.00
2022 04 21 17 59 63.56 118.08 0.00
2022 04 21 18 00 63.48 118.12 0.00
2022 04 21 18 01 63.40 118.16 0.00
2022 04 21 18 02 63.31 118.20 0.00
2022 04 21 18 03 63.23 118.24 0.00
2022 04 21 18 04 63.14 118.28 0.00
2022 04 21 18 05 63.05 118.32 0.00
2022 04 21 18 06 62.97 118.36 0.00
2022 04 21 18 07 62.88 118.40 0.00
2022 04 21 18 08 62.79 118.44 0.00
2022 04 21 18 09 62.69 118.48 0.00
2022 04 21 18 10 62.60 118.51 0.00
2022 04 21 18 11 62.51 118.55 0.00
2022 04 21 18 12 62.41 118.58 0.00
2022 04 21 18 13 62.31 118.62 0.00
2022 04 21 18 14 62.22 118.65 0.00
2022 04 21 18 15 62.12 118.69 0.00
2022 04 21 18 16 62.02 118.72 0.00
2022 04 21 18 17 61.92 118.76 0.00
2022 04 21 18 18 61.82 118.79 0.00
2022 04 21 18 19 61.71 118.82 0.00
2022 04 21 18 20 61.61 118.85 0.00
2022 04 21 18 21 61.50 118.88 0.00
2022 04 21 18 22 61.40 118.91 0.00
2022 04 21 18 23 61.29 118.95 0.00
2022 04 21 18 24 61.18 118.98 0.00
2022 04 21 18 25 61.08 119.00 0.00
2022 04 21 18 26 60.97 119.03 0.00
2022 04 21 18 27 60.86 119.06 0.00
2022 04 21 18 28 60.74 119.09 0.00
2022 04 21 18 29 60.63 119.12 0.00
2022 04 21 18 30 60.52 119.14 0.00
2022 04 21 18 31 60.40 119.17 0.00
2022 04 21 18 32 60.29 119.20 0.00
2022 04 21 18 33 60.17 119.22 0.00
2022 04 21 18 34 60.06 119.25 0.00
2022 04 21 18 35 59.94 119.27 0.00
2022 04 21 18 36 59.82 119.30 0.00
2022 04 21 18 37 59.70 119.32 0.00
2022 04 21 18 38 59.58 119.35 0.00
2022 04 21 18 39 59.46 119.37 0.00
2022 04 21 18 40 59.34 119.39 0.00
2022 04 21 18 41 59.21 119.41 0.00
2022 04 21 18 42 59.09 119.44 0.00
2022 04 21 18 43 58.97 119.46 0.00
2022 04 21 18 44 58.84 119.48 0.00
2022 04 21 18 45 58.72 119.50 0.00
2022 04 21 18 46 58.59 119.52 0.00
2022 04 21 18 47 58.46 119.54 0.00
2022 04 21 18 48 58.34 119.56 0.00
2022 04 21 18 49 58.21 119.58 0.00
2022 04 21 18 50 58.08 119.60 0.00
2022 04 21 18 51 57.95 119.62 0.00
2022 04 21 18 52 57.82 119.64 0.00
2022 04 21 18 53 57.69 119.65 0.00
2022 04 21 18 54 57.55 119.67 0.00
2022 04 21 18 55 57.42 119.69 0.00
2022 04 21 18 56 57.29 119.71 0.00
2022 04 21 18 57 57.15 119.72 0.00
2022 04 21 18 58 57.02 119.74 0.00
2022 04 21 18 59 56.89 119.75 0.00
2022 04 21 19 00 56.75 119.77 0.00
2022 04 21 19 01 56.61 119.78 0.00
2022 04 21 19 02 56.48 119.80 0.00
2022 04 21 19 03 56.34 119.81 0.00
2022 04 21 19 04 56.20 119.83 0.00
2022 04 21 19 05 56.06 119.84 0.00
2022 04 21 19 06 55.92 119.86 0.00
2022 04 21 19 07 55.78 119.87 0.00
2022 04 21 19 08 55.64 119.88 0.00
2022 04 21 19 09 55.50 119.89 0.00
2022 04 21 19 10 55.36 119.91 0.00
2022 04 21 19 11 55.22 119.92 0.00
2022 04 21 19 12 55.08 119.93 0.00
2022 04 21 19 13 54.94 119.94 0.00
2022 04 21 19 14 54.79 119.95 0.00
2022 04 21 19 15 54.65 119.96 0.00
2022 04 21 19 16 54.50 119.97 0.00
2022 04 21 19 17 54.36 119.98 0.00
2022 04 21 19 18 54.21 119.99 0.00
2022 04 21 19 19 54.07 120.00 0.00
2022 04 21 19 20 53.92 120.01 0.00
2022 04 21 19 21 53.78 120.02 0.00
2022 04 21 19 22 53.63 120.03 0.00
2022 04 21 19 23 53.48 120.04 0.00
2022 04 21 19 24 53.33 120.05 0.00
2022 04 21 19 25 53.18 120.06 0.00
2022 04 21 19 26 53.04 120.07 0.00
2022 04 21 19 27 52.89 120.07 0.00
2022 04 21 19 28 52.74 120.08 0.00
2022 04 21 19 29 52.59 120.09 0.00
2022 04 21 19 30 52.44 120.10 0.00
2022 04 21 19 31 52.29 120.10 0.00
2022 04 21 19 32 52.14 120.11 0.00
2022 04 21 19 33 51.98 120.12 0.00
2022 04 21 19 34 51.83 120.12 0.00
2022 04 21 19 35 51.68 120.13 0.00
2022 04 21 19 36 51.53 120.13 0.00
2022 04 21 19 37 51.37 120.14 0.00
2022 04 21 19 38 51.22 120.14 0.00
2022 04 21 19 39 51.07 120.15 0.00
2022 04 21 19 40 50.91 120.15 0.00
2022 04 21 19 41 50.76 120.16 0.00
2022 04 21 19 42 50.60 120.16 0.00
2022 04 21 19 43 50.45 120.17 0.00
2022 04 21 19 44 50.29 120.17 0.00
2022 04 21 19 45 50.14 120.18 0.00
2022 04 21 19 46 49.98 120.18 0.00
2022 04 21 19 47 49.83 120.19 0.00
2022 04 21 19 48 49.67 120.19 0.00
2022 04 21 19 49 49.51 120.19 0.00
2022 04 21 19 50 49.36 120.20 0.00
2022 04 21 19 51 49.20 120.20 0.00
2022 04 21 19 52 49.04 120.20 0.00
2022 04 21 19 53 48.88 120.20 0.00
2022 04 21 19 54 48.72 120.21 0.00
2022 04 21 19 55 48.57 120.21 0.00
2022 04 21 19 56 48.41 120.21 0.00
2022 04 21 19 57 48.25 120.21 0.00
2022 04 21 19 58 48.09 120.22 0.00
2022 04 21 19 59 47.93 120.22 0.00
2022 04 21 20 00 47.77 120.22 0.00
2022 04 21 20 01 47.61 120.22 0.00
2022 04 21 20 02 47.45 120.22 0.00
2022 04 21 20 03 47.29 120.23 0.00
2022 04 21 20 04 47.13 120.23 0.00
2022 04 21 20 05 46.97 120.23 0.00
2022 04 21 20 06 46.81 120.23 0.00
2022 04 21 20 07 46.65 120.23 0.00
2022 04 21 20 08 46.48 120.23 0.00
2022 04 21 20 09 46.32 120.23 0.00
2022 04 21 20 10 46.16 120.23 0.00
2022 04 21 20 11 46.00 120.23 0.00
2022 04 21 20 12 45.84 120.24 0.00
2022 04 21 20 13 45.67 120.24 0.00
2022 04 21 20 14 45.51 120.24 0.00
2022 04 21 20 15 45.35 120.24 0.00
2022 04 21 20 16 45.18 120.24 0.00
2022 04 21 20 17 45.02 120.24 0.00
2022 04 21 20 18 44.86 120.24 0.00
2022 04 21 20 19 44.69 120.24 0.00
2022 04 21 20 20 44.53 120.24 0.00
2022 04 21 20 21 44.37 120.24 0.00
2022 04 21 20 22 44.20 120.24 0.00
2022 04 21 20 23 44.04 120.24 0.00
2022 04 21 20 24 43.87 120.24 0.00
2022 04 21 20 25 43.71 120.24 0.00
2022 04 21 20 26 43.54 120.24 0.00
2022 04 21 20 27 43.38 120.24 0.00
2022 04 21 20 28 43.21 120.23 0.00
2022 04 21 20 29 43.05 120.23 0.00
2022 04 21 20 30 42.88 120.23 0.00
2022 04 21 20 31 42.72 120.23 0.00
2022 04 21 20 32 42.55 120.23 0.00
2022 04 21 20 33 42.39 120.23 0.00
2022 04 21 20 34 42.22 120.23 0.00
2022 04 21 20 35 42.05 120.23 0.00
2022 04 21 20 36 41.89 120.23 0.00
2022 04 21 20 37 41.72 120.23 0.00
2022 04 21 20 38 41.55 120.23 0.00
2022 04 21 20 39 41.39 120.23 0.00
2022 04 21 20 40 41.22 120.23 0.00
2022 04 21 20 41 41.05 120.22 0.00
2022 04 21 20 42 40.89 120.22 0.00
2022 04 21 20 43 40.72 120.22 0.00
2022 04 21 20 44 40.55 120.22 0.00
2022 04 21 20 45 40.39 120.22 0.00
2022 04 21 20 46 40.22 120.22 0.00
2022 04 21 20 47 40.05 120.22 0.00
2022 04 21 20 48 39.88 120.22 0.00
2022 04 21 20 49 39.72 120.22 0.00
2022 04 21 20 50 39.55 120.21 0.00
2022 04 21 20 51 39.38 120.21 0.00
2022 04 21 20 52 39.21 120.21 0.00
2022 04 21 20 53 39.05 120.21 0.00
2022 04 21 20 54 38.88 120.21 0.00
2022 04 21 20 55 38.71 120.21 38.73
2022 04 21 20 56 38.54 120.21 38.62
2022 04 21 20 57 38.37 120.21 38.51
2022 04 21 20 58 38.20 120.21 38.41
2022 04 21 20 59 38.04 120.20 38.30
2022 04 21 21 00 37.87 120.20 38.20
2022 04 21 21 01 37.70 120.20 38.10
2022 04 21 21 02 37.53 120.20 38.00
2022 04 21 21 03 37.36 120.20 37.91
2022 04 21 21 04 37.19 120.20 37.81
2022 04 21 21 05 37.02 120.20 37.71
2022 04 21 21 06 36.86 120.20 37.62
2022 04 21 21 07 36.69 120.20 37.53
2022 04 21 21 08 36.52 120.20 37.44
2022 04 21 21 09 36.35 120.19 37.35
2022 04 21 21 10 36.18 120.19 37.26
2022 04 21 21 11 36.01 120.19 37.18
2022 04 21 21 12 35.84 120.19 37.09
2022 04 21 21 13 35.67 120.19 37.01
2022 04 21 21 14 35.50 120.19 36.93
2022 04 21 21 15 35.33 120.19 36.85
2022 04 21 21 16 35.17 120.19 36.77
2022 04 21 21 17 35.00 120.19 36.69
2022 04 21 21 18 34.83 120.19 36.62
2022 04 21 21 19 34.66 120.19 36.54
2022 04 21 21 20 34.49 120.19 36.47
2022 04 21 21 21 34.32 120.18 36.40
2022 04 21 21 22 34.15 120.18 36.33
2022 04 21 21 23 33.98 120.18 36.26
2022 04 21 21 24 33.81 120.18 36.20
2022 04 21 21 25 33.64 120.18 36.13
2022 04 21 21 26 33.47 120.18 36.07
2022 04 21 21 27 33.30 120.18 36.00
2022 04 21 21 28 33.13 120.18 35.94
2022 04 21 21 29 32.96 120.18 35.88
2022 04 21 21 30 32.79 120.18 35.83
2022 04 21 21 31 32.63 120.18 35.77
2022 04 21 21 32 32.46 120.18 35.72
2022 04 21 21 33 32.29 120.18 35.66
2022 04 21 21 34 32.12 120.18 35.61
2022 04 21 21 35 31.95 120.18 35.56
2022 04 21 21 36 31.78 120.18 35.51
2022 04 21 21 37 31.61 120.18 35.46
2022 04 21 21 38 31.44 120.18 35.42
2022 04 21 21 39 31.27 120.18 35.37
2022 04 21 21 40 31.10 120.18 35.33
2022 04 21 21 41 30.93 120.18 35.29
2022 04 21 21 42 30.76 120.18 35.25
2022 04 21 21 43 30.59 120.18 35.21
2022 04 21 21 44 30.42 120.18 35.17
2022 04 21 21 45 30.25 120.18 35.13
2022 04 21 21 46 30.08 120.18 35.10
2022 04 21 21 47 29.92 120.18 35.07
2022 04 21 21 48 29.75 120.18 35.03
2022 04 21 21 49 29.58 120.18 35.00
2022 04 21 21 50 29.41 120.18 34.98
2022 04 21 21 51 29.24 120.18 34.95
2022 04 21 21 52 29.07 120.18 34.92
2022 04 21 21 53 28.90 120.18 34.90
2022 04 21 21 54 28.73 120.18 34.87
2022 04 21 21 55 28.56 120.18 34.85
2022 04 21 21 56 28.39 120.18 34.83
2022 04 21 21 57 28.22 120.18 34.81
2022 04 21 21 58 28.06 120.19 34.80
2022 04 21 21 59 27.89 120.19 34.78
2022 04 21 22 00 27.72 120.19 34.77
2022 04 21 22 01 27.55 120.19 34.75
2022 04 21 22 02 27.38 120.19 34.74
2022 04 21 22 03 27.21 120.19 34.73
2022 04 21 22 04 27.04 120.19 34.72
2022 04 21 22 05 26.87 120.19 34.71
2022 04 21 22 06 26.71 120.19 34.71
2022 04 21 22 07 26.54 120.19 34.70
2022 04 21 22 08 26.37 120.19 34.70
2022 04 21 22 09 26.20 120.19 34.70
2022 04 21 22 10 26.03 120.20 34.70
2022 04 21 22 11 25.86 120.20 34.70
2022 04 21 22 12 25.70 120.20 34.70
2022 04 21 22 13 25.53 120.20 34.70
2022 04 21 22 14 25.36 120.20 34.71
2022 04 21 22 15 25.19 120.20 34.71
2022 04 21 22 16 25.02 120.20 34.72
2022 04 21 22 17 24.86 120.20 34.73
2022 04 21 22 18 24.69 120.20 34.74
2022 04 21 22 19 24.52 120.20 34.75
2022 04 21 22 20 24.35 120.21 34.76
2022 04 21 22 21 24.19 120.21 34.78
2022 04 21 22 22 24.02 120.21 34.79
2022 04 21 22 23 23.85 120.21 34.81
2022 04 21 22 24 23.68 120.21 34.83
2022 04 21 22 25 23.52 120.21 34.85
2022 04 21 22 26 23.35 120.21 34.87
2022 04 21 22 27 23.18 120.21 34.89
2022 04 21 22 28 23.02 120.21 34.92
2022 04 21 22 29 22.85 120.22 34.94
2022 04 21 22 30 22.68 120.22 34.97
2022 04 21 22 31 22.51 120.22 34.99
2022 04 21 22 32 22.35 120.22 35.02
2022 04 21 22 33 22.18 120.22 35.05
2022 04 21 22 34 22.02 120.22 35.08
2022 04 21 22 35 21.85 120.22 35.11
2022 04 21 22 36 21.68 120.22 35.15
2022 04 21 22 37 21.52 120.22 35.18
2022 04 21 22 38 21.35 120.22 35.22
2022 04 21 22 39 21.18 120.23 35.26
2022 04 21 22 40 21.02 120.23 35.30
2022 04 21 22 41 20.85 120.23 35.34
2022 04 21 22 42 20.69 120.23 35.38
2022 04 21 22 43 20.52 120.23 35.42
2022 04 21 22 44 20.36 120.23 35.46
2022 04 21 22 45 20.19 120.23 35.51
2022 04 21 22 46 20.03 120.23 35.55
2022 04 21 22 47 19.86 120.23 35.60
2022 04 21 22 48 19.70 120.23 35.65
2022 04 21 22 49 19.53 120.23 35.70
2022 04 21 22 50 19.37 120.23 35.75
2022 04 21 22 51 19.20 120.23 35.80
2022 04 21 22 52 19.04 120.24 35.85
2022 04 21 22 53 18.87 120.24 35.91
2022 04 21 22 54 18.71 120.24 35.96
2022 04 21 22 55 18.55 120.24 36.02
2022 04 21 22 56 18.38 120.24 36.08
2022 04 21 22 57 18.22 120.24 36.14
2022 04 21 22 58 18.05 120.24 36.20
2022 04 21 22 59 17.89 120.24 36.26
2022 04 21 23 00 17.73 120.24 36.32
2022 04 21 23 01 17.56 120.24 36.38
2022 04 21 23 02 17.40 120.24 36.45
2022 04 21 23 03 17.24 120.24 36.51
2022 04 21 23 04 17.07 120.24 36.58
2022 04 21 23 05 16.91 120.24 36.65
2022 04 21 23 06 16.75 120.24 36.72
2022 04 21 23 07 16.59 120.23 36.79
2022 04 21 23 08 16.42 120.23 36.86
2022 04 21 23 09 16.26 120.23 36.93
2022 04 21 23 10 16.10 120.23 37.01
2022 04 21 23 11 15.94 120.23 37.08
2022 04 21 23 12 15.78 120.23 37.16
2022 04 21 23 13 15.61 120.23 37.23
2022 04 21 23 14 15.45 120.23 37.31
2022 04 21 23 15 15.29 120.23 37.39
2022 04 21 23 16 15.13 120.22 37.47
2022 04 21 23 17 14.97 120.22 37.55
2022 04 21 23 18 14.81 120.22 37.63
2022 04 21 23 19 14.65 120.22 37.71
2022 04 21 23 20 14.49 120.22 37.80
2022 04 21 23 21 14.33 120.22 37.88
2022 04 21 23 22 14.17 120.21 37.97
2022 04 21 23 23 14.01 120.21 38.05
2022 04 21 23 24 13.85 120.21 38.14
2022 04 21 23 25 13.69 120.21 38.23
2022 04 21 23 26 13.53 120.20 38.32
2022 04 21 23 27 13.37 120.20 38.41
2022 04 21 23 28 13.21 120.20 38.50
2022 04 21 23 29 13.05 120.19 38.60
2022 04 21 23 30 12.89 120.19 38.69
2022 04 21 23 31 12.73 120.19 38.78
2022 04 21 23 32 12.58 120.18 38.88
2022 04 21 23 33 12.42 120.18 38.98
2022 04 21 23 34 12.26 120.17 39.07
2022 04 21 23 35 12.10 120.17 39.17
2022 04 21 23 36 11.94 120.17 39.27
2022 04 21 23 37 11.79 120.16 39.37
2022 04 21 23 38 11.63 120.16 39.47
2022 04 21 23 39 11.47 120.15 39.58
2022 04 21 23 40 11.31 120.15 39.68
2022 04 21 23 41 11.16 120.14 39.78
2022 04 21 23 42 11.00 120.14 39.89
2022 04 21 23 43 10.84 120.13 40.00
2022 04 21 23 44 10.69 120.12 40.10
2022 04 21 23 45 10.53 120.12 40.21
2022 04 21 23 46 10.38 120.11 40.32
2022 04 21 23 47 10.22 120.10 40.43
2022 04 21 23 48 10.07 120.10 40.54
2022 04 21 23 49 9.91 0.00 0.00
2022 04 21 23 50 9.76 0.00 0.00
2022 04 21 23 51 9.60 0.00 0.00
2022 04 21 23 52 9.45 0.00 0.00
2022 04 21 23 53 9.29 0.00 0.00
2022 04 21 23 54 9.14 0.00 0.00
2022 04 21 23 55 8.98 0.00 0.00
2022 04 21 23 56 8.83 0.00 0.00
2022 04 21 23 57 8.68 0.00 0.00
2022 04 21 23 58 8.52 0.00 0.00
2022 04 21 23 59 8.37 0.00 0.00
2022 04 22 00 00 8.22 0.00 0.00
2022 04 22 00 01 8.06 0.00 0.00
2022 04 22 00 02 7.91 0.00 0.00
2022 04 22 00 03 7.76 0.00 0.00
2022 04 22 00 04 7.61 0.00 0.00
2022 04 22 00 05 7.46 0.00 0.00
2022 04 22 00 06 7.31 0.00 0.00
2022 04 22 00 07 7.15 0.00 0.00
2022 04 22 00 08 7.00 0.00 0.00
2022 04 22 00 09 6.85 0.00 0.00
2022 04 22 00 10 6.70 0.00 0.00
2022 04 22 00 11 6.55 0.00 0.00
2022 04 22 00 12 6.40 0.00 0.00
2022 04 22 00 13 6.25 0.00 0.00
2022 04 22 00 14 6.10 0.00 0.00
2022 04 22 00 15 5.95 0.00 0.00
2022 04 22 00 16 5.80 0.00 0.00
2022 04 22 00 17 5.65 0.00 0.00
2022 04 22 00 18 5.51 0.00 0.00
2022 04 22 00 19 5.36 0.00 0.00
2022 04 22 00 20 5.21 0.00 0.00
2022 04 22 00 21 5.06 0.00 0.00
2022 04 22 00 22 4.91 0.00 0.00
2022 04 22 00 23 4.77 0.00 0.00
2022 04 22 00 24 4.62 0.00 0.00
2022 04 22 00 25 4.47 0.00 0.00
2022 04 22 00 26 4.33 0.00 0.00
2022 04 22 00 27 4.18 0.00 0.00
2022 04 22 00 28 4.03 0.00 0.00
2022 04 22 00 29 3.89 0.00 0.00
2022 04 22 00 30 3.74 0.00 0.00
2022 04 22 00 31 3.60 0.00 0.00
2022 04 22 00 32 3.45 0.00 0.00
2022 04 22 00 33 3.31 0.00 0.00
2022 04 22 00 34 3.16 0.00 0.00
2022 04 22 00 35 3.02 0.00 0.00
2022 04 22 00 36 2.88 0.00 0.00
2022 04 22 00 37 2.73 0.00 0.00
2022 04 22 00 38 2.59 0.00 0.00
2022 04 22 00 39 2.45 0.00 0.00
2022 04 22 00 40 2.30 0.00 0.00
2022 04 22 00 41 2.16 0.00 0.00
2022 04 22 00 42 2.02 0.00 0.00
2022 04 22 00 43 1.88 0.00 0.00
2022 04 22 00 44 1.74 0.00 0.00
2022 04 22 00 45 1.60 0.00 0.00
2022 04 22 00 46 1.45 0.00 0.00
2022 04 22 00 47 1.31 0.00 0.00
2022 04 22 00 48 1.17 0.00 0.00
2022 04 22 00 49 1.03 0.00 0.00
2022 04 22 00 50 0.89 0.00 0.00
2022 04 22 00 51 0.76 0.00 0.00
2022 04 22 00 52 0.62 0.00 0.00
2022 04 22 00 53 0.48 0.00 0.00
2022 04 22 00 54 0.34 0.00 0.00
2022 04 22 00 55 0.20 0.00 0.00
2022 04 22 00 56 0.06 0.00 0.00
2022 04 22 00 57 -0.07 0.00 0.00
2022 04 22 00 58 -0.21 0.00 0.00
2022 04 22 00 59 -0.35 0.00 0.00
2022 04 22 01 00 -0.48 0.00 0.00
2022 04 22 01 01 -0.62 0.00 0.00
2022 04 22 01 02 -0.76 0.00 0.00
2022 04 22 01 03 -0.89 0.00 0.00
2022 04 22 01 04 -1.03 0.00 0.00
2022 04 22 01 05 -1.16 0.00 0.00
2022 04 22 01 06 -1.30 0.00 0.00
2022 04 22 01 07 -1.43 0.00 0.00
2022 04 22 01 08 -1.56 0.00 0.00
2022 04 22 01 09 -1.70 0.00 0.00
2022 04 22 01 10 -1.83 0.00 0.00
2022 04 22 01 11 -1.96 0.00 0.00
2022 04 22 01 12 -2.10 0.00 0.00
2022 04 22 01 13 -2.23 0.00 0.00
2022 04 22 01 14 -2.36 0.00 0.00
2022 04 22 01 15 -2.49 0.00 0.00
2022 04 22 01 16 -2.62 0.00 0.00
2022 04 22 01 17 -2.75 0.00 0.00
2022 04 22 01 18 -2.88 0.00 0.00
2022 04 22 01 19 -3.01 0.00 0.00
2022 04 22 01 20 -3.14 0.00 0.00
2022 04 22 01 21 -3.27 0.00 0.00
2022 04 22 01 22 -3.40 0.00 0.00
2022 04 22 01 23 -3.53 0.00 0.00
2022 04 22 01 24 -3.66 0.00 0.00
2022 04 22 01 25 -3.79 0.00 0.00
2022 04 22 01 26 -3.91 0.00 0.00
2022 04 22 01 27 -4.04 0.00 0.00
2022 04 22 01 28 -4.17 0.00 0.00
2022 04 22 01 29 -4.29 0.00 0.00
2022 04 22 01 30 -4.42 0.00 0.00
2022 04 22 01 31 -4.54 0.00 0.00
2022 04 22 01 32 -4.67 0.00 0.00
2022 04 22 01 33 -4.79 0.00 0.00
2022 04 22 01 34 -4.92 0.00 0.00
2022 04 22 01 35 -5.04 0.00 0.00
2022 04 22 01 36 -5.17 0.00 0.00
2022 04 22 01 37 -5.29 0.00 0.00
2022 04 22 01 38 -5.41 0.00 0.00
2022 04 22 01 39 -5.53 0.00 0.00
2022 04 22 01 40 -5.66 0.00 0.00
2022 04 22 01 41 -5.78 0.00 0.00
2022 04 22 01 42 -5.90 0.00 0.00
2022 04 22 01 43 -6.02 0.00 0.00
2022 04 22 01 44 -6.14 0.00 0.00
2022 04 22 01 45 -6.26 0.00 0.00
2022 04 22 01 46 -6.38 0.00 0.00
2022 04 22 01 47 -6.50 0.00 0.00
2022 04 22 01 48 -6.62 0.00 0.00
2022 04 22 01 49 -6.74 0.00 0.00
2022 04 22 01 50 -6.85 0.00 0.00
2022 04 22 01 51 -6.97 0.00 0.00
2022 04 22 01 52 -7.09 0.00 0.00
2022 04 22 01 53 -7.20 0.00 0.00
2022 04 22 01 54 -7.32 0.00 0.00
2022 04 22 01 55 -7.44 0.00 0.00
2022 04 22 01 56 -7.55 0.00 0.00
2022 04 22 01 57 -7.67 0.00 0.00
2022 04 22 01 58 -7.78 0.00 0.00
2022 04 22 01 59 -7.89 0.00 0.00
2022 04 22 02 00 -8.01 0.00 0.00
2022 04 22 02 01 -8.12 0.00 0.00
2022 04 22 02 02 -8.23 0.00 0.00
2022 04 22 02 03 -8.35 0.00 0.00
2022 04 22 02 04 -8.46 0.00 0.00
2022 04 22 02 05 -8.57 0.00 0.00
2022 04 22 02 06 -8.68 0.00 0.00
2022 04 22 02 07 -8.79 0.00 0.00
2022 04 22 02 08 -8.90 0.00 0.00
2022 04 22 02 09 -9.01 0.00 0.00
2022 04 22 02 10 -9.12 0.00 0.00
2022 04 22 02 11 -9.23 0.00 0.00
2022 04 22 02 12 -9.33 0.00 0.00
2022 04 22 02 13 -9.44 0.00 0.00
2022 04 22 02 14 -9.55 0.00 0.00
2022 04 22 02 15 -9.66 0.00 0.00
2022 04 22 02 16 -9.76 0.00 0.00
2022 04 22 02 17 -9.87 0.00 0.00
2022 04 22 02 18 -9.97 0.00 0.00
2022 04 22 02 19 -10.08 0.00 0.00
2022 04 22 02 20 -10.18 0.00 0.00
2022 04 22 02 21 -10.29 0.00 0.00
2022 04 22 02 22 -10.39 0.00 0.00
2022 04 22 02 23 -10.49 0.00 0.00
2022 04 22 02 24 -10.59 0.00 0.00
2022 04 22 02 25 -10.70 0.00 0.00
2022 04 22 02 26 -10.80 0.00 0.00
2022 04 22 02 27 -10.90 0.00 0.00
2022 04 22 02 28 -11.00 0.00 0.00
2022 04 22 02 29 -11.10 0.00 0.00
2022 04 22 02 30 -11.20 0.00 0.00
2022 04 22 02 31 -11.30 0.00 0.00
2022 04 22 02 32 -11.39 0.00 0.00
2022 04 22 02 33 -11.49 0.00 0.00
2022 04 22 02 34 -11.59 0.00 0.00
2022 04 22 02 35 -11.68 0.00 0.00
2022 04 22 02 36 -11.78 0.00 0.00
2022 04 22 02 37 -11.88 0.00 0.00
2022 04 22 02 38 -11.97 0.00 0.00
2022 04 22 02 39 -12.07 0.00 0.00
2022 04 22 02 40 -12.16 0.00 0.00
2022 04 22 02 41 -12.25 0.00 0.00
2022 04 22 02 42 -12.35 0.00 0.00
2022 04 22 02 43 -12.44 0.00 0.00
2022 04 22 02 44 -12.53 0.00 0.00
2022 04 22 02 45 -12.62 0.00 0.00
2022 04 22 02 46 -12.71 0.00 0.00
2022 04 22 02 47 -12.80 0.00 0.00
2022 04 22 02 48 -12.89 0.00 0.00
2022 04 22 02 49 -12.98 0.00 0.00
2022 04 22 02 50 -13.07 0.00 0.00
2022 04 22 02 51 -13.16 0.00 0.00
2022 04 22 02 52 -13.25 0.00 0.00
2022 04 22 02 53 -13.33 0.00 0.00
2022 04 22 02 54 -13.42 0.00 0.00
2022 04 22 02 55 -13.51 0.00 0.00
2022 04 22 02 56 -13.59 0.00 0.00
2022 04 22 02 57 -13.68 0.00 0.00
2022 04 22 02 58 -13.76 0.00 0.00
2022 04 22 02 59 -13.84 0.00 0.00
2022 04 22 03 00 -13.93 0.00 0.00
2022 04 22 03 01 -14.01 0.00 0.00
2022 04 22 03 02 -14.09 0.00 0.00
2022 04 22 03 03 -14.17 0.00 0.00
2022 04 22 03 04 -14.25 0.00 0.00
2022 04 22 03 05 -14.33 0.00 0.00
2022 04 22 03 06 -14.41 0.00 0.00
2022 04 22 03 07 -14.49 0.00 0.00
2022 04 22 03 08 -14.57 0.00 0.00
2022 04 22 03 09 -14.65 0.00 0.00
2022 04 22 03 10 -14.73 0.00 0.00
2022 04 22 03 11 -14.80 0.00 0.00
2022 04 22 03 12 -14.88 0.00 0.00
2022 04 22 03 13 -14.95 0.00 0.00
2022 04 22 03 14 -15.03 0.00 0.00
2022 04 22 03 15 -15.10 0.00 0.00
2022 04 22 03 16 -15.18 0.00 0.00
2022 04 22 03 17 -15.25 0.00 0.00
2022 04 22 03 18 -15.32 0.00 0.00
2022 04 22 03 19 -15.39 0.00 0.00
2022 04 22 03 20 -15.46 0.00 0.00
2022 04 22 03 21 -15.54 0.00 0.00
2022 04 22 03 22 -15.61 0.00 0.00
2022 04 22 03 23 -15.67 0.00 0.00
2022 04 22 03 24 -15.74 0.00 0.00
2022 04 22 03 25 -15.81 0.00 0.00
2022 04 22 03 26 -15.88 0.00 0.00
2022 04 22 03 27 -15.95 0.00 0.00
2022 04 22 03 28 -16.01 0.00 0.00
2022 04 22 03 29 -16.08 0.00 0.00
2022 04 22 03 30 -16.14 0.00 0.00
2022 04 22 03 31 -16.21 0.00 0.00
2022 04 22 03 32 -16.27 0.00 0.00
2022 04 22 03 33 -16.33 0.00 0.00
2022 04 22 03 34 -16.40 0.00 0.00
2022 04 22 03 35 -16.46 0.00 0.00
2022 04 22 03 36 -16.52 0.00 0.00
2022 04 22 03 37 -16.58 0.00 0.00
2022 04 22 03 38 -16.64 0.00 0.00
2022 04 22 03 39 -16.70 0.00 0.00
2022 04 22 03 40 -16.76 0.00 0.00
2022 04 22 03 41 -16.82 0.00 0.00
2022 04 22 03 42 -16.87 0.00 0.00
2022 04 22 03 43 -16.93 0.00 0.00
2022 04 22 03 44 -16.99 0.00 0.00
2022 04 22 03 45 -17.04 0.00 0.00
2022 04 22 03 46 -17.10 0.00 0.00
2022 04 22 03 47 -17.15 0.00 0.00
2022 04 22 03 48 -17.20 0.00 0.00
2022 04 22 03 49 -17.26 0.00 0.00
2022 04 22 03 50 -17.31 0.00 0.00
2022 04 22 03 51 -17.36 0.00 0.00
2022 04 22 03 52 -17.41 0.00 0.00
2022 04 22 03 53 -17.46 0.00 0.00
2022 04 22 03 54 -17.51 0.00 0.00
2022 04 22 03 55 -17.56 0.00 0.00
2022 04 22 03 56 -17.61 0.00 0.00
2022 04 22 03 57 -17.66 0.00 0.00
2022 04 22 03 58 -17.70 0.00 0.00
2022 04 22 03 59 -17.75 0.00 0.00
2022 04 22 04 00 -17.79 0.00 0.00
2022 04 22 04 01 -17.84 0.00 0.00
2022 04 22 04 02 -17.88 0.00 0.00
2022 04 22 04 03 -17.93 0.00 0.00
2022 04 22 04 04 -17.97 0.00 0.00
2022 04 22 04 05 -18.01 0.00 0.00
2022 04 22 04 06 -18.05 0.00 0.00
2022 04 22 04 07 -18.09 0.00 0.00
2022 04 22 04 08 -18.13 0.00 0.00
2022 04 22 04 09 -18.17 0.00 0.00
2022 04 22 04 10 -18.21 0.00 0.00
2022 04 22 04 11 -18.25 0.00 0.00
2022 04 22 04 12 -18.29 0.00 0.00
2022 04 22 04 13 -18.32 0.00 0.00
2022 04 22 04 14 -18.36 0.00 0.00
2022 04 22 04 15 -18.39 0.00 0.00
2022 04 22 04 16 -18.43 0.00 0.00
2022 04 22 04 17 -18.46 0.00 0.00
2022 04 22 04 18 -18.50 0.00 0.00
2022 04 22 04 19 -18.53 0.00 0.00
2022 04 22 04 20 -18.56 0.00 0.00
2022 04 22 04 21 -18.59 0.00 0.00
2022 04 22 04 22 -18.62 0.00 0.00
2022 04 22 04 23 -18.65 0.00 0.00
2022 04 22 04 24 -18.68 0.00 0.00
2022 04 22 04 25 -18.71 0.00 0.00
2022 04 22 04 26 -18.73 0.00 0.00
2022 04 22 04 27 -18.76 0.00 0.00
2022 04 22 04 28 -18.79 0.00 0.00
2022 04 22 04 29 -18.81 0.00 0.00
2022 04 22 04 30 -18.84 0.00 0.00
2022 04 22 04 31 -18.86 0.00 0.00
2022 04 22 04 32 -18.88 0.00 0.00
2022 04 22 04 33 -18.91 0.00 0.00
2022 04 22 04 34 -18.93 0.00 0.00
2022 04 22 04 35 -18.95 0.00 0.00
2022 04 22 04 36 -18.97 0.00 0.00
2022 04 22 04 37 -18.99 0.00 0.00
2022 04 22 04 38 -19.01 0.00 0.00
2022 04 22 04 39 -19.03 0.00 0.00
2022 04 22 04 40 -19.05 0.00 0.00
2022 04 22 04 41 -19.06 0.00 0.00
2022 04 22 04 42 -19.08 0.00 0.00
2022 04 22 04 43 -19.09 0.00 0.00
2022 04 22 04 44 -19.11 0.00 0.00
2022 04 22 04 45 -19.12 0.00 0.00
2022 04 22 04 46 -19.14 0.00 0.00
2022 04 22 04 47 -19.15 0.00 0.00
2022 04 22 04 48 -19.16 0.00 0.00
2022 04 22 04 49 -19.17 0.00 0.00
2022 04 22 04 50 -19.18 0.00 0.00
2022 04 22 04 51 -19.19 0.00 0.00
2022 04 22 04 52 -19.20 0.00 0.00
2022 04 22 04 53 -19.21 0.00 0.00
2022 04 22 04 54 -19.22 0.00 0.00
2022 04 22 04 55 -19.22 0.00 0.00
2022 04 22 04 56 -19.23 0.00 0.00
2022 04 22 04 57 -19.23 0.00 0.00
2022 04 22 04 58 -19.24 0.00 0.00
2022 04 22 04 59 -19.24 0.00 0.00
