2022 04 20 17 00 65.72 0.00 0.00
2022 04 20 17 01 65.73 0.00 0.00
2022 04 20 17 02 65.75 0.00 0.00
2022 04 20 17 03 65.76 0.00 0.00
2022 04 20 17 04 65.77 0.00 0.00
2022 04 20 17 05 65.78 0.00 0.00
2022 04 20 17 06 65.78 0.00 0.00
2022 04 20 17 07 65.79 0.00 0.00
2022 04 20 17 08 65.79 0.00 0.00
2022 04 20 17 09 65.80 0.00 0.00
2022 04 20 17 10 65.80 0.00 0.00
2022 04 20 17 11 65.80 0.00 0.00
2022 04 20 17 12 65.79 0.00 0.00
2022 04 20 17 13 65.79 0.00 0.00
2022 04 20 17 14 65.78 0.00 0.00
2022 04 20 17 15 65.77 0.00 0.00
2022 04 20 17 16 65.76 0.00 0.00
2022 04 20 17 17 65.75 115.48 0.00
2022 04 20 17 18 65.74 115.55 0.00
2022 04 20 17 19 65.73 115.62 0.00
2022 04 20 17 20 65.71 115.69 0.00
2022 04 20 17 21 65.69 115.76 0.00
2022 04 20 17 22 65.67 115.83 0.00
2022 04 20 17 23 65.65 115.90 0.00
2022 04 20 17 24 65.63 115.97 0.00
2022 04 20 17 25 65.61 116.03 0.00
2022 04 20 17 26 65.58 116.10 0.00
2022 04 20 17 27 65.55 116.16 0.00
2022 04 20 17 28 65.52 116.23 0.00
2022 04 20 17 29 65.49 116.29 0.00
2022 04 20 17 30 65.46 116.36 0.00
2022 04 20 17 31 65.43 116.42 0.00
2022 04 20 17 32 65.39 116.48 0.00
2022 04 20 17 33 65.35 116.54 0.00
2022 04 20 17 34 65.32 116.60 0.00
2022 04 20 17 35 65.28 116.66 0.00
2022 04 20 17 36 65.23 116.72 0.00
2022 04 20 17 37 65.19 116.78 0.00
2022 04 20 17 38 65.15 116.84 0.00
2022 04 20 17 39 65.10 116.89 0.00
2022 04 20 17 40 65.05 116.95 0.00
2022 04 20 17 41 65.00 117.01 0.00
2022 04 20 17 42 64.95 117.06 0.00
2022 04 20 17 43 64.90 117.12 0.00
2022 04 20 17 44 64.84 117.17 0.00
2022 04 20 17 45 64.79 117.22 0.00
2022 04 20 17 46 64.73 117.28 0.00
2022 04 20 17 47 64.67 117.33 0.00
2022 04 20 17 48 64.61 117.38 0.00
2022 04 20 17 49 64.55 117.43 0.00
2022 04 20 17 50 64.49 117.48 0.00
2022 04 20 17 51 64.43 117.53 0.00
2022 04 20 17 52 64.36 117.58 0.00
2022 04 20 17 53 64.30 117.63 0.00
2022 04 20 17 54 64.23 117.68 0.00
2022 04 20 17 55 64.16 117.72 0.00
2022 04 20 17 56 64.09 117.77 0.00
2022 04 20 17 57 64.01 117.82 0.00
2022 04 20 17 58 63.94 117.86 0.00
2022 04 20 17 59 63.87 117.91 0.00
2022 04 20 18 00 63.79 117.95 0.00
2022 04 20 18 01 63.71 118.00 0.00
2022 04 20 18 02 63.63 118.04 0.00
2022 04 20 18 03 63.55 118.08 0.00
2022 04 20 18 04 63.47 118.12 0.00
2022 04 20 18 05 63.39 118.16 0.00
2022 04 20 18 06 63.31 118.21 0.00
2022 04 20 18 07 63.22 118.25 0.00
2022 04 20 18 08 63.14 118.29 0.00
2022 04 20 18 09 63.05 118.33 0.00
2022 04 20 18 10 62.96 118.36 0.00
2022 04 20 18 11 62.87 118.40 0.00
2022 04 20 18 12 62.78 118.44 0.00
2022 04 20 18 13 62.69 118.48 0.00
2022 04 20 18 14 62.59 118.52 0.00
2022 04 20 18 15 62.50 118.55 0.00
2022 04 20 18 16 62.40 118.59 0.00
2022 04 20 18 17 62.31 118.62 0.00
2022 04 20 18 18 62.21 118.66 0.00
2022 04 20 18 19 62.11 118.69 0.00
2022 04 20 18 20 62.01 118.72 0.00
2022 04 20 18 21 61.91 118.76 0.00
2022 04 20 18 22 61.81 118.79 0.00
2022 04 20 18 23 61.71 118.82 0.00
2022 04 20 18 24 61.60 118.85 0.00
2022 04 20 18 25 61.50 118.89 0.00
2022 04 20 18 26 61.39 118.92 0.00
2022 04 20 18 27 61.28 118.95 0.00
2022 04 20 18 28 61.18 118.98 0.00
2022 04 20 18 29 61.07 119.01 0.00
2022 04 20 18 30 60.96 119.04 0.00
2022 04 20 18 31 60.85 119.06 0.00
2022 04 20 18 32 60.74 119.09 0.00
2022 04 20 18 33 60.62 119.12 0.00
2022 04 20 18 34 60.51 119.15 0.00
2022 04 20 18 35 60.40 119.17 0.00
2022 04 20 18 36 60.28 119.20 0.00
2022 04 20 18 37 60.16 119.23 0.00
2022 04 20 18 38 60.05 119.25 0.00
2022 04 20 18 39 59.93 119.28 0.00
2022 04 20 18 40 59.81 119.30 0.00
2022 04 20 18 41 59.69 119.32 0.00
2022 04 20 18 42 59.57 119.35 0.00
2022 04 20 18 43 59.45 119.37 0.00
2022 04 20 18 44 59.33 119.39 0.00
2022 04 20 18 45 59.21 119.42 0.00
2022 04 20 18 46 59.08 119.44 0.00
2022 04 20 18 47 58.96 119.46 0.00
2022 04 20 18 48 58.83 119.48 0.00
2022 04 20 18 49 58.71 119.50 0.00
2022 04 20 18 50 58.58 119.52 0.00
2022 04 20 18 51 58.45 119.54 0.00
2022 04 20 18 52 58.33 119.56 0.00
2022 04 20 18 53 58.20 119.58 0.00
2022 04 20 18 54 58.07 119.60 0.00
2022 04 20 18 55 57.94 119.62 0.00
2022 04 20 18 56 57.81 119.64 0.00
2022 04 20 18 57 57.68 119.66 0.00
2022 04 20 18 58 57.55 119.67 0.00
2022 04 20 18 59 57.41 119.69 0.00
2022 04 20 19 00 57.28 119.71 0.00
2022 04 20 19 01 57.15 119.72 0.00
2022 04 20 19 02 57.01 119.74 0.00
2022 04 20 19 03 56.88 119.75 0.00
2022 04 20 19 04 56.74 119.77 0.00
2022 04 20 19 05 56.60 119.79 0.00
2022 04 20 19 06 56.47 119.80 0.00
2022 04 20 19 07 56.33 119.81 0.00
2022 04 20 19 08 56.19 119.83 0.00
2022 04 20 19 09 56.05 119.84 0.00
2022 04 20 19 10 55.91 119.86 0.00
2022 04 20 19 11 55.77 119.87 0.00
2022 04 20 19 12 55.63 119.88 0.00
2022 04 20 19 13 55.49 119.89 0.00
2022 04 20 19 14 55.35 119.91 0.00
2022 04 20 19 15 55.21 119.92 0.00
2022 04 20 19 16 55.07 119.93 0.00
2022 04 20 19 17 54.93 119.94 0.00
2022 04 20 19 18 54.78 119.95 0.00
2022 04 20 19 19 54.64 119.96 0.00
2022 04 20 19 20 54.49 119.97 0.00
2022 04 20 19 21 54.35 119.98 0.00
2022 04 20 19 22 54.20 119.99 0.00
2022 04 20 19 23 54.06 120.00 0.00
2022 04 20 19 24 53.91 120.01 0.00
2022 04 20 19 25 53.77 120.02 0.00
2022 04 20 19 26 53.62 120.03 0.00
2022 04 20 19 27 53.47 120.04 0.00
2022 04 20 19 28 53.32 120.05 0.00
2022 04 20 19 29 53.17 120.06 0.00
2022 04 20 19 30 53.03 120.07 0.00
2022 04 20 19 31 52.88 120.07 0.00
2022 04 20 19 32 52.73 120.08 0.00
2022 04 20 19 33 52.58 120.09 0.00
2022 04 20 19 34 52.43 120.10 0.00
2022 04 20 19 35 52.28 120.10 0.00
2022 04 20 19 36 52.12 120.11 0.00
2022 04 20 19 37 51.97 120.12 0.00
2022 04 20 19 38 51.82 120.12 0.00
2022 04 20 19 39 51.67 120.13 0.00
2022 04 20 19 40 51.52 120.13 0.00
2022 04 20 19 41 51.36 120.14 0.00
2022 04 20 19 42 51.21 120.14 0.00
2022 04 20 19 43 51.06 120.15 0.00
2022 04 20 19 44 50.90 120.16 0.00
2022 04 20 19 45 50.75 120.16 0.00
2022 04 20 19 46 50.59 120.16 0.00
2022 04 20 19 47 50.44 120.17 0.00
2022 04 20 19 48 50.28 120.17 0.00
2022 04 20 19 49 50.13 120.18 0.00
2022 04 20 19 50 49.97 120.18 0.00
2022 04 20 19 51 49.82 120.19 0.00
2022 04 20 19 52 49.66 120.19 0.00
2022 04 20 19 53 49.50 120.19 0.00
2022 04 20 19 54 49.35 120.20 49.39
2022 04 20 19 55 49.19 120.20 49.28
2022 04 20 19 56 49.03 120.20 49.18
2022 04 20 19 57 48.87 120.20 49.08
2022 04 20 19 58 48.71 120.21 48.97
2022 04 20 19 59 48.56 120.21 48.88
2022 04 20 20 00 48.40 120.21 48.78
2022 04 20 20 01 48.24 120.21 48.68
2022 04 20 20 02 48.08 120.22 48.59
2022 04 20 20 03 47.92 120.22 48.49
2022 04 20 20 04 47.76 120.22 48.40
2022 04 20 20 05 47.60 120.22 48.31
2022 04 20 20 06 47.44 120.22 48.22
2022 04 20 20 07 47.28 120.23 48.13
2022 04 20 20 08 47.12 120.23 48.05
2022 04 20 20 09 46.96 120.23 47.96
2022 04 20 20 10 46.80 120.23 47.88
2022 04 20 20 11 46.63 120.23 47.80
2022 04 20 20 12 46.47 120.23 47.72
2022 04 20 20 13 46.31 120.23 47.64
2022 04 20 20 14 46.15 120.23 47.56
2022 04 20 20 15 45.99 120.23 47.48
2022 04 20 20 16 45.82 120.24 47.41
2022 04 20 20 17 45.66 120.24 47.33
2022 04 20 20 18 45.50 120.24 47.26
2022 04 20 20 19 45.34 120.24 47.19
2022 04 20 20 20 45.17 120.24 47.12
2022 04 20 20 21 45.01 120.24 47.05
2022 04 20 20 22 44.85 120.24 46.98
2022 04 20 20 23 44.68 120.24 46.92
2022 04 20 20 24 44.52 120.24 46.86
2022 04 20 20 25 44.35 120.24 46.79
2022 04 20 20 26 44.19 120.24 46.73
2022 04 20 20 27 44.03 120.24 46.67
2022 04 20 20 28 43.86 120.24 46.61
2022 04 20 20 29 43.70 120.24 46.55
2022 04 20 20 30 43.53 120.24 46.50
2022 04 20 20 31 43.37 120.23 46.44
2022 04 20 20 32 43.20 120.23 46.39
2022 04 20 20 33 43.04 120.23 46.34
2022 04 20 20 34 42.87 120.23 46.28
2022 04 20 20 35 42.71 120.23 46.23
2022 04 20 20 36 42.54 120.23 46.19
2022 04 20 20 37 42.37 120.23 46.14
2022 04 20 20 38 42.21 120.23 46.09
2022 04 20 20 39 42.04 120.23 46.05
2022 04 20 20 40 41.88 120.23 46.00
2022 04 20 20 41 41.71 120.23 45.96
2022 04 20 20 42 41.54 120.23 45.92
2022 04 20 20 43 41.38 120.23 45.88
2022 04 20 20 44 41.21 120.23 45.84
2022 04 20 20 45 41.04 120.22 45.80
2022 04 20 20 46 40.88 120.22 45.76
2022 04 20 20 47 40.71 120.22 45.73
2022 04 20 20 48 40.54 120.22 45.70
2022 04 20 20 49 40.37 120.22 45.66
2022 04 20 20 50 40.21 120.22 45.63
2022 04 20 20 51 40.04 120.22 45.60
2022 04 20 20 52 39.87 120.22 45.57
2022 04 20 20 53 39.71 120.22 45.54
2022 04 20 20 54 39.54 120.21 45.51
2022 04 20 20 55 39.37 120.21 45.49
2022 04 20 20 56 39.20 120.21 45.46
2022 04 20 20 57 39.03 120.21 45.44
2022 04 20 20 58 38.87 120.21 45.42
2022 04 20 20 59 38.70 120.21 45.40
2022 04 20 21 00 38.53 120.21 45.38
2022 04 20 21 01 38.36 120.21 45.36
2022 04 20 21 02 38.19 120.21 45.34
2022 04 20 21 03 38.02 120.20 45.32
2022 04 20 21 04 37.86 120.20 45.30
2022 04 20 21 05 37.69 120.20 45.29
2022 04 20 21 06 37.52 120.20 45.28
2022 04 20 21 07 37.35 120.20 45.26
2022 04 20 21 08 37.18 120.20 45.25
2022 04 20 21 09 37.01 120.20 45.24
2022 04 20 21 10 36.84 120.20 45.23
2022 04 20 21 11 36.68 120.20 45.22
2022 04 20 21 12 36.51 120.20 45.22
2022 04 20 21 13 36.34 120.19 45.21
2022 04 20 21 14 36.17 120.19 45.20
2022 04 20 21 15 36.00 120.19 45.20
2022 04 20 21 16 35.83 120.19 45.20
2022 04 20 21 17 35.66 120.19 45.19
2022 04 20 21 18 35.49 120.19 45.19
2022 04 20 21 19 35.32 120.19 45.19
2022 04 20 21 20 35.15 120.19 45.19
2022 04 20 21 21 34.99 120.19 45.20
2022 04 20 21 22 34.82 120.19 45.20
2022 04 20 21 23 34.65 120.19 45.20
2022 04 20 21 24 34.48 120.19 45.21
2022 04 20 21 25 34.31 120.18 45.21
2022 04 20 21 26 34.14 120.18 45.22
2022 04 20 21 27 33.97 120.18 45.23
2022 04 20 21 28 33.80 120.18 45.24
2022 04 20 21 29 33.63 120.18 45.25
2022 04 20 21 30 33.46 120.18 45.26
2022 04 20 21 31 33.29 120.18 45.27
2022 04 20 21 32 33.12 120.18 45.28
2022 04 20 21 33 32.95 120.18 45.30
2022 04 20 21 34 32.78 120.18 45.31
2022 04 20 21 35 32.61 120.18 45.33
2022 04 20 21 36 32.44 120.18 45.34
2022 04 20 21 37 32.28 120.18 45.36
2022 04 20 21 38 32.11 120.18 45.38
2022 04 20 21 39 31.94 120.18 45.40
2022 04 20 21 40 31.77 120.18 45.42
2022 04 20 21 41 31.60 120.18 45.44
2022 04 20 21 42 31.43 120.18 45.46
2022 04 20 21 43 31.26 120.18 45.49
2022 04 20 21 44 31.09 120.18 45.51
2022 04 20 21 45 30.92 120.18 45.54
2022 04 20 21 46 30.75 120.18 45.56
2022 04 20 21 47 30.58 120.18 45.59
2022 04 20 21 48 30.41 120.18 45.62
2022 04 20 21 49 30.24 120.18 45.65
2022 04 20 21 50 30.07 120.18 45.68
2022 04 20 21 51 29.90 120.18 45.71
2022 04 20 21 52 29.73 120.18 45.74
2022 04 20 21 53 29.57 120.18 45.77
2022 04 20 21 54 29.40 120.18 45.80
2022 04 20 21 55 29.23 120.18 45.84
2022 04 20 21 56 29.06 120.18 45.87
2022 04 20 21 57 28.89 120.18 45.91
2022 04 20 21 58 28.72 120.18 45.94
2022 04 20 21 59 28.55 120.18 45.98
2022 04 20 22 00 28.38 120.18 46.02
2022 04 20 22 01 28.21 120.18 46.06
2022 04 20 22 02 28.04 120.19 46.10
2022 04 20 22 03 27.88 120.19 46.14
2022 04 20 22 04 27.71 120.19 46.18
2022 04 20 22 05 27.54 120.19 46.22
2022 04 20 22 06 27.37 120.19 46.27
2022 04 20 22 07 27.20 120.19 46.31
2022 04 20 22 08 27.03 120.19 46.36
2022 04 20 22 09 26.86 120.19 46.40
2022 04 20 22 10 26.69 120.19 46.45
2022 04 20 22 11 26.53 120.19 46.50
2022 04 20 22 12 26.36 120.19 46.54
2022 04 20 22 13 26.19 120.19 46.59
2022 04 20 22 14 26.02 120.20 46.64
2022 04 20 22 15 25.85 120.20 46.69
2022 04 20 22 16 25.68 120.20 46.74
2022 04 20 22 17 25.52 120.20 46.80
2022 04 20 22 18 25.35 120.20 46.85
2022 04 20 22 19 25.18 120.20 46.90
2022 04 20 22 20 25.01 120.20 46.96
2022 04 20 22 21 24.84 120.20 47.01
2022 04 20 22 22 24.68 120.20 47.07
2022 04 20 22 23 24.51 120.20 47.13
2022 04 20 22 24 24.34 120.21 47.18
2022 04 20 22 25 24.17 120.21 47.24
2022 04 20 22 26 24.01 120.21 47.30
2022 04 20 22 27 23.84 120.21 47.36
2022 04 20 22 28 23.67 120.21 47.42
2022 04 20 22 29 23.51 120.21 47.48
2022 04 20 22 30 23.34 120.21 47.55
2022 04 20 22 31 23.17 120.21 47.61
2022 04 20 22 32 23.00 120.21 47.67
2022 04 20 22 33 22.84 120.22 47.74
2022 04 20 22 34 22.67 120.22 47.80
2022 04 20 22 35 22.50 120.22 47.87
2022 04 20 22 36 22.34 120.22 47.94
2022 04 20 22 37 22.17 120.22 48.00
2022 04 20 22 38 22.00 120.22 48.07
2022 04 20 22 39 21.84 120.22 48.14
2022 04 20 22 40 21.67 120.22 48.21
2022 04 20 22 41 21.51 120.22 48.28
2022 04 20 22 42 21.34 120.22 48.35
2022 04 20 22 43 21.17 120.23 48.42
2022 04 20 22 44 21.01 120.23 48.50
2022 04 20 22 45 20.84 120.23 48.57
2022 04 20 22 46 20.68 120.23 48.64
2022 04 20 22 47 20.51 120.23 48.72
2022 04 20 22 48 20.35 120.23 48.79
2022 04 20 22 49 20.18 120.23 48.87
2022 04 20 22 50 20.02 120.23 48.95
2022 04 20 22 51 19.85 120.23 49.02
2022 04 20 22 52 19.69 120.23 49.10
2022 04 20 22 53 19.52 120.23 49.18
2022 04 20 22 54 19.36 120.23 49.26
2022 04 20 22 55 19.19 120.23 49.34
2022 04 20 22 56 19.03 120.24 49.42
2022 04 20 22 57 18.86 120.24 49.50
2022 04 20 22 58 18.70 120.24 49.59
2022 04 20 22 59 18.53 120.24 49.67
2022 04 20 23 00 18.37 120.24 49.75
2022 04 20 23 01 18.21 120.24 49.84
2022 04 20 23 02 18.04 120.24 49.92
2022 04 20 23 03 17.88 120.24 50.01
2022 04 20 23 04 17.72 120.24 50.10
2022 04 20 23 05 17.55 120.24 50.18
2022 04 20 23 06 17.39 120.24 50.27
2022 04 20 23 07 17.23 120.24 50.36
2022 04 20 23 08 17.06 120.24 50.45
2022 04 20 23 09 16.90 120.24 50.54
2022 04 20 23 10 16.74 120.24 50.63
2022 04 20 23 11 16.58 120.23 50.72
2022 04 20 23 12 16.41 120.23 50.81
2022 04 20 23 13 16.25 120.23 50.90
2022 04 20 23 14 16.09 120.23 51.00
2022 04 20 23 15 15.93 120.23 51.09
2022 04 20 23 16 15.77 120.23 51.19
2022 04 20 23 17 15.60 120.23 51.28
2022 04 20 23 18 15.44 120.23 51.38
2022 04 20 23 19 15.28 120.23 51.47
2022 04 20 23 20 15.12 120.22 51.57
2022 04 20 23 21 14.96 120.22 51.67
2022 04 20 23 22 14.80 120.22 51.77
2022 04 20 23 23 14.64 120.22 51.87
2022 04 20 23 24 14.48 120.22 51.97
2022 04 20 23 25 14.32 120.22 52.07
2022 04 20 23 26 14.16 120.21 52.17
2022 04 20 23 27 14.00 120.21 52.27
2022 04 20 23 28 13.84 120.21 52.37
2022 04 20 23 29 13.68 120.21 52.47
2022 04 20 23 30 13.52 120.20 52.58
2022 04 20 23 31 13.36 120.20 52.68
2022 04 20 23 32 13.20 120.20 52.79
2022 04 20 23 33 13.04 120.19 52.89
2022 04 20 23 34 12.88 120.19 53.00
2022 04 20 23 35 12.72 120.19 53.10
2022 04 20 23 36 12.56 120.18 53.21
2022 04 20 23 37 12.41 120.18 53.32
2022 04 20 23 38 12.25 120.17 53.43
2022 04 20 23 39 12.09 120.17 53.54
2022 04 20 23 40 11.93 120.17 53.65
2022 04 20 23 41 11.78 120.16 53.76
2022 04 20 23 42 11.62 120.16 53.87
2022 04 20 23 43 11.46 120.15 53.98
2022 04 20 23 44 11.30 120.15 54.09
2022 04 20 23 45 11.15 120.14 54.21
2022 04 20 23 46 10.99 120.13 54.32
2022 04 20 23 47 10.83 120.13 54.43
2022 04 20 23 48 10.68 120.12 54.55
2022 04 20 23 49 10.52 120.12 54.67
2022 04 20 23 50 10.37 120.11 54.78
2022 04 20 23 51 10.21 120.10 54.90
2022 04 20 23 52 10.06 120.10 55.02
2022 04 20 23 53 9.90 0.00 0.00
2022 04 20 23 54 9.74 0.00 0.00
2022 04 20 23 55 9.59 0.00 0.00
2022 04 20 23 56 9.44 0.00 0.00
2022 04 20 23 57 9.28 0.00 0.00
2022 04 20 23 58 9.13 0.00 0.00
2022 04 20 23 59 8.97 0.00 0.00
2022 04 21 00 00 8.82 0.00 0.00
2022 04 21 00 01 8.67 0.00 0.00
2022 04 21 00 02 8.51 0.00 0.00
2022 04 21 00 03 8.36 0.00 0.00
2022 04 21 00 04 8.21 0.00 0.00
2022 04 21 00 05 8.05 0.00 0.00
2022 04 21 00 06 7.90 0.00 0.00
2022 04 21 00 07 7.75 0.00 0.00
2022 04 21 00 08 7.60 0.00 0.00
2022 04 21 00 09 7.45 0.00 0.00
2022 04 21 00 10 7.29 0.00 0.00
2022 04 21 00 11 7.14 0.00 0.00
2022 04 21 00 12 6.99 0.00 0.00
2022 04 21 00 13 6.84 0.00 0.00
2022 04 21 00 14 6.69 0.00 0.00
2022 04 21 00 15 6.54 0.00 0.00
2022 04 21 00 16 6.39 0.00 0.00
2022 04 21 00 17 6.24 0.00 0.00
2022 04 21 00 18 6.09 0.00 0.00
2022 04 21 00 19 5.94 0.00 0.00
2022 04 21 00 20 5.79 0.00 0.00
2022 04 21 00 21 5.64 0.00 0.00
2022 04 21 00 22 5.50 0.00 0.00
2022 04 21 00 23 5.35 0.00 0.00
2022 04 21 00 24 5.20 0.00 0.00
2022 04 21 00 25 5.05 0.00 0.00
2022 04 21 00 26 4.90 0.00 0.00
2022 04 21 00 27 4.76 0.00 0.00
2022 04 21 00 28 4.61 0.00 0.00
2022 04 21 00 29 4.46 0.00 0.00
2022 04 21 00 30 4.32 0.00 0.00
2022 04 21 00 31 4.17 0.00 0.00
2022 04 21 00 32 4.02 0.00 0.00
2022 04 21 00 33 3.88 0.00 0.00
2022 04 21 00 34 3.73 0.00 0.00
2022 04 21 00 35 3.59 0.00 0.00
2022 04 21 00 36 3.44 0.00 0.00
2022 04 21 00 37 3.30 0.00 0.00
2022 04 21 00 38 3.15 0.00 0.00
2022 04 21 00 39 3.01 0.00 0.00
2022 04 21 00 40 2.87 0.00 0.00
2022 04 21 00 41 2.72 0.00 0.00
2022 04 21 00 42 2.58 0.00 0.00
2022 04 21 00 43 2.44 0.00 0.00
2022 04 21 00 44 2.29 0.00 0.00
2022 04 21 00 45 2.15 0.00 0.00
2022 04 21 00 46 2.01 0.00 0.00
2022 04 21 00 47 1.87 0.00 0.00
2022 04 21 00 48 1.73 0.00 0.00
2022 04 21 00 49 1.59 0.00 0.00
2022 04 21 00 50 1.45 0.00 0.00
2022 04 21 00 51 1.30 0.00 0.00
2022 04 21 00 52 1.16 0.00 0.00
2022 04 21 00 53 1.02 0.00 0.00
2022 04 21 00 54 0.89 0.00 0.00
2022 04 21 00 55 0.75 0.00 0.00
2022 04 21 00 56 0.61 0.00 0.00
2022 04 21 00 57 0.47 0.00 0.00
2022 04 21 00 58 0.33 0.00 0.00
2022 04 21 00 59 0.19 0.00 0.00
2022 04 21 01 00 0.05 0.00 0.00
2022 04 21 01 01 -0.08 0.00 0.00
2022 04 21 01 02 -0.22 0.00 0.00
2022 04 21 01 03 -0.36 0.00 0.00
2022 04 21 01 04 -0.49 0.00 0.00
2022 04 21 01 05 -0.63 0.00 0.00
2022 04 21 01 06 -0.77 0.00 0.00
2022 04 21 01 07 -0.90 0.00 0.00
2022 04 21 01 08 -1.04 0.00 0.00
2022 04 21 01 09 -1.17 0.00 0.00
2022 04 21 01 10 -1.31 0.00 0.00
2022 04 21 01 11 -1.44 0.00 0.00
2022 04 21 01 12 -1.57 0.00 0.00
2022 04 21 01 13 -1.71 0.00 0.00
2022 04 21 01 14 -1.84 0.00 0.00
2022 04 21 01 15 -1.97 0.00 0.00
2022 04 21 01 16 -2.11 0.00 0.00
2022 04 21 01 17 -2.24 0.00 0.00
2022 04 21 01 18 -2.37 0.00 0.00
2022 04 21 01 19 -2.50 0.00 0.00
2022 04 21 01 20 -2.63 0.00 0.00
2022 04 21 01 21 -2.76 0.00 0.00
2022 04 21 01 22 -2.89 0.00 0.00
2022 04 21 01 23 -3.02 0.00 0.00
2022 04 21 01 24 -3.15 0.00 0.00
2022 04 21 01 25 -3.28 0.00 0.00
2022 04 21 01 26 -3.41 0.00 0.00
2022 04 21 01 27 -3.54 0.00 0.00
2022 04 21 01 28 -3.67 0.00 0.00
2022 04 21 01 29 -3.79 0.00 0.00
2022 04 21 01 30 -3.92 0.00 0.00
2022 04 21 01 31 -4.05 0.00 0.00
2022 04 21 01 32 -4.18 0.00 0.00
2022 04 21 01 33 -4.30 0.00 0.00
2022 04 21 01 34 -4.43 0.00 0.00
2022 04 21 01 35 -4.55 0.00 0.00
2022 04 21 01 36 -4.68 0.00 0.00
2022 04 21 01 37 -4.80 0.00 0.00
2022 04 21 01 38 -4.93 0.00 0.00
2022 04 21 01 39 -5.05 0.00 0.00
2022 04 21 01 40 -5.17 0.00 0.00
2022 04 21 01 41 -5.30 0.00 0.00
2022 04 21 01 42 -5.42 0.00 0.00
2022 04 21 01 43 -5.54 0.00 0.00
2022 04 21 01 44 -5.67 0.00 0.00
2022 04 21 01 45 -5.79 0.00 0.00
2022 04 21 01 46 -5.91 0.00 0.00
2022 04 21 01 47 -6.03 0.00 0.00
2022 04 21 01 48 -6.15 0.00 0.00
2022 04 21 01 49 -6.27 0.00 0.00
2022 04 21 01 50 -6.39 0.00 0.00
2022 04 21 01 51 -6.51 0.00 0.00
2022 04 21 01 52 -6.63 0.00 0.00
2022 04 21 01 53 -6.74 0.00 0.00
2022 04 21 01 54 -6.86 0.00 0.00
2022 04 21 01 55 -6.98 0.00 0.00
2022 04 21 01 56 -7.10 0.00 0.00
2022 04 21 01 57 -7.21 0.00 0.00
2022 04 21 01 58 -7.33 0.00 0.00
2022 04 21 01 59 -7.44 0.00 0.00
2022 04 21 02 00 -7.56 0.00 0.00
2022 04 21 02 01 -7.67 0.00 0.00
2022 04 21 02 02 -7.79 0.00 0.00
2022 04 21 02 03 -7.90 0.00 0.00
2022 04 21 02 04 -8.02 0.00 0.00
2022 04 21 02 05 -8.13 0.00 0.00
2022 04 21 02 06 -8.24 0.00 0.00
2022 04 21 02 07 -8.35 0.00 0.00
2022 04 21 02 08 -8.47 0.00 0.00
2022 04 21 02 09 -8.58 0.00 0.00
2022 04 21 02 10 -8.69 0.00 0.00
2022 04 21 02 11 -8.80 0.00 0.00
2022 04 21 02 12 -8.91 0.00 0.00
2022 04 21 02 13 -9.02 0.00 0.00
2022 04 21 02 14 -9.13 0.00 0.00
2022 04 21 02 15 -9.23 0.00 0.00
2022 04 21 02 16 -9.34 0.00 0.00
2022 04 21 02 17 -9.45 0.00 0.00
2022 04 21 02 18 -9.56 0.00 0.00
2022 04 21 02 19 -9.66 0.00 0.00
2022 04 21 02 20 -9.77 0.00 0.00
2022 04 21 02 21 -9.87 0.00 0.00
2022 04 21 02 22 -9.98 0.00 0.00
2022 04 21 02 23 -10.08 0.00 0.00
2022 04 21 02 24 -10.19 0.00 0.00
2022 04 21 02 25 -10.29 0.00 0.00
2022 04 21 02 26 -10.40 0.00 0.00
2022 04 21 02 27 -10.50 0.00 0.00
2022 04 21 02 28 -10.60 0.00 0.00
2022 04 21 02 29 -10.70 0.00 0.00
2022 04 21 02 30 -10.80 0.00 0.00
2022 04 21 02 31 -10.90 0.00 0.00
2022 04 21 02 32 -11.00 0.00 0.00
2022 04 21 02 33 -11.10 0.00 0.00
2022 04 21 02 34 -11.20 0.00 0.00
2022 04 21 02 35 -11.30 0.00 0.00
2022 04 21 02 36 -11.40 0.00 0.00
2022 04 21 02 37 -11.50 0.00 0.00
2022 04 21 02 38 -11.59 0.00 0.00
2022 04 21 02 39 -11.69 0.00 0.00
2022 04 21 02 40 -11.79 0.00 0.00
2022 04 21 02 41 -11.88 0.00 0.00
2022 04 21 02 42 -11.98 0.00 0.00
2022 04 21 02 43 -12.07 0.00 0.00
2022 04 21 02 44 -12.17 0.00 0.00
2022 04 21 02 45 -12.26 0.00 0.00
2022 04 21 02 46 -12.35 0.00 0.00
2022 04 21 02 47 -12.45 0.00 0.00
2022 04 21 02 48 -12.54 0.00 0.00
2022 04 21 02 49 -12.63 0.00 0.00
2022 04 21 02 50 -12.72 0.00 0.00
2022 04 21 02 51 -12.81 0.00 0.00
2022 04 21 02 52 -12.90 0.00 0.00
2022 04 21 02 53 -12.99 0.00 0.00
2022 04 21 02 54 -13.08 0.00 0.00
2022 04 21 02 55 -13.16 0.00 0.00
2022 04 21 02 56 -13.25 0.00 0.00
2022 04 21 02 57 -13.34 0.00 0.00
2022 04 21 02 58 -13.43 0.00 0.00
2022 04 21 02 59 -13.51 0.00 0.00
2022 04 21 03 00 -13.60 0.00 0.00
2022 04 21 03 01 -13.68 0.00 0.00
2022 04 21 03 02 -13.77 0.00 0.00
2022 04 21 03 03 -13.85 0.00 0.00
2022 04 21 03 04 -13.93 0.00 0.00
2022 04 21 03 05 -14.01 0.00 0.00
2022 04 21 03 06 -14.10 0.00 0.00
2022 04 21 03 07 -14.18 0.00 0.00
2022 04 21 03 08 -14.26 0.00 0.00
2022 04 21 03 09 -14.34 0.00 0.00
2022 04 21 03 10 -14.42 0.00 0.00
2022 04 21 03 11 -14.50 0.00 0.00
2022 04 21 03 12 -14.58 0.00 0.00
2022 04 21 03 13 -14.65 0.00 0.00
2022 04 21 03 14 -14.73 0.00 0.00
2022 04 21 03 15 -14.81 0.00 0.00
2022 04 21 03 16 -14.88 0.00 0.00
2022 04 21 03 17 -14.96 0.00 0.00
2022 04 21 03 18 -15.03 0.00 0.00
2022 04 21 03 19 -15.11 0.00 0.00
2022 04 21 03 20 -15.18 0.00 0.00
2022 04 21 03 21 -15.25 0.00 0.00
2022 04 21 03 22 -15.33 0.00 0.00
2022 04 21 03 23 -15.40 0.00 0.00
2022 04 21 03 24 -15.47 0.00 0.00
2022 04 21 03 25 -15.54 0.00 0.00
2022 04 21 03 26 -15.61 0.00 0.00
2022 04 21 03 27 -15.68 0.00 0.00
2022 04 21 03 28 -15.75 0.00 0.00
2022 04 21 03 29 -15.82 0.00 0.00
2022 04 21 03 30 -15.88 0.00 0.00
2022 04 21 03 31 -15.95 0.00 0.00
2022 04 21 03 32 -16.02 0.00 0.00
2022 04 21 03 33 -16.08 0.00 0.00
2022 04 21 03 34 -16.15 0.00 0.00
2022 04 21 03 35 -16.21 0.00 0.00
2022 04 21 03 36 -16.28 0.00 0.00
2022 04 21 03 37 -16.34 0.00 0.00
2022 04 21 03 38 -16.40 0.00 0.00
2022 04 21 03 39 -16.46 0.00 0.00
2022 04 21 03 40 -16.52 0.00 0.00
2022 04 21 03 41 -16.58 0.00 0.00
2022 04 21 03 42 -16.64 0.00 0.00
2022 04 21 03 43 -16.70 0.00 0.00
2022 04 21 03 44 -16.76 0.00 0.00
2022 04 21 03 45 -16.82 0.00 0.00
2022 04 21 03 46 -16.88 0.00 0.00
2022 04 21 03 47 -16.93 0.00 0.00
2022 04 21 03 48 -16.99 0.00 0.00
2022 04 21 03 49 -17.05 0.00 0.00
2022 04 21 03 50 -17.10 0.00 0.00
2022 04 21 03 51 -17.15 0.00 0.00
2022 04 21 03 52 -17.21 0.00 0.00
2022 04 21 03 53 -17.26 0.00 0.00
2022 04 21 03 54 -17.31 0.00 0.00
2022 04 21 03 55 -17.36 0.00 0.00
2022 04 21 03 56 -17.41 0.00 0.00
2022 04 21 03 57 -17.46 0.00 0.00
2022 04 21 03 58 -17.51 0.00 0.00
2022 04 21 03 59 -17.56 0.00 0.00
2022 04 21 04 00 -17.61 0.00 0.00
2022 04 21 04 01 -17.66 0.00 0.00
2022 04 21 04 02 -17.71 0.00 0.00
2022 04 21 04 03 -17.75 0.00 0.00
2022 04 21 04 04 -17.80 0.00 0.00
2022 04 21 04 05 -17.84 0.00 0.00
2022 04 21 04 06 -17.89 0.00 0.00
2022 04 21 04 07 -17.93 0.00 0.00
2022 04 21 04 08 -17.97 0.00 0.00
2022 04 21 04 09 -18.01 0.00 0.00
2022 04 21 04 10 -18.06 0.00 0.00
2022 04 21 04 11 -18.10 0.00 0.00
2022 04 21 04 12 -18.14 0.00 0.00
2022 04 21 04 13 -18.17 0.00 0.00
2022 04 21 04 14 -18.21 0.00 0.00
2022 04 21 04 15 -18.25 0.00 0.00
2022 04 21 04 16 -18.29 0.00 0.00
2022 04 21 04 17 -18.33 0.00 0.00
2022 04 21 04 18 -18.36 0.00 0.00
2022 04 21 04 19 -18.40 0.00 0.00
2022 04 21 04 20 -18.43 0.00 0.00
2022 04 21 04 21 -18.46 0.00 0.00
2022 04 21 04 22 -18.50 0.00 0.00
2022 04 21 04 23 -18.53 0.00 0.00
2022 04 21 04 24 -18.56 0.00 0.00
2022 04 21 04 25 -18.59 0.00 0.00
2022 04 21 04 26 -18.62 0.00 0.00
2022 04 21 04 27 -18.65 0.00 0.00
2022 04 21 04 28 -18.68 0.00 0.00
2022 04 21 04 29 -18.71 0.00 0.00
2022 04 21 04 30 -18.74 0.00 0.00
2022 04 21 04 31 -18.76 0.00 0.00
2022 04 21 04 32 -18.79 0.00 0.00
2022 04 21 04 33 -18.81 0.00 0.00
2022 04 21 04 34 -18.84 0.00 0.00
2022 04 21 04 35 -18.86 0.00 0.00
2022 04 21 04 36 -18.89 0.00 0.00
2022 04 21 04 37 -18.91 0.00 0.00
2022 04 21 04 38 -18.93 0.00 0.00
2022 04 21 04 39 -18.95 0.00 0.00
2022 04 21 04 40 -18.97 0.00 0.00
2022 04 21 04 41 -18.99 0.00 0.00
2022 04 21 04 42 -19.01 0.00 0.00
2022 04 21 04 43 -19.03 0.00 0.00
2022 04 21 04 44 -19.05 0.00 0.00
2022 04 21 04 45 -19.06 0.00 0.00
2022 04 21 04 46 -19.08 0.00 0.00
2022 04 21 04 47 -19.09 0.00 0.00
2022 04 21 04 48 -19.11 0.00 0.00
2022 04 21 04 49 -19.12 0.00 0.00
2022 04 21 04 50 -19.14 0.00 0.00
2022 04 21 04 51 -19.15 0.00 0.00
2022 04 21 04 52 -19.16 0.00 0.00
2022 04 21 04 53 -19.17 0.00 0.00
2022 04 21 04 54 -19.18 0.00 0.00
2022 04 21 04 55 -19.19 0.00 0.00
2022 04 21 04 56 -19.20 0.00 0.00
2022 04 21 04 57 -19.21 0.00 0.00
2022 04 21 04 58 -19.22 0.00 0.00
2022 04 21 04 59 -19.22 0.00 0.00
