2022 04 22 17 00 65.79 0.00 0.00
2022 04 22 17 01 65.80 0.00 0.00
2022 04 22 17 02 65.80 0.00 0.00
2022 04 22 17 03 65.80 0.00 0.00
2022 04 22 17 04 65.79 0.00 0.00
2022 04 22 17 05 65.79 0.00 0.00
2022 04 22 17 06 65.78 0.00 0.00
2022 04 22 17 07 65.78 0.00 0.00
2022 04 22 17 08 65.77 0.00 0.00
2022 04 22 17 09 65.76 0.00 0.00
2022 04 22 17 10 65.74 0.00 0.00
2022 04 22 17 11 65.73 0.00 0.00
2022 04 22 17 12 65.71 0.00 0.00
2022 04 22 17 13 65.70 0.00 0.00
2022 04 22 17 14 65.68 0.00 0.00
2022 04 22 17 15 65.66 0.00 0.00
2022 04 22 17 16 65.63 115.96 0.00
2022 04 22 17 17 65.61 116.02 0.00
2022 04 22 17 18 65.58 116.09 0.00
2022 04 22 17 19 65.56 116.16 0.00
2022 04 22 17 20 65.53 116.22 0.00
2022 04 22 17 21 65.50 116.28 0.00
2022 04 22 17 22 65.46 116.35 0.00
2022 04 22 17 23 65.43 116.41 0.00
2022 04 22 17 24 65.40 116.47 0.00
2022 04 22 17 25 65.36 116.53 0.00
2022 04 22 17 26 65.32 116.59 0.00
2022 04 22 17 27 65.28 116.65 0.00
2022 04 22 17 28 65.24 116.71 0.00
2022 04 22 17 29 65.20 116.77 0.00
2022 04 22 17 30 65.15 116.83 0.00
2022 04 22 17 31 65.11 116.89 0.00
2022 04 22 17 32 65.06 116.94 0.00
2022 04 22 17 33 65.01 117.00 0.00
2022 04 22 17 34 64.96 117.05 0.00
2022 04 22 17 35 64.91 117.11 0.00
2022 04 22 17 36 64.85 117.16 0.00
2022 04 22 17 37 64.80 117.22 0.00
2022 04 22 17 38 64.74 117.27 0.00
2022 04 22 17 39 64.68 117.32 0.00
2022 04 22 17 40 64.62 117.37 0.00
2022 04 22 17 41 64.56 117.42 0.00
2022 04 22 17 42 64.50 117.47 0.00
2022 04 22 17 43 64.44 117.52 0.00
2022 04 22 17 44 64.37 117.57 0.00
2022 04 22 17 45 64.30 117.62 0.00
2022 04 22 17 46 64.24 117.67 0.00
2022 04 22 17 47 64.17 117.72 0.00
2022 04 22 17 48 64.10 117.76 0.00
2022 04 22 17 49 64.02 117.81 0.00
2022 04 22 17 50 63.95 117.86 0.00
2022 04 22 17 51 63.88 117.90 0.00
2022 04 22 17 52 63.80 117.95 0.00
2022 04 22 17 53 63.72 117.99 0.00
2022 04 22 17 54 63.64 118.03 0.00
2022 04 22 17 55 63.56 118.08 0.00
2022 04 22 17 56 63.48 118.12 0.00
2022 04 22 17 57 63.40 118.16 0.00
2022 04 22 17 58 63.32 118.20 0.00
2022 04 22 17 59 63.23 118.24 0.00
2022 04 22 18 00 63.15 118.28 0.00
2022 04 22 18 01 63.06 118.32 0.00
2022 04 22 18 02 62.97 118.36 0.00
2022 04 22 18 03 62.88 118.40 0.00
2022 04 22 18 04 62.79 118.44 0.00
2022 04 22 18 05 62.70 118.47 0.00
2022 04 22 18 06 62.61 118.51 0.00
2022 04 22 18 07 62.51 118.55 0.00
2022 04 22 18 08 62.42 118.58 0.00
2022 04 22 18 09 62.32 118.62 0.00
2022 04 22 18 10 62.22 118.65 0.00
2022 04 22 18 11 62.12 118.69 0.00
2022 04 22 18 12 62.03 118.72 0.00
2022 04 22 18 13 61.92 118.75 0.00
2022 04 22 18 14 61.82 118.79 0.00
2022 04 22 18 15 61.72 118.82 0.00
2022 04 22 18 16 61.62 118.85 0.00
2022 04 22 18 17 61.51 118.88 0.00
2022 04 22 18 18 61.41 118.91 0.00
2022 04 22 18 19 61.30 118.94 0.00
2022 04 22 18 20 61.19 118.97 0.00
2022 04 22 18 21 61.08 119.00 0.00
2022 04 22 18 22 60.97 119.03 0.00
2022 04 22 18 23 60.86 119.06 0.00
2022 04 22 18 24 60.75 119.09 0.00
2022 04 22 18 25 60.64 119.12 0.00
2022 04 22 18 26 60.53 119.14 0.00
2022 04 22 18 27 60.41 119.17 0.00
2022 04 22 18 28 60.30 119.20 0.00
2022 04 22 18 29 60.18 119.22 0.00
2022 04 22 18 30 60.06 119.25 0.00
2022 04 22 18 31 59.95 119.27 0.00
2022 04 22 18 32 59.83 119.30 0.00
2022 04 22 18 33 59.71 119.32 0.00
2022 04 22 18 34 59.59 119.34 0.00
2022 04 22 18 35 59.47 119.37 0.00
2022 04 22 18 36 59.35 119.39 0.00
2022 04 22 18 37 59.22 119.41 0.00
2022 04 22 18 38 59.10 119.44 0.00
2022 04 22 18 39 58.98 119.46 0.00
2022 04 22 18 40 58.85 119.48 0.00
2022 04 22 18 41 58.73 119.50 0.00
2022 04 22 18 42 58.60 119.52 0.00
2022 04 22 18 43 58.47 119.54 0.00
2022 04 22 18 44 58.34 119.56 0.00
2022 04 22 18 45 58.22 119.58 0.00
2022 04 22 18 46 58.09 119.60 0.00
2022 04 22 18 47 57.96 119.62 0.00
2022 04 22 18 48 57.83 119.63 0.00
2022 04 22 18 49 57.70 119.65 0.00
2022 04 22 18 50 57.56 119.67 0.00
2022 04 22 18 51 57.43 119.69 0.00
2022 04 22 18 52 57.30 119.70 0.00
2022 04 22 18 53 57.16 119.72 0.00
2022 04 22 18 54 57.03 119.74 0.00
2022 04 22 18 55 56.89 119.75 0.00
2022 04 22 18 56 56.76 119.77 0.00
2022 04 22 18 57 56.62 119.78 0.00
2022 04 22 18 58 56.49 119.80 0.00
2022 04 22 18 59 56.35 119.81 0.00
2022 04 22 19 00 56.21 119.83 0.00
2022 04 22 19 01 56.07 119.84 0.00
2022 04 22 19 02 55.93 119.85 0.00
2022 04 22 19 03 55.79 119.87 0.00
2022 04 22 19 04 55.65 119.88 0.00
2022 04 22 19 05 55.51 119.89 0.00
2022 04 22 19 06 55.37 119.91 0.00
2022 04 22 19 07 55.23 119.92 0.00
2022 04 22 19 08 55.09 119.93 0.00
2022 04 22 19 09 54.94 119.94 0.00
2022 04 22 19 10 54.80 119.95 0.00
2022 04 22 19 11 54.66 119.96 0.00
2022 04 22 19 12 54.51 119.97 0.00
2022 04 22 19 13 54.37 119.98 0.00
2022 04 22 19 14 54.22 119.99 0.00
2022 04 22 19 15 54.08 120.00 0.00
2022 04 22 19 16 53.93 120.01 0.00
2022 04 22 19 17 53.79 120.02 0.00
2022 04 22 19 18 53.64 120.03 0.00
2022 04 22 19 19 53.49 120.04 0.00
2022 04 22 19 20 53.34 120.05 0.00
2022 04 22 19 21 53.19 120.06 0.00
2022 04 22 19 22 53.05 120.06 0.00
2022 04 22 19 23 52.90 120.07 0.00
2022 04 22 19 24 52.75 120.08 0.00
2022 04 22 19 25 52.60 120.09 0.00
2022 04 22 19 26 52.45 120.09 0.00
2022 04 22 19 27 52.30 120.10 0.00
2022 04 22 19 28 52.15 120.11 0.00
2022 04 22 19 29 51.99 120.11 0.00
2022 04 22 19 30 51.84 120.12 0.00
2022 04 22 19 31 51.69 120.13 0.00
2022 04 22 19 32 51.54 120.13 0.00
2022 04 22 19 33 51.38 120.14 0.00
2022 04 22 19 34 51.23 120.14 0.00
2022 04 22 19 35 51.08 120.15 0.00
2022 04 22 19 36 50.92 120.15 0.00
2022 04 22 19 37 50.77 120.16 0.00
2022 04 22 19 38 50.61 120.16 0.00
2022 04 22 19 39 50.46 120.17 0.00
2022 04 22 19 40 50.30 120.17 0.00
2022 04 22 19 41 50.15 120.18 0.00
2022 04 22 19 42 49.99 120.18 0.00
2022 04 22 19 43 49.84 120.18 0.00
2022 04 22 19 44 49.68 120.19 0.00
2022 04 22 19 45 49.52 120.19 0.00
2022 04 22 19 46 49.37 120.20 0.00
2022 04 22 19 47 49.21 120.20 0.00
2022 04 22 19 48 49.05 120.20 0.00
2022 04 22 19 49 48.89 120.20 0.00
2022 04 22 19 50 48.74 120.21 0.00
2022 04 22 19 51 48.58 120.21 0.00
2022 04 22 19 52 48.42 120.21 0.00
2022 04 22 19 53 48.26 120.21 0.00
2022 04 22 19 54 48.10 120.22 0.00
2022 04 22 19 55 47.94 120.22 0.00
2022 04 22 19 56 47.78 120.22 0.00
2022 04 22 19 57 47.62 120.22 0.00
2022 04 22 19 58 47.46 120.22 0.00
2022 04 22 19 59 47.30 120.23 0.00
2022 04 22 20 00 47.14 120.23 0.00
2022 04 22 20 01 46.98 120.23 0.00
2022 04 22 20 02 46.82 120.23 0.00
2022 04 22 20 03 46.66 120.23 0.00
2022 04 22 20 04 46.49 120.23 0.00
2022 04 22 20 05 46.33 120.23 0.00
2022 04 22 20 06 46.17 120.23 0.00
2022 04 22 20 07 46.01 120.23 0.00
2022 04 22 20 08 45.85 120.23 0.00
2022 04 22 20 09 45.68 120.24 0.00
2022 04 22 20 10 45.52 120.24 0.00
2022 04 22 20 11 45.36 120.24 0.00
2022 04 22 20 12 45.20 120.24 0.00
2022 04 22 20 13 45.03 120.24 0.00
2022 04 22 20 14 44.87 120.24 0.00
2022 04 22 20 15 44.70 120.24 0.00
2022 04 22 20 16 44.54 120.24 0.00
2022 04 22 20 17 44.38 120.24 0.00
2022 04 22 20 18 44.21 120.24 0.00
2022 04 22 20 19 44.05 120.24 0.00
2022 04 22 20 20 43.88 120.24 0.00
2022 04 22 20 21 43.72 120.24 0.00
2022 04 22 20 22 43.55 120.24 0.00
2022 04 22 20 23 43.39 120.24 0.00
2022 04 22 20 24 43.22 120.23 0.00
2022 04 22 20 25 43.06 120.23 0.00
2022 04 22 20 26 42.89 120.23 0.00
2022 04 22 20 27 42.73 120.23 0.00
2022 04 22 20 28 42.56 120.23 0.00
2022 04 22 20 29 42.40 120.23 0.00
2022 04 22 20 30 42.23 120.23 0.00
2022 04 22 20 31 42.06 120.23 0.00
2022 04 22 20 32 41.90 120.23 0.00
2022 04 22 20 33 41.73 120.23 0.00
2022 04 22 20 34 41.57 120.23 0.00
2022 04 22 20 35 41.40 120.23 0.00
2022 04 22 20 36 41.23 120.23 0.00
2022 04 22 20 37 41.07 120.22 0.00
2022 04 22 20 38 40.90 120.22 0.00
2022 04 22 20 39 40.73 120.22 0.00
2022 04 22 20 40 40.56 120.22 0.00
2022 04 22 20 41 40.40 120.22 0.00
2022 04 22 20 42 40.23 120.22 0.00
2022 04 22 20 43 40.06 120.22 0.00
2022 04 22 20 44 39.90 120.22 0.00
2022 04 22 20 45 39.73 120.22 0.00
2022 04 22 20 46 39.56 120.21 0.00
2022 04 22 20 47 39.39 120.21 0.00
2022 04 22 20 48 39.22 120.21 0.00
2022 04 22 20 49 39.06 120.21 0.00
2022 04 22 20 50 38.89 120.21 0.00
2022 04 22 20 51 38.72 120.21 0.00
2022 04 22 20 52 38.55 120.21 0.00
2022 04 22 20 53 38.38 120.21 0.00
2022 04 22 20 54 38.22 120.21 0.00
2022 04 22 20 55 38.05 120.20 0.00
2022 04 22 20 56 37.88 120.20 0.00
2022 04 22 20 57 37.71 120.20 0.00
2022 04 22 20 58 37.54 120.20 0.00
2022 04 22 20 59 37.37 120.20 0.00
2022 04 22 21 00 37.20 120.20 0.00
2022 04 22 21 01 37.04 120.20 0.00
2022 04 22 21 02 36.87 120.20 0.00
2022 04 22 21 03 36.70 120.20 0.00
2022 04 22 21 04 36.53 120.20 0.00
2022 04 22 21 05 36.36 120.19 0.00
2022 04 22 21 06 36.19 120.19 0.00
2022 04 22 21 07 36.02 120.19 0.00
2022 04 22 21 08 35.85 120.19 0.00
2022 04 22 21 09 35.68 120.19 0.00
2022 04 22 21 10 35.52 120.19 0.00
2022 04 22 21 11 35.35 120.19 0.00
2022 04 22 21 12 35.18 120.19 0.00
2022 04 22 21 13 35.01 120.19 0.00
2022 04 22 21 14 34.84 120.19 0.00
2022 04 22 21 15 34.67 120.19 0.00
2022 04 22 21 16 34.50 120.19 0.00
2022 04 22 21 17 34.33 120.18 0.00
2022 04 22 21 18 34.16 120.18 0.00
2022 04 22 21 19 33.99 120.18 0.00
2022 04 22 21 20 33.82 120.18 0.00
2022 04 22 21 21 33.65 120.18 0.00
2022 04 22 21 22 33.48 120.18 0.00
2022 04 22 21 23 33.31 120.18 0.00
2022 04 22 21 24 33.15 120.18 0.00
2022 04 22 21 25 32.98 120.18 0.00
2022 04 22 21 26 32.81 120.18 0.00
2022 04 22 21 27 32.64 120.18 0.00
2022 04 22 21 28 32.47 120.18 0.00
2022 04 22 21 29 32.30 120.18 0.00
2022 04 22 21 30 32.13 120.18 0.00
2022 04 22 21 31 31.96 120.18 0.00
2022 04 22 21 32 31.79 120.18 0.00
2022 04 22 21 33 31.62 120.18 0.00
2022 04 22 21 34 31.45 120.18 0.00
2022 04 22 21 35 31.28 120.18 0.00
2022 04 22 21 36 31.11 120.18 0.00
2022 04 22 21 37 30.94 120.18 0.00
2022 04 22 21 38 30.77 120.18 0.00
2022 04 22 21 39 30.60 120.18 0.00
2022 04 22 21 40 30.43 120.18 0.00
2022 04 22 21 41 30.27 120.18 0.00
2022 04 22 21 42 30.10 120.18 0.00
2022 04 22 21 43 29.93 120.18 0.00
2022 04 22 21 44 29.76 120.18 0.00
2022 04 22 21 45 29.59 120.18 0.00
2022 04 22 21 46 29.42 120.18 0.00
2022 04 22 21 47 29.25 120.18 0.00
2022 04 22 21 48 29.08 120.18 0.00
2022 04 22 21 49 28.91 120.18 0.00
2022 04 22 21 50 28.74 120.18 0.00
2022 04 22 21 51 28.57 120.18 0.00
2022 04 22 21 52 28.40 120.18 0.00
2022 04 22 21 53 28.24 120.18 0.00
2022 04 22 21 54 28.07 120.19 0.00
2022 04 22 21 55 27.90 120.19 0.00
2022 04 22 21 56 27.73 120.19 0.00
2022 04 22 21 57 27.56 120.19 0.00
2022 04 22 21 58 27.39 120.19 0.00
2022 04 22 21 59 27.22 120.19 0.00
2022 04 22 22 00 27.05 120.19 27.10
2022 04 22 22 01 26.89 120.19 27.00
2022 04 22 22 02 26.72 120.19 26.90
2022 04 22 22 03 26.55 120.19 26.80
2022 04 22 22 04 26.38 120.19 26.70
2022 04 22 22 05 26.21 120.19 26.61
2022 04 22 22 06 26.04 120.20 26.51
2022 04 22 22 07 25.88 120.20 26.42
2022 04 22 22 08 25.71 120.20 26.33
2022 04 22 22 09 25.54 120.20 26.24
2022 04 22 22 10 25.37 120.20 26.16
2022 04 22 22 11 25.20 120.20 26.07
2022 04 22 22 12 25.04 120.20 25.99
2022 04 22 22 13 24.87 120.20 25.91
2022 04 22 22 14 24.70 120.20 25.83
2022 04 22 22 15 24.53 120.20 25.76
2022 04 22 22 16 24.36 120.21 25.68
2022 04 22 22 17 24.20 120.21 25.61
2022 04 22 22 18 24.03 120.21 25.54
2022 04 22 22 19 23.86 120.21 25.47
2022 04 22 22 20 23.69 120.21 25.40
2022 04 22 22 21 23.53 120.21 25.34
2022 04 22 22 22 23.36 120.21 25.27
2022 04 22 22 23 23.19 120.21 25.21
2022 04 22 22 24 23.03 120.21 25.15
2022 04 22 22 25 22.86 120.22 25.10
2022 04 22 22 26 22.69 120.22 25.04
2022 04 22 22 27 22.53 120.22 24.99
2022 04 22 22 28 22.36 120.22 24.93
2022 04 22 22 29 22.19 120.22 24.89
2022 04 22 22 30 22.03 120.22 24.84
2022 04 22 22 31 21.86 120.22 24.79
2022 04 22 22 32 21.69 120.22 24.75
2022 04 22 22 33 21.53 120.22 24.71
2022 04 22 22 34 21.36 120.22 24.67
2022 04 22 22 35 21.20 120.23 24.63
2022 04 22 22 36 21.03 120.23 24.59
2022 04 22 22 37 20.86 120.23 24.56
2022 04 22 22 38 20.70 120.23 24.53
2022 04 22 22 39 20.53 120.23 24.50
2022 04 22 22 40 20.37 120.23 24.47
2022 04 22 22 41 20.20 120.23 24.45
2022 04 22 22 42 20.04 120.23 24.42
2022 04 22 22 43 19.87 120.23 24.40
2022 04 22 22 44 19.71 120.23 24.38
2022 04 22 22 45 19.54 120.23 24.36
2022 04 22 22 46 19.38 120.23 24.35
2022 04 22 22 47 19.21 120.23 24.34
2022 04 22 22 48 19.05 120.24 24.32
2022 04 22 22 49 18.88 120.24 24.31
2022 04 22 22 50 18.72 120.24 24.31
2022 04 22 22 51 18.56 120.24 24.30
2022 04 22 22 52 18.39 120.24 24.30
2022 04 22 22 53 18.23 120.24 24.30
2022 04 22 22 54 18.06 120.24 24.30
2022 04 22 22 55 17.90 120.24 24.30
2022 04 22 22 56 17.74 120.24 24.30
2022 04 22 22 57 17.57 120.24 24.31
2022 04 22 22 58 17.41 120.24 24.32
2022 04 22 22 59 17.25 120.24 24.33
2022 04 22 23 00 17.09 120.24 24.34
2022 04 22 23 01 16.92 120.24 24.36
2022 04 22 23 02 16.76 120.24 24.37
2022 04 22 23 03 16.60 120.23 24.39
2022 04 22 23 04 16.44 120.23 24.41
2022 04 22 23 05 16.27 120.23 24.43
2022 04 22 23 06 16.11 120.23 24.46
2022 04 22 23 07 15.95 120.23 24.48
2022 04 22 23 08 15.79 120.23 24.51
2022 04 22 23 09 15.63 120.23 24.54
2022 04 22 23 10 15.46 120.23 24.57
2022 04 22 23 11 15.30 120.23 24.61
2022 04 22 23 12 15.14 120.22 24.64
2022 04 22 23 13 14.98 120.22 24.68
2022 04 22 23 14 14.82 120.22 24.72
2022 04 22 23 15 14.66 120.22 24.76
2022 04 22 23 16 14.50 120.22 24.80
2022 04 22 23 17 14.34 120.22 24.85
2022 04 22 23 18 14.18 120.21 24.89
2022 04 22 23 19 14.02 120.21 24.94
2022 04 22 23 20 13.86 120.21 24.99
2022 04 22 23 21 13.70 120.21 25.05
2022 04 22 23 22 13.54 120.20 25.10
2022 04 22 23 23 13.38 120.20 25.15
2022 04 22 23 24 13.22 120.20 25.21
2022 04 22 23 25 13.06 120.19 25.27
2022 04 22 23 26 12.90 120.19 25.33
2022 04 22 23 27 12.74 120.19 25.39
2022 04 22 23 28 12.59 120.18 25.46
2022 04 22 23 29 12.43 120.18 25.52
2022 04 22 23 30 12.27 120.17 25.59
2022 04 22 23 31 12.11 120.17 25.66
2022 04 22 23 32 11.95 120.17 25.73
2022 04 22 23 33 11.80 120.16 25.80
2022 04 22 23 34 11.64 120.16 25.88
2022 04 22 23 35 11.48 120.15 25.95
2022 04 22 23 36 11.32 120.15 26.03
2022 04 22 23 37 11.17 120.14 26.11
2022 04 22 23 38 11.01 120.14 26.19
2022 04 22 23 39 10.86 120.13 26.27
2022 04 22 23 40 10.70 120.12 26.36
2022 04 22 23 41 10.54 120.12 26.44
2022 04 22 23 42 10.39 120.11 26.53
2022 04 22 23 43 10.23 120.10 26.61
2022 04 22 23 44 10.08 120.10 26.70
2022 04 22 23 45 9.92 0.00 0.00
2022 04 22 23 46 9.77 0.00 0.00
2022 04 22 23 47 9.61 0.00 0.00
2022 04 22 23 48 9.46 0.00 0.00
2022 04 22 23 49 9.30 0.00 0.00
2022 04 22 23 50 9.15 0.00 0.00
2022 04 22 23 51 8.99 0.00 0.00
2022 04 22 23 52 8.84 0.00 0.00
2022 04 22 23 53 8.69 0.00 0.00
2022 04 22 23 54 8.53 0.00 0.00
2022 04 22 23 55 8.38 0.00 0.00
2022 04 22 23 56 8.23 0.00 0.00
2022 04 22 23 57 8.08 0.00 0.00
2022 04 22 23 58 7.92 0.00 0.00
2022 04 22 23 59 7.77 0.00 0.00
2022 04 23 00 00 7.62 0.00 0.00
2022 04 23 00 01 7.47 0.00 0.00
2022 04 23 00 02 7.32 0.00 0.00
2022 04 23 00 03 7.16 0.00 0.00
2022 04 23 00 04 7.01 0.00 0.00
2022 04 23 00 05 6.86 0.00 0.00
2022 04 23 00 06 6.71 0.00 0.00
2022 04 23 00 07 6.56 0.00 0.00
2022 04 23 00 08 6.41 0.00 0.00
2022 04 23 00 09 6.26 0.00 0.00
2022 04 23 00 10 6.11 0.00 0.00
2022 04 23 00 11 5.96 0.00 0.00
2022 04 23 00 12 5.81 0.00 0.00
2022 04 23 00 13 5.66 0.00 0.00
2022 04 23 00 14 5.52 0.00 0.00
2022 04 23 00 15 5.37 0.00 0.00
2022 04 23 00 16 5.22 0.00 0.00
2022 04 23 00 17 5.07 0.00 0.00
2022 04 23 00 18 4.92 0.00 0.00
2022 04 23 00 19 4.78 0.00 0.00
2022 04 23 00 20 4.63 0.00 0.00
2022 04 23 00 21 4.48 0.00 0.00
2022 04 23 00 22 4.34 0.00 0.00
2022 04 23 00 23 4.19 0.00 0.00
2022 04 23 00 24 4.04 0.00 0.00
2022 04 23 00 25 3.90 0.00 0.00
2022 04 23 00 26 3.75 0.00 0.00
2022 04 23 00 27 3.61 0.00 0.00
2022 04 23 00 28 3.46 0.00 0.00
2022 04 23 00 29 3.32 0.00 0.00
2022 04 23 00 30 3.17 0.00 0.00
2022 04 23 00 31 3.03 0.00 0.00
2022 04 23 00 32 2.89 0.00 0.00
2022 04 23 00 33 2.74 0.00 0.00
2022 04 23 00 34 2.60 0.00 0.00
2022 04 23 00 35 2.46 0.00 0.00
2022 04 23 00 36 2.31 0.00 0.00
2022 04 23 00 37 2.17 0.00 0.00
2022 04 23 00 38 2.03 0.00 0.00
2022 04 23 00 39 1.89 0.00 0.00
2022 04 23 00 40 1.75 0.00 0.00
2022 04 23 00 41 1.61 0.00 0.00
2022 04 23 00 42 1.46 0.00 0.00
2022 04 23 00 43 1.32 0.00 0.00
2022 04 23 00 44 1.18 0.00 0.00
2022 04 23 00 45 1.04 0.00 0.00
2022 04 23 00 46 0.90 0.00 0.00
2022 04 23 00 47 0.76 0.00 0.00
2022 04 23 00 48 0.63 0.00 0.00
2022 04 23 00 49 0.49 0.00 0.00
2022 04 23 00 50 0.35 0.00 0.00
2022 04 23 00 51 0.21 0.00 0.00
2022 04 23 00 52 0.07 0.00 0.00
2022 04 23 00 53 -0.07 0.00 0.00
2022 04 23 00 54 -0.20 0.00 0.00
2022 04 23 00 55 -0.34 0.00 0.00
2022 04 23 00 56 -0.48 0.00 0.00
2022 04 23 00 57 -0.61 0.00 0.00
2022 04 23 00 58 -0.75 0.00 0.00
2022 04 23 00 59 -0.88 0.00 0.00
2022 04 23 01 00 -1.02 0.00 0.00
2022 04 23 01 01 -1.15 0.00 0.00
2022 04 23 01 02 -1.29 0.00 0.00
2022 04 23 01 03 -1.42 0.00 0.00
2022 04 23 01 04 -1.56 0.00 0.00
2022 04 23 01 05 -1.69 0.00 0.00
2022 04 23 01 06 -1.82 0.00 0.00
2022 04 23 01 07 -1.96 0.00 0.00
2022 04 23 01 08 -2.09 0.00 0.00
2022 04 23 01 09 -2.22 0.00 0.00
2022 04 23 01 10 -2.35 0.00 0.00
2022 04 23 01 11 -2.48 0.00 0.00
2022 04 23 01 12 -2.61 0.00 0.00
2022 04 23 01 13 -2.74 0.00 0.00
2022 04 23 01 14 -2.88 0.00 0.00
2022 04 23 01 15 -3.01 0.00 0.00
2022 04 23 01 16 -3.13 0.00 0.00
2022 04 23 01 17 -3.26 0.00 0.00
2022 04 23 01 18 -3.39 0.00 0.00
2022 04 23 01 19 -3.52 0.00 0.00
2022 04 23 01 20 -3.65 0.00 0.00
2022 04 23 01 21 -3.78 0.00 0.00
2022 04 23 01 22 -3.90 0.00 0.00
2022 04 23 01 23 -4.03 0.00 0.00
2022 04 23 01 24 -4.16 0.00 0.00
2022 04 23 01 25 -4.28 0.00 0.00
2022 04 23 01 26 -4.41 0.00 0.00
2022 04 23 01 27 -4.54 0.00 0.00
2022 04 23 01 28 -4.66 0.00 0.00
2022 04 23 01 29 -4.79 0.00 0.00
2022 04 23 01 30 -4.91 0.00 0.00
2022 04 23 01 31 -5.03 0.00 0.00
2022 04 23 01 32 -5.16 0.00 0.00
2022 04 23 01 33 -5.28 0.00 0.00
2022 04 23 01 34 -5.40 0.00 0.00
2022 04 23 01 35 -5.53 0.00 0.00
2022 04 23 01 36 -5.65 0.00 0.00
2022 04 23 01 37 -5.77 0.00 0.00
2022 04 23 01 38 -5.89 0.00 0.00
2022 04 23 01 39 -6.01 0.00 0.00
2022 04 23 01 40 -6.13 0.00 0.00
2022 04 23 01 41 -6.25 0.00 0.00
2022 04 23 01 42 -6.37 0.00 0.00
2022 04 23 01 43 -6.49 0.00 0.00
2022 04 23 01 44 -6.61 0.00 0.00
2022 04 23 01 45 -6.73 0.00 0.00
2022 04 23 01 46 -6.85 0.00 0.00
2022 04 23 01 47 -6.96 0.00 0.00
2022 04 23 01 48 -7.08 0.00 0.00
2022 04 23 01 49 -7.20 0.00 0.00
2022 04 23 01 50 -7.31 0.00 0.00
2022 04 23 01 51 -7.43 0.00 0.00
2022 04 23 01 52 -7.54 0.00 0.00
2022 04 23 01 53 -7.66 0.00 0.00
2022 04 23 01 54 -7.77 0.00 0.00
2022 04 23 01 55 -7.89 0.00 0.00
2022 04 23 01 56 -8.00 0.00 0.00
2022 04 23 01 57 -8.11 0.00 0.00
2022 04 23 01 58 -8.23 0.00 0.00
2022 04 23 01 59 -8.34 0.00 0.00
2022 04 23 02 00 -8.45 0.00 0.00
2022 04 23 02 01 -8.56 0.00 0.00
2022 04 23 02 02 -8.67 0.00 0.00
2022 04 23 02 03 -8.78 0.00 0.00
2022 04 23 02 04 -8.89 0.00 0.00
2022 04 23 02 05 -9.00 0.00 0.00
2022 04 23 02 06 -9.11 0.00 0.00
2022 04 23 02 07 -9.22 0.00 0.00
2022 04 23 02 08 -9.33 0.00 0.00
2022 04 23 02 09 -9.44 0.00 0.00
2022 04 23 02 10 -9.54 0.00 0.00
2022 04 23 02 11 -9.65 0.00 0.00
2022 04 23 02 12 -9.76 0.00 0.00
2022 04 23 02 13 -9.86 0.00 0.00
2022 04 23 02 14 -9.97 0.00 0.00
2022 04 23 02 15 -10.07 0.00 0.00
2022 04 23 02 16 -10.17 0.00 0.00
2022 04 23 02 17 -10.28 0.00 0.00
2022 04 23 02 18 -10.38 0.00 0.00
2022 04 23 02 19 -10.48 0.00 0.00
2022 04 23 02 20 -10.59 0.00 0.00
2022 04 23 02 21 -10.69 0.00 0.00
2022 04 23 02 22 -10.79 0.00 0.00
2022 04 23 02 23 -10.89 0.00 0.00
2022 04 23 02 24 -10.99 0.00 0.00
2022 04 23 02 25 -11.09 0.00 0.00
2022 04 23 02 26 -11.19 0.00 0.00
2022 04 23 02 27 -11.29 0.00 0.00
2022 04 23 02 28 -11.39 0.00 0.00
2022 04 23 02 29 -11.48 0.00 0.00
2022 04 23 02 30 -11.58 0.00 0.00
2022 04 23 02 31 -11.68 0.00 0.00
2022 04 23 02 32 -11.77 0.00 0.00
2022 04 23 02 33 -11.87 0.00 0.00
2022 04 23 02 34 -11.97 0.00 0.00
2022 04 23 02 35 -12.06 0.00 0.00
2022 04 23 02 36 -12.15 0.00 0.00
2022 04 23 02 37 -12.25 0.00 0.00
2022 04 23 02 38 -12.34 0.00 0.00
2022 04 23 02 39 -12.43 0.00 0.00
2022 04 23 02 40 -12.52 0.00 0.00
2022 04 23 02 41 -12.62 0.00 0.00
2022 04 23 02 42 -12.71 0.00 0.00
2022 04 23 02 43 -12.80 0.00 0.00
2022 04 23 02 44 -12.89 0.00 0.00
2022 04 23 02 45 -12.98 0.00 0.00
2022 04 23 02 46 -13.06 0.00 0.00
2022 04 23 02 47 -13.15 0.00 0.00
2022 04 23 02 48 -13.24 0.00 0.00
2022 04 23 02 49 -13.33 0.00 0.00
2022 04 23 02 50 -13.41 0.00 0.00
2022 04 23 02 51 -13.50 0.00 0.00
2022 04 23 02 52 -13.59 0.00 0.00
2022 04 23 02 53 -13.67 0.00 0.00
2022 04 23 02 54 -13.75 0.00 0.00
2022 04 23 02 55 -13.84 0.00 0.00
2022 04 23 02 56 -13.92 0.00 0.00
2022 04 23 02 57 -14.00 0.00 0.00
2022 04 23 02 58 -14.09 0.00 0.00
2022 04 23 02 59 -14.17 0.00 0.00
2022 04 23 03 00 -14.25 0.00 0.00
2022 04 23 03 01 -14.33 0.00 0.00
2022 04 23 03 02 -14.41 0.00 0.00
2022 04 23 03 03 -14.49 0.00 0.00
2022 04 23 03 04 -14.56 0.00 0.00
2022 04 23 03 05 -14.64 0.00 0.00
2022 04 23 03 06 -14.72 0.00 0.00
2022 04 23 03 07 -14.80 0.00 0.00
2022 04 23 03 08 -14.87 0.00 0.00
2022 04 23 03 09 -14.95 0.00 0.00
2022 04 23 03 10 -15.02 0.00 0.00
2022 04 23 03 11 -15.10 0.00 0.00
2022 04 23 03 12 -15.17 0.00 0.00
2022 04 23 03 13 -15.24 0.00 0.00
2022 04 23 03 14 -15.32 0.00 0.00
2022 04 23 03 15 -15.39 0.00 0.00
2022 04 23 03 16 -15.46 0.00 0.00
2022 04 23 03 17 -15.53 0.00 0.00
2022 04 23 03 18 -15.60 0.00 0.00
2022 04 23 03 19 -15.67 0.00 0.00
2022 04 23 03 20 -15.74 0.00 0.00
2022 04 23 03 21 -15.81 0.00 0.00
2022 04 23 03 22 -15.87 0.00 0.00
2022 04 23 03 23 -15.94 0.00 0.00
2022 04 23 03 24 -16.01 0.00 0.00
2022 04 23 03 25 -16.07 0.00 0.00
2022 04 23 03 26 -16.14 0.00 0.00
2022 04 23 03 27 -16.20 0.00 0.00
2022 04 23 03 28 -16.27 0.00 0.00
2022 04 23 03 29 -16.33 0.00 0.00
2022 04 23 03 30 -16.39 0.00 0.00
2022 04 23 03 31 -16.45 0.00 0.00
2022 04 23 03 32 -16.52 0.00 0.00
2022 04 23 03 33 -16.58 0.00 0.00
2022 04 23 03 34 -16.64 0.00 0.00
2022 04 23 03 35 -16.70 0.00 0.00
2022 04 23 03 36 -16.75 0.00 0.00
2022 04 23 03 37 -16.81 0.00 0.00
2022 04 23 03 38 -16.87 0.00 0.00
2022 04 23 03 39 -16.93 0.00 0.00
2022 04 23 03 40 -16.98 0.00 0.00
2022 04 23 03 41 -17.04 0.00 0.00
2022 04 23 03 42 -17.09 0.00 0.00
2022 04 23 03 43 -17.15 0.00 0.00
2022 04 23 03 44 -17.20 0.00 0.00
2022 04 23 03 45 -17.25 0.00 0.00
2022 04 23 03 46 -17.31 0.00 0.00
2022 04 23 03 47 -17.36 0.00 0.00
2022 04 23 03 48 -17.41 0.00 0.00
2022 04 23 03 49 -17.46 0.00 0.00
2022 04 23 03 50 -17.51 0.00 0.00
2022 04 23 03 51 -17.56 0.00 0.00
2022 04 23 03 52 -17.60 0.00 0.00
2022 04 23 03 53 -17.65 0.00 0.00
2022 04 23 03 54 -17.70 0.00 0.00
2022 04 23 03 55 -17.75 0.00 0.00
2022 04 23 03 56 -17.79 0.00 0.00
2022 04 23 03 57 -17.84 0.00 0.00
2022 04 23 03 58 -17.88 0.00 0.00
2022 04 23 03 59 -17.92 0.00 0.00
2022 04 23 04 00 -17.97 0.00 0.00
2022 04 23 04 01 -18.01 0.00 0.00
2022 04 23 04 02 -18.05 0.00 0.00
2022 04 23 04 03 -18.09 0.00 0.00
2022 04 23 04 04 -18.13 0.00 0.00
2022 04 23 04 05 -18.17 0.00 0.00
2022 04 23 04 06 -18.21 0.00 0.00
2022 04 23 04 07 -18.25 0.00 0.00
2022 04 23 04 08 -18.28 0.00 0.00
2022 04 23 04 09 -18.32 0.00 0.00
2022 04 23 04 10 -18.36 0.00 0.00
2022 04 23 04 11 -18.39 0.00 0.00
2022 04 23 04 12 -18.43 0.00 0.00
2022 04 23 04 13 -18.46 0.00 0.00
2022 04 23 04 14 -18.49 0.00 0.00
2022 04 23 04 15 -18.53 0.00 0.00
2022 04 23 04 16 -18.56 0.00 0.00
2022 04 23 04 17 -18.59 0.00 0.00
2022 04 23 04 18 -18.62 0.00 0.00
2022 04 23 04 19 -18.65 0.00 0.00
2022 04 23 04 20 -18.68 0.00 0.00
2022 04 23 04 21 -18.71 0.00 0.00
2022 04 23 04 22 -18.73 0.00 0.00
2022 04 23 04 23 -18.76 0.00 0.00
2022 04 23 04 24 -18.79 0.00 0.00
2022 04 23 04 25 -18.81 0.00 0.00
2022 04 23 04 26 -18.84 0.00 0.00
2022 04 23 04 27 -18.86 0.00 0.00
2022 04 23 04 28 -18.88 0.00 0.00
2022 04 23 04 29 -18.91 0.00 0.00
2022 04 23 04 30 -18.93 0.00 0.00
2022 04 23 04 31 -18.95 0.00 0.00
2022 04 23 04 32 -18.97 0.00 0.00
2022 04 23 04 33 -18.99 0.00 0.00
2022 04 23 04 34 -19.01 0.00 0.00
2022 04 23 04 35 -19.03 0.00 0.00
2022 04 23 04 36 -19.04 0.00 0.00
2022 04 23 04 37 -19.06 0.00 0.00
2022 04 23 04 38 -19.08 0.00 0.00
2022 04 23 04 39 -19.09 0.00 0.00
2022 04 23 04 40 -19.11 0.00 0.00
2022 04 23 04 41 -19.12 0.00 0.00
2022 04 23 04 42 -19.13 0.00 0.00
2022 04 23 04 43 -19.15 0.00 0.00
2022 04 23 04 44 -19.16 0.00 0.00
2022 04 23 04 45 -19.17 0.00 0.00
2022 04 23 04 46 -19.18 0.00 0.00
2022 04 23 04 47 -19.19 0.00 0.00
2022 04 23 04 48 -19.20 0.00 0.00
2022 04 23 04 49 -19.21 0.00 0.00
2022 04 23 04 50 -19.22 0.00 0.00
2022 04 23 04 51 -19.22 0.00 0.00
2022 04 23 04 52 -19.23 0.00 0.00
2022 04 23 04 53 -19.23 0.00 0.00
2022 04 23 04 54 -19.24 0.00 0.00
2022 04 23 04 55 -19.24 0.00 0.00
2022 04 23 04 56 -19.25 0.00 0.00
2022 04 23 04 57 -19.25 0.00 0.00
2022 04 23 04 58 -19.25 0.00 0.00
2022 04 23 04 59 -19.25 0.00 0.00
