2022 04 23 17 00 65.79 0.00 0.00
2022 04 23 17 01 65.79 0.00 0.00
2022 04 23 17 02 65.78 0.00 0.00
2022 04 23 17 03 65.78 0.00 0.00
2022 04 23 17 04 65.77 0.00 0.00
2022 04 23 17 05 65.76 0.00 0.00
2022 04 23 17 06 65.74 0.00 0.00
2022 04 23 17 07 65.73 0.00 0.00
2022 04 23 17 08 65.71 0.00 0.00
2022 04 23 17 09 65.70 0.00 0.00
2022 04 23 17 10 65.68 0.00 0.00
2022 04 23 17 11 65.66 0.00 0.00
2022 04 23 17 12 65.63 0.00 0.00
2022 04 23 17 13 65.61 0.00 0.00
2022 04 23 17 14 65.59 0.00 0.00
2022 04 23 17 15 65.56 116.15 0.00
2022 04 23 17 16 65.53 116.22 0.00
2022 04 23 17 17 65.50 116.28 0.00
2022 04 23 17 18 65.47 116.34 0.00
2022 04 23 17 19 65.43 116.41 0.00
2022 04 23 17 20 65.40 116.47 0.00
2022 04 23 17 21 65.36 116.53 0.00
2022 04 23 17 22 65.32 116.59 0.00
2022 04 23 17 23 65.28 116.65 0.00
2022 04 23 17 24 65.24 116.71 0.00
2022 04 23 17 25 65.20 116.77 0.00
2022 04 23 17 26 65.15 116.82 0.00
2022 04 23 17 27 65.11 116.88 0.00
2022 04 23 17 28 65.06 116.94 0.00
2022 04 23 17 29 65.01 116.99 0.00
2022 04 23 17 30 64.96 117.05 0.00
2022 04 23 17 31 64.91 117.11 0.00
2022 04 23 17 32 64.86 117.16 0.00
2022 04 23 17 33 64.80 117.21 0.00
2022 04 23 17 34 64.74 117.27 0.00
2022 04 23 17 35 64.69 117.32 0.00
2022 04 23 17 36 64.63 117.37 0.00
2022 04 23 17 37 64.57 117.42 0.00
2022 04 23 17 38 64.50 117.47 0.00
2022 04 23 17 39 64.44 117.52 0.00
2022 04 23 17 40 64.38 117.57 0.00
2022 04 23 17 41 64.31 117.62 0.00
2022 04 23 17 42 64.24 117.67 0.00
2022 04 23 17 43 64.17 117.71 0.00
2022 04 23 17 44 64.10 117.76 0.00
2022 04 23 17 45 64.03 117.81 0.00
2022 04 23 17 46 63.96 117.85 0.00
2022 04 23 17 47 63.88 117.90 0.00
2022 04 23 17 48 63.81 117.94 0.00
2022 04 23 17 49 63.73 117.99 0.00
2022 04 23 17 50 63.65 118.03 0.00
2022 04 23 17 51 63.57 118.07 0.00
2022 04 23 17 52 63.49 118.11 0.00
2022 04 23 17 53 63.41 118.16 0.00
2022 04 23 17 54 63.32 118.20 0.00
2022 04 23 17 55 63.24 118.24 0.00
2022 04 23 17 56 63.15 118.28 0.00
2022 04 23 17 57 63.07 118.32 0.00
2022 04 23 17 58 62.98 118.36 0.00
2022 04 23 17 59 62.89 118.40 0.00
2022 04 23 18 00 62.80 118.43 0.00
2022 04 23 18 01 62.71 118.47 0.00
2022 04 23 18 02 62.61 118.51 0.00
2022 04 23 18 03 62.52 118.54 0.00
2022 04 23 18 04 62.42 118.58 0.00
2022 04 23 18 05 62.33 118.62 0.00
2022 04 23 18 06 62.23 118.65 0.00
2022 04 23 18 07 62.13 118.68 0.00
2022 04 23 18 08 62.03 118.72 0.00
2022 04 23 18 09 61.93 118.75 0.00
2022 04 23 18 10 61.83 118.78 0.00
2022 04 23 18 11 61.73 118.82 0.00
2022 04 23 18 12 61.62 118.85 0.00
2022 04 23 18 13 61.52 118.88 0.00
2022 04 23 18 14 61.41 118.91 0.00
2022 04 23 18 15 61.31 118.94 0.00
2022 04 23 18 16 61.20 118.97 0.00
2022 04 23 18 17 61.09 119.00 0.00
2022 04 23 18 18 60.98 119.03 0.00
2022 04 23 18 19 60.87 119.06 0.00
2022 04 23 18 20 60.76 119.09 0.00
2022 04 23 18 21 60.65 119.11 0.00
2022 04 23 18 22 60.53 119.14 0.00
2022 04 23 18 23 60.42 119.17 0.00
2022 04 23 18 24 60.30 119.19 0.00
2022 04 23 18 25 60.19 119.22 0.00
2022 04 23 18 26 60.07 119.25 0.00
2022 04 23 18 27 59.95 119.27 0.00
2022 04 23 18 28 59.84 119.30 0.00
2022 04 23 18 29 59.72 119.32 0.00
2022 04 23 18 30 59.60 119.34 0.00
2022 04 23 18 31 59.48 119.37 0.00
2022 04 23 18 32 59.35 119.39 0.00
2022 04 23 18 33 59.23 119.41 0.00
2022 04 23 18 34 59.11 119.43 0.00
2022 04 23 18 35 58.98 119.46 0.00
2022 04 23 18 36 58.86 119.48 0.00
2022 04 23 18 37 58.73 119.50 0.00
2022 04 23 18 38 58.61 119.52 0.00
2022 04 23 18 39 58.48 119.54 0.00
2022 04 23 18 40 58.35 119.56 0.00
2022 04 23 18 41 58.22 119.58 0.00
2022 04 23 18 42 58.10 119.60 0.00
2022 04 23 18 43 57.97 119.62 0.00
2022 04 23 18 44 57.84 119.63 0.00
2022 04 23 18 45 57.70 119.65 0.00
2022 04 23 18 46 57.57 119.67 0.00
2022 04 23 18 47 57.44 119.69 0.00
2022 04 23 18 48 57.31 119.70 0.00
2022 04 23 18 49 57.17 119.72 0.00
2022 04 23 18 50 57.04 119.74 0.00
2022 04 23 18 51 56.90 119.75 0.00
2022 04 23 18 52 56.77 119.77 0.00
2022 04 23 18 53 56.63 119.78 0.00
2022 04 23 18 54 56.50 119.80 0.00
2022 04 23 18 55 56.36 119.81 0.00
2022 04 23 18 56 56.22 119.83 0.00
2022 04 23 18 57 56.08 119.84 0.00
2022 04 23 18 58 55.94 119.85 0.00
2022 04 23 18 59 55.80 119.87 0.00
2022 04 23 19 00 55.66 119.88 0.00
2022 04 23 19 01 55.52 119.89 0.00
2022 04 23 19 02 55.38 119.90 0.00
2022 04 23 19 03 55.24 119.92 0.00
2022 04 23 19 04 55.10 119.93 0.00
2022 04 23 19 05 54.95 119.94 0.00
2022 04 23 19 06 54.81 119.95 0.00
2022 04 23 19 07 54.67 119.96 0.00
2022 04 23 19 08 54.52 119.97 0.00
2022 04 23 19 09 54.38 119.98 0.00
2022 04 23 19 10 54.23 119.99 0.00
2022 04 23 19 11 54.09 120.00 0.00
2022 04 23 19 12 53.94 120.01 0.00
2022 04 23 19 13 53.80 120.02 0.00
2022 04 23 19 14 53.65 120.03 0.00
2022 04 23 19 15 53.50 120.04 0.00
2022 04 23 19 16 53.35 120.05 0.00
2022 04 23 19 17 53.20 120.06 0.00
2022 04 23 19 18 53.06 120.06 0.00
2022 04 23 19 19 52.91 120.07 0.00
2022 04 23 19 20 52.76 120.08 0.00
2022 04 23 19 21 52.61 120.09 0.00
2022 04 23 19 22 52.46 120.09 0.00
2022 04 23 19 23 52.31 120.10 0.00
2022 04 23 19 24 52.16 120.11 0.00
2022 04 23 19 25 52.00 120.11 0.00
2022 04 23 19 26 51.85 120.12 0.00
2022 04 23 19 27 51.70 120.13 0.00
2022 04 23 19 28 51.55 120.13 0.00
2022 04 23 19 29 51.39 120.14 0.00
2022 04 23 19 30 51.24 120.14 0.00
2022 04 23 19 31 51.09 120.15 0.00
2022 04 23 19 32 50.93 120.15 0.00
2022 04 23 19 33 50.78 120.16 0.00
2022 04 23 19 34 50.63 120.16 0.00
2022 04 23 19 35 50.47 120.17 0.00
2022 04 23 19 36 50.31 120.17 0.00
2022 04 23 19 37 50.16 120.18 0.00
2022 04 23 19 38 50.00 120.18 0.00
2022 04 23 19 39 49.85 120.18 0.00
2022 04 23 19 40 49.69 120.19 0.00
2022 04 23 19 41 49.53 120.19 0.00
2022 04 23 19 42 49.38 120.20 0.00
2022 04 23 19 43 49.22 120.20 0.00
2022 04 23 19 44 49.06 120.20 0.00
2022 04 23 19 45 48.90 120.20 0.00
2022 04 23 19 46 48.75 120.21 0.00
2022 04 23 19 47 48.59 120.21 0.00
2022 04 23 19 48 48.43 120.21 0.00
2022 04 23 19 49 48.27 120.21 0.00
2022 04 23 19 50 48.11 120.22 0.00
2022 04 23 19 51 47.95 120.22 0.00
2022 04 23 19 52 47.79 120.22 0.00
2022 04 23 19 53 47.63 120.22 0.00
2022 04 23 19 54 47.47 120.22 0.00
2022 04 23 19 55 47.31 120.23 0.00
2022 04 23 19 56 47.15 120.23 0.00
2022 04 23 19 57 46.99 120.23 0.00
2022 04 23 19 58 46.83 120.23 0.00
2022 04 23 19 59 46.67 120.23 0.00
2022 04 23 20 00 46.51 120.23 0.00
2022 04 23 20 01 46.34 120.23 0.00
2022 04 23 20 02 46.18 120.23 0.00
2022 04 23 20 03 46.02 120.23 0.00
2022 04 23 20 04 45.86 120.23 0.00
2022 04 23 20 05 45.69 120.24 0.00
2022 04 23 20 06 45.53 120.24 0.00
2022 04 23 20 07 45.37 120.24 0.00
2022 04 23 20 08 45.21 120.24 0.00
2022 04 23 20 09 45.04 120.24 0.00
2022 04 23 20 10 44.88 120.24 0.00
2022 04 23 20 11 44.72 120.24 0.00
2022 04 23 20 12 44.55 120.24 0.00
2022 04 23 20 13 44.39 120.24 0.00
2022 04 23 20 14 44.22 120.24 0.00
2022 04 23 20 15 44.06 120.24 0.00
2022 04 23 20 16 43.89 120.24 0.00
2022 04 23 20 17 43.73 120.24 0.00
2022 04 23 20 18 43.57 120.24 0.00
2022 04 23 20 19 43.40 120.24 0.00
2022 04 23 20 20 43.24 120.23 0.00
2022 04 23 20 21 43.07 120.23 0.00
2022 04 23 20 22 42.90 120.23 0.00
2022 04 23 20 23 42.74 120.23 0.00
2022 04 23 20 24 42.57 120.23 0.00
2022 04 23 20 25 42.41 120.23 0.00
2022 04 23 20 26 42.24 120.23 0.00
2022 04 23 20 27 42.08 120.23 0.00
2022 04 23 20 28 41.91 120.23 0.00
2022 04 23 20 29 41.74 120.23 0.00
2022 04 23 20 30 41.58 120.23 0.00
2022 04 23 20 31 41.41 120.23 0.00
2022 04 23 20 32 41.24 120.23 0.00
2022 04 23 20 33 41.08 120.22 0.00
2022 04 23 20 34 40.91 120.22 0.00
2022 04 23 20 35 40.74 120.22 0.00
2022 04 23 20 36 40.58 120.22 0.00
2022 04 23 20 37 40.41 120.22 0.00
2022 04 23 20 38 40.24 120.22 0.00
2022 04 23 20 39 40.07 120.22 0.00
2022 04 23 20 40 39.91 120.22 0.00
2022 04 23 20 41 39.74 120.22 0.00
2022 04 23 20 42 39.57 120.21 0.00
2022 04 23 20 43 39.40 120.21 0.00
2022 04 23 20 44 39.24 120.21 0.00
2022 04 23 20 45 39.07 120.21 0.00
2022 04 23 20 46 38.90 120.21 0.00
2022 04 23 20 47 38.73 120.21 0.00
2022 04 23 20 48 38.56 120.21 0.00
2022 04 23 20 49 38.40 120.21 0.00
2022 04 23 20 50 38.23 120.21 0.00
2022 04 23 20 51 38.06 120.20 0.00
2022 04 23 20 52 37.89 120.20 0.00
2022 04 23 20 53 37.72 120.20 0.00
2022 04 23 20 54 37.55 120.20 0.00
2022 04 23 20 55 37.38 120.20 0.00
2022 04 23 20 56 37.22 120.20 0.00
2022 04 23 20 57 37.05 120.20 0.00
2022 04 23 20 58 36.88 120.20 0.00
2022 04 23 20 59 36.71 120.20 0.00
2022 04 23 21 00 36.54 120.20 0.00
2022 04 23 21 01 36.37 120.19 0.00
2022 04 23 21 02 36.20 120.19 0.00
2022 04 23 21 03 36.03 120.19 0.00
2022 04 23 21 04 35.87 120.19 0.00
2022 04 23 21 05 35.70 120.19 0.00
2022 04 23 21 06 35.53 120.19 0.00
2022 04 23 21 07 35.36 120.19 0.00
2022 04 23 21 08 35.19 120.19 0.00
2022 04 23 21 09 35.02 120.19 0.00
2022 04 23 21 10 34.85 120.19 0.00
2022 04 23 21 11 34.68 120.19 0.00
2022 04 23 21 12 34.51 120.19 0.00
2022 04 23 21 13 34.34 120.18 0.00
2022 04 23 21 14 34.17 120.18 0.00
2022 04 23 21 15 34.00 120.18 0.00
2022 04 23 21 16 33.83 120.18 0.00
2022 04 23 21 17 33.66 120.18 0.00
2022 04 23 21 18 33.50 120.18 0.00
2022 04 23 21 19 33.33 120.18 0.00
2022 04 23 21 20 33.16 120.18 0.00
2022 04 23 21 21 32.99 120.18 0.00
2022 04 23 21 22 32.82 120.18 0.00
2022 04 23 21 23 32.65 120.18 0.00
2022 04 23 21 24 32.48 120.18 0.00
2022 04 23 21 25 32.31 120.18 0.00
2022 04 23 21 26 32.14 120.18 0.00
2022 04 23 21 27 31.97 120.18 0.00
2022 04 23 21 28 31.80 120.18 0.00
2022 04 23 21 29 31.63 120.18 0.00
2022 04 23 21 30 31.46 120.18 0.00
2022 04 23 21 31 31.29 120.18 0.00
2022 04 23 21 32 31.12 120.18 0.00
2022 04 23 21 33 30.95 120.18 0.00
2022 04 23 21 34 30.78 120.18 0.00
2022 04 23 21 35 30.62 120.18 0.00
2022 04 23 21 36 30.45 120.18 0.00
2022 04 23 21 37 30.28 120.18 0.00
2022 04 23 21 38 30.11 120.18 0.00
2022 04 23 21 39 29.94 120.18 0.00
2022 04 23 21 40 29.77 120.18 0.00
2022 04 23 21 41 29.60 120.18 0.00
2022 04 23 21 42 29.43 120.18 0.00
2022 04 23 21 43 29.26 120.18 0.00
2022 04 23 21 44 29.09 120.18 0.00
2022 04 23 21 45 28.92 120.18 0.00
2022 04 23 21 46 28.75 120.18 0.00
2022 04 23 21 47 28.59 120.18 0.00
2022 04 23 21 48 28.42 120.18 0.00
2022 04 23 21 49 28.25 120.18 0.00
2022 04 23 21 50 28.08 120.19 0.00
2022 04 23 21 51 27.91 120.19 0.00
2022 04 23 21 52 27.74 120.19 0.00
2022 04 23 21 53 27.57 120.19 0.00
2022 04 23 21 54 27.40 120.19 0.00
2022 04 23 21 55 27.23 120.19 0.00
2022 04 23 21 56 27.07 120.19 0.00
2022 04 23 21 57 26.90 120.19 0.00
2022 04 23 21 58 26.73 120.19 0.00
2022 04 23 21 59 26.56 120.19 0.00
2022 04 23 22 00 26.39 120.19 0.00
2022 04 23 22 01 26.22 120.19 0.00
2022 04 23 22 02 26.06 120.19 0.00
2022 04 23 22 03 25.89 120.20 0.00
2022 04 23 22 04 25.72 120.20 0.00
2022 04 23 22 05 25.55 120.20 0.00
2022 04 23 22 06 25.38 120.20 0.00
2022 04 23 22 07 25.21 120.20 0.00
2022 04 23 22 08 25.05 120.20 0.00
2022 04 23 22 09 24.88 120.20 0.00
2022 04 23 22 10 24.71 120.20 0.00
2022 04 23 22 11 24.54 120.20 0.00
2022 04 23 22 12 24.38 120.21 0.00
2022 04 23 22 13 24.21 120.21 0.00
2022 04 23 22 14 24.04 120.21 0.00
2022 04 23 22 15 23.87 120.21 0.00
2022 04 23 22 16 23.71 120.21 0.00
2022 04 23 22 17 23.54 120.21 0.00
2022 04 23 22 18 23.37 120.21 0.00
2022 04 23 22 19 23.20 120.21 0.00
2022 04 23 22 20 23.04 120.21 0.00
2022 04 23 22 21 22.87 120.22 0.00
2022 04 23 22 22 22.70 120.22 0.00
2022 04 23 22 23 22.54 120.22 0.00
2022 04 23 22 24 22.37 120.22 0.00
2022 04 23 22 25 22.20 120.22 0.00
2022 04 23 22 26 22.04 120.22 0.00
2022 04 23 22 27 21.87 120.22 0.00
2022 04 23 22 28 21.71 120.22 0.00
2022 04 23 22 29 21.54 120.22 0.00
2022 04 23 22 30 21.37 120.22 0.00
2022 04 23 22 31 21.21 120.23 0.00
2022 04 23 22 32 21.04 120.23 0.00
2022 04 23 22 33 20.88 120.23 0.00
2022 04 23 22 34 20.71 120.23 0.00
2022 04 23 22 35 20.54 120.23 0.00
2022 04 23 22 36 20.38 120.23 0.00
2022 04 23 22 37 20.21 120.23 0.00
2022 04 23 22 38 20.05 120.23 0.00
2022 04 23 22 39 19.88 120.23 0.00
2022 04 23 22 40 19.72 120.23 0.00
2022 04 23 22 41 19.55 120.23 0.00
2022 04 23 22 42 19.39 120.23 0.00
2022 04 23 22 43 19.22 120.23 0.00
2022 04 23 22 44 19.06 120.24 0.00
2022 04 23 22 45 18.90 120.24 0.00
2022 04 23 22 46 18.73 120.24 0.00
2022 04 23 22 47 18.57 120.24 0.00
2022 04 23 22 48 18.40 120.24 0.00
2022 04 23 22 49 18.24 120.24 0.00
2022 04 23 22 50 18.08 120.24 0.00
2022 04 23 22 51 17.91 120.24 0.00
2022 04 23 22 52 17.75 120.24 0.00
2022 04 23 22 53 17.59 120.24 0.00
2022 04 23 22 54 17.42 120.24 0.00
2022 04 23 22 55 17.26 120.24 0.00
2022 04 23 22 56 17.10 120.24 0.00
2022 04 23 22 57 16.93 120.24 0.00
2022 04 23 22 58 16.77 120.24 0.00
2022 04 23 22 59 16.61 120.23 0.00
2022 04 23 23 00 16.45 120.23 0.00
2022 04 23 23 01 16.28 120.23 0.00
2022 04 23 23 02 16.12 120.23 0.00
2022 04 23 23 03 15.96 120.23 0.00
2022 04 23 23 04 15.80 120.23 0.00
2022 04 23 23 05 15.64 120.23 15.69
2022 04 23 23 06 15.48 120.23 15.60
2022 04 23 23 07 15.31 120.23 15.52
2022 04 23 23 08 15.15 120.23 15.43
2022 04 23 23 09 14.99 120.22 15.35
2022 04 23 23 10 14.83 120.22 15.27
2022 04 23 23 11 14.67 120.22 15.20
2022 04 23 23 12 14.51 120.22 15.13
2022 04 23 23 13 14.35 120.22 15.06
2022 04 23 23 14 14.19 120.21 14.99
2022 04 23 23 15 14.03 120.21 14.93
2022 04 23 23 16 13.87 120.21 14.87
2022 04 23 23 17 13.71 120.21 14.81
2022 04 23 23 18 13.55 120.20 14.76
2022 04 23 23 19 13.39 120.20 14.70
2022 04 23 23 20 13.23 120.20 14.66
2022 04 23 23 21 13.07 120.19 14.61
2022 04 23 23 22 12.91 120.19 14.57
2022 04 23 23 23 12.76 120.19 14.53
2022 04 23 23 24 12.60 120.18 14.50
2022 04 23 23 25 12.44 120.18 14.47
2022 04 23 23 26 12.28 120.18 14.44
2022 04 23 23 27 12.12 120.17 14.41
2022 04 23 23 28 11.96 120.17 14.39
2022 04 23 23 29 11.81 120.16 14.37
2022 04 23 23 30 11.65 120.16 14.36
2022 04 23 23 31 11.49 120.15 14.35
2022 04 23 23 32 11.34 120.15 14.34
2022 04 23 23 33 11.18 120.14 14.33
2022 04 23 23 34 11.02 120.14 14.33
2022 04 23 23 35 10.87 120.13 14.33
2022 04 23 23 36 10.71 120.12 14.34
2022 04 23 23 37 10.55 120.12 14.35
2022 04 23 23 38 10.40 120.11 14.36
2022 04 23 23 39 10.24 120.11 14.37
2022 04 23 23 40 10.09 120.10 14.39
2022 04 23 23 41 9.93 0.00 0.00
2022 04 23 23 42 9.78 0.00 0.00
2022 04 23 23 43 9.62 0.00 0.00
2022 04 23 23 44 9.47 0.00 0.00
2022 04 23 23 45 9.31 0.00 0.00
2022 04 23 23 46 9.16 0.00 0.00
2022 04 23 23 47 9.00 0.00 0.00
2022 04 23 23 48 8.85 0.00 0.00
2022 04 23 23 49 8.70 0.00 0.00
2022 04 23 23 50 8.54 0.00 0.00
2022 04 23 23 51 8.39 0.00 0.00
2022 04 23 23 52 8.24 0.00 0.00
2022 04 23 23 53 8.09 0.00 0.00
2022 04 23 23 54 7.93 0.00 0.00
2022 04 23 23 55 7.78 0.00 0.00
2022 04 23 23 56 7.63 0.00 0.00
2022 04 23 23 57 7.48 0.00 0.00
2022 04 23 23 58 7.33 0.00 0.00
2022 04 23 23 59 7.17 0.00 0.00
2022 04 24 00 00 7.02 0.00 0.00
2022 04 24 00 01 6.87 0.00 0.00
2022 04 24 00 02 6.72 0.00 0.00
2022 04 24 00 03 6.57 0.00 0.00
2022 04 24 00 04 6.42 0.00 0.00
2022 04 24 00 05 6.27 0.00 0.00
2022 04 24 00 06 6.12 0.00 0.00
2022 04 24 00 07 5.97 0.00 0.00
2022 04 24 00 08 5.82 0.00 0.00
2022 04 24 00 09 5.67 0.00 0.00
2022 04 24 00 10 5.53 0.00 0.00
2022 04 24 00 11 5.38 0.00 0.00
2022 04 24 00 12 5.23 0.00 0.00
2022 04 24 00 13 5.08 0.00 0.00
2022 04 24 00 14 4.93 0.00 0.00
2022 04 24 00 15 4.79 0.00 0.00
2022 04 24 00 16 4.64 0.00 0.00
2022 04 24 00 17 4.49 0.00 0.00
2022 04 24 00 18 4.35 0.00 0.00
2022 04 24 00 19 4.20 0.00 0.00
2022 04 24 00 20 4.05 0.00 0.00
2022 04 24 00 21 3.91 0.00 0.00
2022 04 24 00 22 3.76 0.00 0.00
2022 04 24 00 23 3.62 0.00 0.00
2022 04 24 00 24 3.47 0.00 0.00
2022 04 24 00 25 3.33 0.00 0.00
2022 04 24 00 26 3.18 0.00 0.00
2022 04 24 00 27 3.04 0.00 0.00
2022 04 24 00 28 2.90 0.00 0.00
2022 04 24 00 29 2.75 0.00 0.00
2022 04 24 00 30 2.61 0.00 0.00
2022 04 24 00 31 2.47 0.00 0.00
2022 04 24 00 32 2.32 0.00 0.00
2022 04 24 00 33 2.18 0.00 0.00
2022 04 24 00 34 2.04 0.00 0.00
2022 04 24 00 35 1.90 0.00 0.00
2022 04 24 00 36 1.76 0.00 0.00
2022 04 24 00 37 1.61 0.00 0.00
2022 04 24 00 38 1.47 0.00 0.00
2022 04 24 00 39 1.33 0.00 0.00
2022 04 24 00 40 1.19 0.00 0.00
2022 04 24 00 41 1.05 0.00 0.00
2022 04 24 00 42 0.91 0.00 0.00
2022 04 24 00 43 0.77 0.00 0.00
2022 04 24 00 44 0.63 0.00 0.00
2022 04 24 00 45 0.50 0.00 0.00
2022 04 24 00 46 0.36 0.00 0.00
2022 04 24 00 47 0.22 0.00 0.00
2022 04 24 00 48 0.08 0.00 0.00
2022 04 24 00 49 -0.06 0.00 0.00
2022 04 24 00 50 -0.19 0.00 0.00
2022 04 24 00 51 -0.33 0.00 0.00
2022 04 24 00 52 -0.47 0.00 0.00
2022 04 24 00 53 -0.60 0.00 0.00
2022 04 24 00 54 -0.74 0.00 0.00
2022 04 24 00 55 -0.87 0.00 0.00
2022 04 24 00 56 -1.01 0.00 0.00
2022 04 24 00 57 -1.14 0.00 0.00
2022 04 24 00 58 -1.28 0.00 0.00
2022 04 24 00 59 -1.41 0.00 0.00
2022 04 24 01 00 -1.55 0.00 0.00
2022 04 24 01 01 -1.68 0.00 0.00
2022 04 24 01 02 -1.81 0.00 0.00
2022 04 24 01 03 -1.95 0.00 0.00
2022 04 24 01 04 -2.08 0.00 0.00
2022 04 24 01 05 -2.21 0.00 0.00
2022 04 24 01 06 -2.34 0.00 0.00
2022 04 24 01 07 -2.47 0.00 0.00
2022 04 24 01 08 -2.61 0.00 0.00
2022 04 24 01 09 -2.74 0.00 0.00
2022 04 24 01 10 -2.87 0.00 0.00
2022 04 24 01 11 -3.00 0.00 0.00
2022 04 24 01 12 -3.13 0.00 0.00
2022 04 24 01 13 -3.26 0.00 0.00
2022 04 24 01 14 -3.38 0.00 0.00
2022 04 24 01 15 -3.51 0.00 0.00
2022 04 24 01 16 -3.64 0.00 0.00
2022 04 24 01 17 -3.77 0.00 0.00
2022 04 24 01 18 -3.90 0.00 0.00
2022 04 24 01 19 -4.02 0.00 0.00
2022 04 24 01 20 -4.15 0.00 0.00
2022 04 24 01 21 -4.28 0.00 0.00
2022 04 24 01 22 -4.40 0.00 0.00
2022 04 24 01 23 -4.53 0.00 0.00
2022 04 24 01 24 -4.65 0.00 0.00
2022 04 24 01 25 -4.78 0.00 0.00
2022 04 24 01 26 -4.90 0.00 0.00
2022 04 24 01 27 -5.03 0.00 0.00
2022 04 24 01 28 -5.15 0.00 0.00
2022 04 24 01 29 -5.27 0.00 0.00
2022 04 24 01 30 -5.40 0.00 0.00
2022 04 24 01 31 -5.52 0.00 0.00
2022 04 24 01 32 -5.64 0.00 0.00
2022 04 24 01 33 -5.76 0.00 0.00
2022 04 24 01 34 -5.88 0.00 0.00
2022 04 24 01 35 -6.00 0.00 0.00
2022 04 24 01 36 -6.12 0.00 0.00
2022 04 24 01 37 -6.24 0.00 0.00
2022 04 24 01 38 -6.36 0.00 0.00
2022 04 24 01 39 -6.48 0.00 0.00
2022 04 24 01 40 -6.60 0.00 0.00
2022 04 24 01 41 -6.72 0.00 0.00
2022 04 24 01 42 -6.84 0.00 0.00
2022 04 24 01 43 -6.96 0.00 0.00
2022 04 24 01 44 -7.07 0.00 0.00
2022 04 24 01 45 -7.19 0.00 0.00
2022 04 24 01 46 -7.31 0.00 0.00
2022 04 24 01 47 -7.42 0.00 0.00
2022 04 24 01 48 -7.54 0.00 0.00
2022 04 24 01 49 -7.65 0.00 0.00
2022 04 24 01 50 -7.77 0.00 0.00
2022 04 24 01 51 -7.88 0.00 0.00
2022 04 24 01 52 -7.99 0.00 0.00
2022 04 24 01 53 -8.11 0.00 0.00
2022 04 24 01 54 -8.22 0.00 0.00
2022 04 24 01 55 -8.33 0.00 0.00
2022 04 24 01 56 -8.44 0.00 0.00
2022 04 24 01 57 -8.55 0.00 0.00
2022 04 24 01 58 -8.66 0.00 0.00
2022 04 24 01 59 -8.78 0.00 0.00
2022 04 24 02 00 -8.89 0.00 0.00
2022 04 24 02 01 -8.99 0.00 0.00
2022 04 24 02 02 -9.10 0.00 0.00
2022 04 24 02 03 -9.21 0.00 0.00
2022 04 24 02 04 -9.32 0.00 0.00
2022 04 24 02 05 -9.43 0.00 0.00
2022 04 24 02 06 -9.54 0.00 0.00
2022 04 24 02 07 -9.64 0.00 0.00
2022 04 24 02 08 -9.75 0.00 0.00
2022 04 24 02 09 -9.85 0.00 0.00
2022 04 24 02 10 -9.96 0.00 0.00
2022 04 24 02 11 -10.06 0.00 0.00
2022 04 24 02 12 -10.17 0.00 0.00
2022 04 24 02 13 -10.27 0.00 0.00
2022 04 24 02 14 -10.37 0.00 0.00
2022 04 24 02 15 -10.48 0.00 0.00
2022 04 24 02 16 -10.58 0.00 0.00
2022 04 24 02 17 -10.68 0.00 0.00
2022 04 24 02 18 -10.78 0.00 0.00
2022 04 24 02 19 -10.88 0.00 0.00
2022 04 24 02 20 -10.98 0.00 0.00
2022 04 24 02 21 -11.08 0.00 0.00
2022 04 24 02 22 -11.18 0.00 0.00
2022 04 24 02 23 -11.28 0.00 0.00
2022 04 24 02 24 -11.38 0.00 0.00
2022 04 24 02 25 -11.48 0.00 0.00
2022 04 24 02 26 -11.58 0.00 0.00
2022 04 24 02 27 -11.67 0.00 0.00
2022 04 24 02 28 -11.77 0.00 0.00
2022 04 24 02 29 -11.86 0.00 0.00
2022 04 24 02 30 -11.96 0.00 0.00
2022 04 24 02 31 -12.05 0.00 0.00
2022 04 24 02 32 -12.15 0.00 0.00
2022 04 24 02 33 -12.24 0.00 0.00
2022 04 24 02 34 -12.33 0.00 0.00
2022 04 24 02 35 -12.43 0.00 0.00
2022 04 24 02 36 -12.52 0.00 0.00
2022 04 24 02 37 -12.61 0.00 0.00
2022 04 24 02 38 -12.70 0.00 0.00
2022 04 24 02 39 -12.79 0.00 0.00
2022 04 24 02 40 -12.88 0.00 0.00
2022 04 24 02 41 -12.97 0.00 0.00
2022 04 24 02 42 -13.06 0.00 0.00
2022 04 24 02 43 -13.15 0.00 0.00
2022 04 24 02 44 -13.23 0.00 0.00
2022 04 24 02 45 -13.32 0.00 0.00
2022 04 24 02 46 -13.41 0.00 0.00
2022 04 24 02 47 -13.49 0.00 0.00
2022 04 24 02 48 -13.58 0.00 0.00
2022 04 24 02 49 -13.66 0.00 0.00
2022 04 24 02 50 -13.75 0.00 0.00
2022 04 24 02 51 -13.83 0.00 0.00
2022 04 24 02 52 -13.92 0.00 0.00
2022 04 24 02 53 -14.00 0.00 0.00
2022 04 24 02 54 -14.08 0.00 0.00
2022 04 24 02 55 -14.16 0.00 0.00
2022 04 24 02 56 -14.24 0.00 0.00
2022 04 24 02 57 -14.32 0.00 0.00
2022 04 24 02 58 -14.40 0.00 0.00
2022 04 24 02 59 -14.48 0.00 0.00
2022 04 24 03 00 -14.56 0.00 0.00
2022 04 24 03 01 -14.64 0.00 0.00
2022 04 24 03 02 -14.71 0.00 0.00
2022 04 24 03 03 -14.79 0.00 0.00
2022 04 24 03 04 -14.87 0.00 0.00
2022 04 24 03 05 -14.94 0.00 0.00
2022 04 24 03 06 -15.02 0.00 0.00
2022 04 24 03 07 -15.09 0.00 0.00
2022 04 24 03 08 -15.17 0.00 0.00
2022 04 24 03 09 -15.24 0.00 0.00
2022 04 24 03 10 -15.31 0.00 0.00
2022 04 24 03 11 -15.38 0.00 0.00
2022 04 24 03 12 -15.45 0.00 0.00
2022 04 24 03 13 -15.53 0.00 0.00
2022 04 24 03 14 -15.60 0.00 0.00
2022 04 24 03 15 -15.67 0.00 0.00
2022 04 24 03 16 -15.73 0.00 0.00
2022 04 24 03 17 -15.80 0.00 0.00
2022 04 24 03 18 -15.87 0.00 0.00
2022 04 24 03 19 -15.94 0.00 0.00
2022 04 24 03 20 -16.00 0.00 0.00
2022 04 24 03 21 -16.07 0.00 0.00
2022 04 24 03 22 -16.13 0.00 0.00
2022 04 24 03 23 -16.20 0.00 0.00
2022 04 24 03 24 -16.26 0.00 0.00
2022 04 24 03 25 -16.33 0.00 0.00
2022 04 24 03 26 -16.39 0.00 0.00
2022 04 24 03 27 -16.45 0.00 0.00
2022 04 24 03 28 -16.51 0.00 0.00
2022 04 24 03 29 -16.57 0.00 0.00
2022 04 24 03 30 -16.63 0.00 0.00
2022 04 24 03 31 -16.69 0.00 0.00
2022 04 24 03 32 -16.75 0.00 0.00
2022 04 24 03 33 -16.81 0.00 0.00
2022 04 24 03 34 -16.87 0.00 0.00
2022 04 24 03 35 -16.92 0.00 0.00
2022 04 24 03 36 -16.98 0.00 0.00
2022 04 24 03 37 -17.03 0.00 0.00
2022 04 24 03 38 -17.09 0.00 0.00
2022 04 24 03 39 -17.14 0.00 0.00
2022 04 24 03 40 -17.20 0.00 0.00
2022 04 24 03 41 -17.25 0.00 0.00
2022 04 24 03 42 -17.30 0.00 0.00
2022 04 24 03 43 -17.35 0.00 0.00
2022 04 24 03 44 -17.40 0.00 0.00
2022 04 24 03 45 -17.45 0.00 0.00
2022 04 24 03 46 -17.50 0.00 0.00
2022 04 24 03 47 -17.55 0.00 0.00
2022 04 24 03 48 -17.60 0.00 0.00
2022 04 24 03 49 -17.65 0.00 0.00
2022 04 24 03 50 -17.70 0.00 0.00
2022 04 24 03 51 -17.74 0.00 0.00
2022 04 24 03 52 -17.79 0.00 0.00
2022 04 24 03 53 -17.83 0.00 0.00
2022 04 24 03 54 -17.88 0.00 0.00
2022 04 24 03 55 -17.92 0.00 0.00
2022 04 24 03 56 -17.96 0.00 0.00
2022 04 24 03 57 -18.01 0.00 0.00
2022 04 24 03 58 -18.05 0.00 0.00
2022 04 24 03 59 -18.09 0.00 0.00
2022 04 24 04 00 -18.13 0.00 0.00
2022 04 24 04 01 -18.17 0.00 0.00
2022 04 24 04 02 -18.21 0.00 0.00
2022 04 24 04 03 -18.24 0.00 0.00
2022 04 24 04 04 -18.28 0.00 0.00
2022 04 24 04 05 -18.32 0.00 0.00
2022 04 24 04 06 -18.35 0.00 0.00
2022 04 24 04 07 -18.39 0.00 0.00
2022 04 24 04 08 -18.42 0.00 0.00
2022 04 24 04 09 -18.46 0.00 0.00
2022 04 24 04 10 -18.49 0.00 0.00
2022 04 24 04 11 -18.52 0.00 0.00
2022 04 24 04 12 -18.55 0.00 0.00
2022 04 24 04 13 -18.59 0.00 0.00
2022 04 24 04 14 -18.62 0.00 0.00
2022 04 24 04 15 -18.65 0.00 0.00
2022 04 24 04 16 -18.68 0.00 0.00
2022 04 24 04 17 -18.70 0.00 0.00
2022 04 24 04 18 -18.73 0.00 0.00
2022 04 24 04 19 -18.76 0.00 0.00
2022 04 24 04 20 -18.78 0.00 0.00
2022 04 24 04 21 -18.81 0.00 0.00
2022 04 24 04 22 -18.83 0.00 0.00
2022 04 24 04 23 -18.86 0.00 0.00
2022 04 24 04 24 -18.88 0.00 0.00
2022 04 24 04 25 -18.90 0.00 0.00
2022 04 24 04 26 -18.93 0.00 0.00
2022 04 24 04 27 -18.95 0.00 0.00
2022 04 24 04 28 -18.97 0.00 0.00
2022 04 24 04 29 -18.99 0.00 0.00
2022 04 24 04 30 -19.01 0.00 0.00
2022 04 24 04 31 -19.03 0.00 0.00
2022 04 24 04 32 -19.04 0.00 0.00
2022 04 24 04 33 -19.06 0.00 0.00
2022 04 24 04 34 -19.08 0.00 0.00
2022 04 24 04 35 -19.09 0.00 0.00
2022 04 24 04 36 -19.11 0.00 0.00
2022 04 24 04 37 -19.12 0.00 0.00
2022 04 24 04 38 -19.13 0.00 0.00
2022 04 24 04 39 -19.15 0.00 0.00
2022 04 24 04 40 -19.16 0.00 0.00
2022 04 24 04 41 -19.17 0.00 0.00
2022 04 24 04 42 -19.18 0.00 0.00
2022 04 24 04 43 -19.19 0.00 0.00
2022 04 24 04 44 -19.20 0.00 0.00
2022 04 24 04 45 -19.21 0.00 0.00
2022 04 24 04 46 -19.21 0.00 0.00
2022 04 24 04 47 -19.22 0.00 0.00
2022 04 24 04 48 -19.23 0.00 0.00
2022 04 24 04 49 -19.23 0.00 0.00
2022 04 24 04 50 -19.24 0.00 0.00
2022 04 24 04 51 -19.24 0.00 0.00
2022 04 24 04 52 -19.25 0.00 0.00
2022 04 24 04 53 -19.25 0.00 0.00
2022 04 24 04 54 -19.25 0.00 0.00
2022 04 24 04 55 -19.25 0.00 0.00
2022 04 24 04 56 -19.25 0.00 0.00
2022 04 24 04 57 -19.25 0.00 0.00
2022 04 24 04 58 -19.25 0.00 0.00
2022 04 24 04 59 -19.25 0.00 0.00
