2022 04 18 17 00 65.54 0.00 0.00
2022 04 18 17 01 65.57 0.00 0.00
2022 04 18 17 02 65.59 0.00 0.00
2022 04 18 17 03 65.62 0.00 0.00
2022 04 18 17 04 65.64 0.00 0.00
2022 04 18 17 05 65.66 0.00 0.00
2022 04 18 17 06 65.68 0.00 0.00
2022 04 18 17 07 65.70 0.00 0.00
2022 04 18 17 08 65.72 0.00 0.00
2022 04 18 17 09 65.73 0.00 0.00
2022 04 18 17 10 65.75 0.00 0.00
2022 04 18 17 11 65.76 0.00 0.00
2022 04 18 17 12 65.77 0.00 0.00
2022 04 18 17 13 65.78 0.00 0.00
2022 04 18 17 14 65.79 0.00 0.00
2022 04 18 17 15 65.79 0.00 0.00
2022 04 18 17 16 65.79 0.00 0.00
2022 04 18 17 17 65.80 0.00 0.00
2022 04 18 17 18 65.80 0.00 0.00
2022 04 18 17 19 65.80 115.05 0.00
2022 04 18 17 20 65.79 115.13 0.00
2022 04 18 17 21 65.79 115.20 0.00
2022 04 18 17 22 65.78 115.27 0.00
2022 04 18 17 23 65.77 115.35 0.00
2022 04 18 17 24 65.76 115.42 0.00
2022 04 18 17 25 65.75 115.49 0.00
2022 04 18 17 26 65.74 115.56 0.00
2022 04 18 17 27 65.72 115.63 0.00
2022 04 18 17 28 65.71 115.70 0.00
2022 04 18 17 29 65.69 115.77 0.00
2022 04 18 17 30 65.67 115.84 0.00
2022 04 18 17 31 65.65 115.91 0.00
2022 04 18 17 32 65.63 115.98 0.00
2022 04 18 17 33 65.60 116.04 0.00
2022 04 18 17 34 65.58 116.11 0.00
2022 04 18 17 35 65.55 116.17 0.00
2022 04 18 17 36 65.52 116.24 0.00
2022 04 18 17 37 65.49 116.30 0.00
2022 04 18 17 38 65.46 116.36 0.00
2022 04 18 17 39 65.42 116.43 0.00
2022 04 18 17 40 65.39 116.49 0.00
2022 04 18 17 41 65.35 116.55 0.00
2022 04 18 17 42 65.31 116.61 0.00
2022 04 18 17 43 65.27 116.67 0.00
2022 04 18 17 44 65.23 116.73 0.00
2022 04 18 17 45 65.18 116.79 0.00
2022 04 18 17 46 65.14 116.84 0.00
2022 04 18 17 47 65.09 116.90 0.00
2022 04 18 17 48 65.04 116.96 0.00
2022 04 18 17 49 65.00 117.01 0.00
2022 04 18 17 50 64.94 117.07 0.00
2022 04 18 17 51 64.89 117.12 0.00
2022 04 18 17 52 64.84 117.18 0.00
2022 04 18 17 53 64.78 117.23 0.00
2022 04 18 17 54 64.73 117.28 0.00
2022 04 18 17 55 64.67 117.34 0.00
2022 04 18 17 56 64.61 117.39 0.00
2022 04 18 17 57 64.55 117.44 0.00
2022 04 18 17 58 64.48 117.49 0.00
2022 04 18 17 59 64.42 117.54 0.00
2022 04 18 18 00 64.35 117.59 0.00
2022 04 18 18 01 64.29 117.63 0.00
2022 04 18 18 02 64.22 117.68 0.00
2022 04 18 18 03 64.15 117.73 0.00
2022 04 18 18 04 64.08 117.78 0.00
2022 04 18 18 05 64.00 117.82 0.00
2022 04 18 18 06 63.93 117.87 0.00
2022 04 18 18 07 63.86 117.91 0.00
2022 04 18 18 08 63.78 117.96 63.78
2022 04 18 18 09 63.70 118.00 63.70
2022 04 18 18 10 63.62 118.04 63.62
2022 04 18 18 11 63.54 118.09 63.55
2022 04 18 18 12 63.46 118.13 63.48
2022 04 18 18 13 63.38 118.17 63.41
2022 04 18 18 14 63.30 118.21 63.34
2022 04 18 18 15 63.21 118.25 63.28
2022 04 18 18 16 63.12 118.29 63.21
2022 04 18 18 17 63.04 118.33 63.15
2022 04 18 18 18 62.95 118.37 63.09
2022 04 18 18 19 62.86 118.41 63.04
2022 04 18 18 20 62.77 118.45 62.98
2022 04 18 18 21 62.67 118.48 62.93
2022 04 18 18 22 62.58 118.52 62.88
2022 04 18 18 23 62.49 118.56 62.83
2022 04 18 18 24 62.39 118.59 62.78
2022 04 18 18 25 62.29 118.63 62.74
2022 04 18 18 26 62.20 118.66 62.69
2022 04 18 18 27 62.10 118.70 62.65
2022 04 18 18 28 62.00 118.73 62.62
2022 04 18 18 29 61.90 118.76 62.58
2022 04 18 18 30 61.80 118.80 62.54
2022 04 18 18 31 61.69 118.83 62.51
2022 04 18 18 32 61.59 118.86 62.48
2022 04 18 18 33 61.48 118.89 62.45
2022 04 18 18 34 61.38 118.92 62.42
2022 04 18 18 35 61.27 118.95 62.39
2022 04 18 18 36 61.16 118.98 62.37
2022 04 18 18 37 61.05 119.01 62.35
2022 04 18 18 38 60.94 119.04 62.33
2022 04 18 18 39 60.83 119.07 62.31
2022 04 18 18 40 60.72 119.10 62.29
2022 04 18 18 41 60.61 119.12 62.27
2022 04 18 18 42 60.49 119.15 62.26
2022 04 18 18 43 60.38 119.18 62.25
2022 04 18 18 44 60.26 119.20 62.24
2022 04 18 18 45 60.15 119.23 62.23
2022 04 18 18 46 60.03 119.25 62.22
2022 04 18 18 47 59.91 119.28 62.21
2022 04 18 18 48 59.80 119.30 62.21
2022 04 18 18 49 59.68 119.33 62.20
2022 04 18 18 50 59.56 119.35 62.20
2022 04 18 18 51 59.43 119.37 62.20
2022 04 18 18 52 59.31 119.40 62.20
2022 04 18 18 53 59.19 119.42 62.20
2022 04 18 18 54 59.07 119.44 62.21
2022 04 18 18 55 58.94 119.46 62.21
2022 04 18 18 56 58.82 119.48 62.22
2022 04 18 18 57 58.69 119.50 62.22
2022 04 18 18 58 58.56 119.53 62.23
2022 04 18 18 59 58.44 119.55 62.24
2022 04 18 19 00 58.31 119.56 62.25
2022 04 18 19 01 58.18 119.58 62.27
2022 04 18 19 02 58.05 119.60 62.28
2022 04 18 19 03 57.92 119.62 62.29
2022 04 18 19 04 57.79 119.64 62.31
2022 04 18 19 05 57.66 119.66 62.33
2022 04 18 19 06 57.53 119.67 62.34
2022 04 18 19 07 57.39 119.69 62.36
2022 04 18 19 08 57.26 119.71 62.38
2022 04 18 19 09 57.13 119.73 62.40
2022 04 18 19 10 56.99 119.74 62.43
2022 04 18 19 11 56.86 119.76 62.45
2022 04 18 19 12 56.72 119.77 62.47
2022 04 18 19 13 56.59 119.79 62.50
2022 04 18 19 14 56.45 119.80 62.52
2022 04 18 19 15 56.31 119.82 62.55
2022 04 18 19 16 56.17 119.83 62.58
2022 04 18 19 17 56.03 119.84 62.61
2022 04 18 19 18 55.90 119.86 62.64
2022 04 18 19 19 55.76 119.87 62.67
2022 04 18 19 20 55.62 119.88 62.70
2022 04 18 19 21 55.47 119.90 62.73
2022 04 18 19 22 55.33 119.91 62.77
2022 04 18 19 23 55.19 119.92 62.80
2022 04 18 19 24 55.05 119.93 62.84
2022 04 18 19 25 54.91 119.94 62.87
2022 04 18 19 26 54.76 119.95 62.91
2022 04 18 19 27 54.62 119.97 62.95
2022 04 18 19 28 54.47 119.98 62.99
2022 04 18 19 29 54.33 119.99 63.02
2022 04 18 19 30 54.18 120.00 63.06
2022 04 18 19 31 54.04 120.01 63.10
2022 04 18 19 32 53.89 120.02 63.15
2022 04 18 19 33 53.75 120.02 63.19
2022 04 18 19 34 53.60 120.03 63.23
2022 04 18 19 35 53.45 120.04 63.27
2022 04 18 19 36 53.30 120.05 63.32
2022 04 18 19 37 53.15 120.06 63.36
2022 04 18 19 38 53.01 120.07 63.41
2022 04 18 19 39 52.86 120.07 63.45
2022 04 18 19 40 52.71 120.08 63.50
2022 04 18 19 41 52.56 120.09 63.55
2022 04 18 19 42 52.41 120.10 63.59
2022 04 18 19 43 52.26 120.10 63.64
2022 04 18 19 44 52.10 120.11 63.69
2022 04 18 19 45 51.95 120.12 63.74
2022 04 18 19 46 51.80 120.12 63.79
2022 04 18 19 47 51.65 120.13 63.84
2022 04 18 19 48 51.50 120.13 63.89
2022 04 18 19 49 51.34 120.14 63.94
2022 04 18 19 50 51.19 120.15 63.99
2022 04 18 19 51 51.04 120.15 64.05
2022 04 18 19 52 50.88 120.16 64.10
2022 04 18 19 53 50.73 120.16 64.15
2022 04 18 19 54 50.57 120.17 64.21
2022 04 18 19 55 50.42 120.17 64.26
2022 04 18 19 56 50.26 120.17 64.32
2022 04 18 19 57 50.11 120.18 64.37
2022 04 18 19 58 49.95 120.18 64.43
2022 04 18 19 59 49.79 120.19 64.49
2022 04 18 20 00 49.64 120.19 64.54
2022 04 18 20 01 49.48 120.19 64.60
2022 04 18 20 02 49.32 120.20 64.66
2022 04 18 20 03 49.17 120.20 64.72
2022 04 18 20 04 49.01 120.20 64.78
2022 04 18 20 05 48.85 120.21 64.83
2022 04 18 20 06 48.69 120.21 64.89
2022 04 18 20 07 48.53 120.21 64.95
2022 04 18 20 08 48.38 120.21 65.01
2022 04 18 20 09 48.22 120.22 65.07
2022 04 18 20 10 48.06 120.22 65.14
2022 04 18 20 11 47.90 120.22 65.20
2022 04 18 20 12 47.74 120.22 65.26
2022 04 18 20 13 47.58 120.22 65.32
2022 04 18 20 14 47.42 120.22 65.38
2022 04 18 20 15 47.26 120.23 65.45
2022 04 18 20 16 47.10 120.23 65.51
2022 04 18 20 17 46.94 120.23 65.57
2022 04 18 20 18 46.77 120.23 65.64
2022 04 18 20 19 46.61 120.23 65.70
2022 04 18 20 20 46.45 120.23 65.77
2022 04 18 20 21 46.29 120.23 65.83
2022 04 18 20 22 46.13 120.23 65.90
2022 04 18 20 23 45.97 120.23 65.96
2022 04 18 20 24 45.80 120.24 66.03
2022 04 18 20 25 45.64 120.24 66.10
2022 04 18 20 26 45.48 120.24 66.16
2022 04 18 20 27 45.31 120.24 66.23
2022 04 18 20 28 45.15 120.24 66.30
2022 04 18 20 29 44.99 120.24 66.36
2022 04 18 20 30 44.82 120.24 66.43
2022 04 18 20 31 44.66 120.24 66.50
2022 04 18 20 32 44.50 120.24 66.57
2022 04 18 20 33 44.33 120.24 66.64
2022 04 18 20 34 44.17 120.24 66.71
2022 04 18 20 35 44.00 120.24 66.78
2022 04 18 20 36 43.84 120.24 66.85
2022 04 18 20 37 43.67 120.24 66.92
2022 04 18 20 38 43.51 120.24 66.99
2022 04 18 20 39 43.34 120.23 67.06
2022 04 18 20 40 43.18 120.23 67.13
2022 04 18 20 41 43.01 120.23 67.20
2022 04 18 20 42 42.85 120.23 67.27
2022 04 18 20 43 42.68 120.23 67.34
2022 04 18 20 44 42.52 120.23 67.41
2022 04 18 20 45 42.35 120.23 67.49
2022 04 18 20 46 42.19 120.23 67.56
2022 04 18 20 47 42.02 120.23 67.63
2022 04 18 20 48 41.85 120.23 67.70
2022 04 18 20 49 41.69 120.23 67.78
2022 04 18 20 50 41.52 120.23 67.85
2022 04 18 20 51 41.35 120.23 67.93
2022 04 18 20 52 41.19 120.23 68.00
2022 04 18 20 53 41.02 120.22 68.07
2022 04 18 20 54 40.85 120.22 68.15
2022 04 18 20 55 40.69 120.22 68.22
2022 04 18 20 56 40.52 120.22 68.30
2022 04 18 20 57 40.35 120.22 68.37
2022 04 18 20 58 40.18 120.22 68.45
2022 04 18 20 59 40.02 120.22 68.52
2022 04 18 21 00 39.85 120.22 68.60
2022 04 18 21 01 39.68 120.22 68.68
2022 04 18 21 02 39.51 120.21 68.75
2022 04 18 21 03 39.35 120.21 68.83
2022 04 18 21 04 39.18 120.21 68.91
2022 04 18 21 05 39.01 120.21 68.98
2022 04 18 21 06 38.84 120.21 69.06
2022 04 18 21 07 38.67 120.21 69.14
2022 04 18 21 08 38.51 120.21 69.21
2022 04 18 21 09 38.34 120.21 69.29
2022 04 18 21 10 38.17 120.21 69.37
2022 04 18 21 11 38.00 120.20 69.45
2022 04 18 21 12 37.83 120.20 69.53
2022 04 18 21 13 37.66 120.20 69.61
2022 04 18 21 14 37.50 120.20 69.69
2022 04 18 21 15 37.33 120.20 69.77
2022 04 18 21 16 37.16 120.20 69.84
2022 04 18 21 17 36.99 120.20 69.92
2022 04 18 21 18 36.82 120.20 70.00
2022 04 18 21 19 36.65 120.20 70.08
2022 04 18 21 20 36.48 120.20 70.17
2022 04 18 21 21 36.31 120.19 70.25
2022 04 18 21 22 36.15 120.19 70.33
2022 04 18 21 23 35.98 120.19 70.41
2022 04 18 21 24 35.81 120.19 70.49
2022 04 18 21 25 35.64 120.19 70.57
2022 04 18 21 26 35.47 120.19 70.65
2022 04 18 21 27 35.30 120.19 70.73
2022 04 18 21 28 35.13 120.19 70.82
2022 04 18 21 29 34.96 120.19 70.90
2022 04 18 21 30 34.79 120.19 70.98
2022 04 18 21 31 34.62 120.19 71.06
2022 04 18 21 32 34.45 120.19 71.15
2022 04 18 21 33 34.29 120.18 71.23
2022 04 18 21 34 34.12 120.18 71.31
2022 04 18 21 35 33.95 120.18 71.40
2022 04 18 21 36 33.78 120.18 71.48
2022 04 18 21 37 33.61 120.18 71.56
2022 04 18 21 38 33.44 120.18 71.65
2022 04 18 21 39 33.27 120.18 71.73
2022 04 18 21 40 33.10 120.18 71.82
2022 04 18 21 41 32.93 120.18 71.90
2022 04 18 21 42 32.76 120.18 71.99
2022 04 18 21 43 32.59 120.18 72.07
2022 04 18 21 44 32.42 120.18 72.16
2022 04 18 21 45 32.25 120.18 72.24
2022 04 18 21 46 32.08 120.18 72.33
2022 04 18 21 47 31.91 120.18 72.42
2022 04 18 21 48 31.74 120.18 72.50
2022 04 18 21 49 31.57 120.18 72.59
2022 04 18 21 50 31.41 120.18 72.68
2022 04 18 21 51 31.24 120.18 72.76
2022 04 18 21 52 31.07 120.18 72.85
2022 04 18 21 53 30.90 120.18 72.94
2022 04 18 21 54 30.73 120.18 73.02
2022 04 18 21 55 30.56 120.18 73.11
2022 04 18 21 56 30.39 120.18 73.20
2022 04 18 21 57 30.22 120.18 73.29
2022 04 18 21 58 30.05 120.18 73.38
2022 04 18 21 59 29.88 120.18 73.46
2022 04 18 22 00 29.71 120.18 73.55
2022 04 18 22 01 29.54 120.18 73.64
2022 04 18 22 02 29.37 120.18 73.73
2022 04 18 22 03 29.20 120.18 73.82
2022 04 18 22 04 29.04 120.18 73.91
2022 04 18 22 05 28.87 120.18 74.00
2022 04 18 22 06 28.70 120.18 74.09
2022 04 18 22 07 28.53 120.18 74.18
2022 04 18 22 08 28.36 120.18 74.27
2022 04 18 22 09 28.19 120.18 74.36
2022 04 18 22 10 28.02 120.19 74.45
2022 04 18 22 11 27.85 120.19 74.54
2022 04 18 22 12 27.68 120.19 74.64
2022 04 18 22 13 27.51 120.19 74.73
2022 04 18 22 14 27.35 120.19 74.82
2022 04 18 22 15 27.18 120.19 74.91
2022 04 18 22 16 27.01 120.19 75.00
2022 04 18 22 17 26.84 120.19 75.09
2022 04 18 22 18 26.67 120.19 75.19
2022 04 18 22 19 26.50 120.19 75.28
2022 04 18 22 20 26.33 120.19 75.37
2022 04 18 22 21 26.17 120.19 75.47
2022 04 18 22 22 26.00 120.20 75.56
2022 04 18 22 23 25.83 120.20 75.65
2022 04 18 22 24 25.66 120.20 75.75
2022 04 18 22 25 25.49 120.20 75.84
2022 04 18 22 26 25.33 120.20 75.94
2022 04 18 22 27 25.16 120.20 76.03
2022 04 18 22 28 24.99 120.20 76.13
2022 04 18 22 29 24.82 120.20 76.22
2022 04 18 22 30 24.65 120.20 76.32
2022 04 18 22 31 24.49 120.20 76.41
2022 04 18 22 32 24.32 120.21 76.51
2022 04 18 22 33 24.15 120.21 76.60
2022 04 18 22 34 23.98 120.21 76.70
2022 04 18 22 35 23.82 120.21 76.79
2022 04 18 22 36 23.65 120.21 76.89
2022 04 18 22 37 23.48 120.21 76.99
2022 04 18 22 38 23.32 120.21 77.08
2022 04 18 22 39 23.15 120.21 77.18
2022 04 18 22 40 22.98 120.21 77.28
2022 04 18 22 41 22.81 120.22 77.38
2022 04 18 22 42 22.65 120.22 77.47
2022 04 18 22 43 22.48 120.22 77.57
2022 04 18 22 44 22.31 120.22 77.67
2022 04 18 22 45 22.15 120.22 77.77
2022 04 18 22 46 21.98 120.22 77.87
2022 04 18 22 47 21.82 120.22 77.97
2022 04 18 22 48 21.65 120.22 78.07
2022 04 18 22 49 21.48 120.22 78.17
2022 04 18 22 50 21.32 120.23 78.27
2022 04 18 22 51 21.15 120.23 78.37
2022 04 18 22 52 20.99 120.23 78.47
2022 04 18 22 53 20.82 120.23 78.57
2022 04 18 22 54 20.65 120.23 78.67
2022 04 18 22 55 20.49 120.23 78.77
2022 04 18 22 56 20.32 120.23 78.87
2022 04 18 22 57 20.16 120.23 78.97
2022 04 18 22 58 19.99 120.23 79.07
2022 04 18 22 59 19.83 120.23 79.17
2022 04 18 23 00 19.66 120.23 79.27
2022 04 18 23 01 19.50 120.23 79.38
2022 04 18 23 02 19.33 120.23 79.48
2022 04 18 23 03 19.17 120.23 79.58
2022 04 18 23 04 19.00 120.24 79.68
2022 04 18 23 05 18.84 120.24 79.79
2022 04 18 23 06 18.68 120.24 79.89
2022 04 18 23 07 18.51 120.24 79.99
2022 04 18 23 08 18.35 120.24 80.10
2022 04 18 23 09 18.18 120.24 80.20
2022 04 18 23 10 18.02 120.24 80.31
2022 04 18 23 11 17.86 120.24 80.41
2022 04 18 23 12 17.69 120.24 80.52
2022 04 18 23 13 17.53 120.24 80.62
2022 04 18 23 14 17.37 120.24 80.73
2022 04 18 23 15 17.20 120.24 80.83
2022 04 18 23 16 17.04 120.24 80.94
2022 04 18 23 17 16.88 120.24 81.04
2022 04 18 23 18 16.72 120.24 81.15
2022 04 18 23 19 16.55 120.23 81.26
2022 04 18 23 20 16.39 120.23 81.36
2022 04 18 23 21 16.23 120.23 81.47
2022 04 18 23 22 16.07 120.23 81.58
2022 04 18 23 23 15.91 120.23 81.68
2022 04 18 23 24 15.74 120.23 81.79
2022 04 18 23 25 15.58 120.23 81.90
2022 04 18 23 26 15.42 120.23 82.01
2022 04 18 23 27 15.26 120.23 82.12
2022 04 18 23 28 15.10 120.22 82.22
2022 04 18 23 29 14.94 120.22 82.33
2022 04 18 23 30 14.78 120.22 82.44
2022 04 18 23 31 14.62 120.22 82.55
2022 04 18 23 32 14.46 120.22 82.66
2022 04 18 23 33 14.30 120.21 82.77
2022 04 18 23 34 14.14 120.21 82.88
2022 04 18 23 35 13.98 120.21 82.99
2022 04 18 23 36 13.82 120.21 83.10
2022 04 18 23 37 13.66 120.20 83.21
2022 04 18 23 38 13.50 120.20 83.32
2022 04 18 23 39 13.34 120.20 83.43
2022 04 18 23 40 13.18 120.20 83.54
2022 04 18 23 41 13.02 120.19 83.66
2022 04 18 23 42 12.86 120.19 83.77
2022 04 18 23 43 12.70 120.19 83.88
2022 04 18 23 44 12.54 120.18 83.99
2022 04 18 23 45 12.38 120.18 84.10
2022 04 18 23 46 12.23 120.17 84.22
2022 04 18 23 47 12.07 120.17 84.33
2022 04 18 23 48 11.91 120.16 84.44
2022 04 18 23 49 11.75 120.16 84.56
2022 04 18 23 50 11.60 120.16 84.67
2022 04 18 23 51 11.44 120.15 84.78
2022 04 18 23 52 11.28 120.15 84.90
2022 04 18 23 53 11.13 120.14 85.01
2022 04 18 23 54 10.97 120.13 85.13
2022 04 18 23 55 10.81 120.13 85.24
2022 04 18 23 56 10.66 120.12 85.35
2022 04 18 23 57 10.50 120.12 85.47
2022 04 18 23 58 10.34 120.11 85.58
2022 04 18 23 59 10.19 120.10 85.70
2022 04 19 00 00 10.03 120.10 85.81
2022 04 19 00 01 9.88 0.00 0.00
2022 04 19 00 02 9.72 0.00 0.00
2022 04 19 00 03 9.57 0.00 0.00
2022 04 19 00 04 9.41 0.00 0.00
2022 04 19 00 05 9.26 0.00 0.00
2022 04 19 00 06 9.11 0.00 0.00
2022 04 19 00 07 8.95 0.00 0.00
2022 04 19 00 08 8.80 0.00 0.00
2022 04 19 00 09 8.65 0.00 0.00
2022 04 19 00 10 8.49 0.00 0.00
2022 04 19 00 11 8.34 0.00 0.00
2022 04 19 00 12 8.19 0.00 0.00
2022 04 19 00 13 8.03 0.00 0.00
2022 04 19 00 14 7.88 0.00 0.00
2022 04 19 00 15 7.73 0.00 0.00
2022 04 19 00 16 7.58 0.00 0.00
2022 04 19 00 17 7.43 0.00 0.00
2022 04 19 00 18 7.27 0.00 0.00
2022 04 19 00 19 7.12 0.00 0.00
2022 04 19 00 20 6.97 0.00 0.00
2022 04 19 00 21 6.82 0.00 0.00
2022 04 19 00 22 6.67 0.00 0.00
2022 04 19 00 23 6.52 0.00 0.00
2022 04 19 00 24 6.37 0.00 0.00
2022 04 19 00 25 6.22 0.00 0.00
2022 04 19 00 26 6.07 0.00 0.00
2022 04 19 00 27 5.92 0.00 0.00
2022 04 19 00 28 5.77 0.00 0.00
2022 04 19 00 29 5.62 0.00 0.00
2022 04 19 00 30 5.48 0.00 0.00
2022 04 19 00 31 5.33 0.00 0.00
2022 04 19 00 32 5.18 0.00 0.00
2022 04 19 00 33 5.03 0.00 0.00
2022 04 19 00 34 4.88 0.00 0.00
2022 04 19 00 35 4.74 0.00 0.00
2022 04 19 00 36 4.59 0.00 0.00
2022 04 19 00 37 4.44 0.00 0.00
2022 04 19 00 38 4.30 0.00 0.00
2022 04 19 00 39 4.15 0.00 0.00
2022 04 19 00 40 4.01 0.00 0.00
2022 04 19 00 41 3.86 0.00 0.00
2022 04 19 00 42 3.71 0.00 0.00
2022 04 19 00 43 3.57 0.00 0.00
2022 04 19 00 44 3.42 0.00 0.00
2022 04 19 00 45 3.28 0.00 0.00
2022 04 19 00 46 3.14 0.00 0.00
2022 04 19 00 47 2.99 0.00 0.00
2022 04 19 00 48 2.85 0.00 0.00
2022 04 19 00 49 2.70 0.00 0.00
2022 04 19 00 50 2.56 0.00 0.00
2022 04 19 00 51 2.42 0.00 0.00
2022 04 19 00 52 2.28 0.00 0.00
2022 04 19 00 53 2.13 0.00 0.00
2022 04 19 00 54 1.99 0.00 0.00
2022 04 19 00 55 1.85 0.00 0.00
2022 04 19 00 56 1.71 0.00 0.00
2022 04 19 00 57 1.57 0.00 0.00
2022 04 19 00 58 1.43 0.00 0.00
2022 04 19 00 59 1.29 0.00 0.00
2022 04 19 01 00 1.15 0.00 0.00
2022 04 19 01 01 1.01 0.00 0.00
2022 04 19 01 02 0.87 0.00 0.00
2022 04 19 01 03 0.73 0.00 0.00
2022 04 19 01 04 0.59 0.00 0.00
2022 04 19 01 05 0.45 0.00 0.00
2022 04 19 01 06 0.31 0.00 0.00
2022 04 19 01 07 0.17 0.00 0.00
2022 04 19 01 08 0.04 0.00 0.00
2022 04 19 01 09 -0.10 0.00 0.00
2022 04 19 01 10 -0.24 0.00 0.00
2022 04 19 01 11 -0.38 0.00 0.00
2022 04 19 01 12 -0.51 0.00 0.00
2022 04 19 01 13 -0.65 0.00 0.00
2022 04 19 01 14 -0.78 0.00 0.00
2022 04 19 01 15 -0.92 0.00 0.00
2022 04 19 01 16 -1.05 0.00 0.00
2022 04 19 01 17 -1.19 0.00 0.00
2022 04 19 01 18 -1.32 0.00 0.00
2022 04 19 01 19 -1.46 0.00 0.00
2022 04 19 01 20 -1.59 0.00 0.00
2022 04 19 01 21 -1.73 0.00 0.00
2022 04 19 01 22 -1.86 0.00 0.00
2022 04 19 01 23 -1.99 0.00 0.00
2022 04 19 01 24 -2.12 0.00 0.00
2022 04 19 01 25 -2.26 0.00 0.00
2022 04 19 01 26 -2.39 0.00 0.00
2022 04 19 01 27 -2.52 0.00 0.00
2022 04 19 01 28 -2.65 0.00 0.00
2022 04 19 01 29 -2.78 0.00 0.00
2022 04 19 01 30 -2.91 0.00 0.00
2022 04 19 01 31 -3.04 0.00 0.00
2022 04 19 01 32 -3.17 0.00 0.00
2022 04 19 01 33 -3.30 0.00 0.00
2022 04 19 01 34 -3.43 0.00 0.00
2022 04 19 01 35 -3.56 0.00 0.00
2022 04 19 01 36 -3.68 0.00 0.00
2022 04 19 01 37 -3.81 0.00 0.00
2022 04 19 01 38 -3.94 0.00 0.00
2022 04 19 01 39 -4.07 0.00 0.00
2022 04 19 01 40 -4.19 0.00 0.00
2022 04 19 01 41 -4.32 0.00 0.00
2022 04 19 01 42 -4.44 0.00 0.00
2022 04 19 01 43 -4.57 0.00 0.00
2022 04 19 01 44 -4.70 0.00 0.00
2022 04 19 01 45 -4.82 0.00 0.00
2022 04 19 01 46 -4.94 0.00 0.00
2022 04 19 01 47 -5.07 0.00 0.00
2022 04 19 01 48 -5.19 0.00 0.00
2022 04 19 01 49 -5.31 0.00 0.00
2022 04 19 01 50 -5.44 0.00 0.00
2022 04 19 01 51 -5.56 0.00 0.00
2022 04 19 01 52 -5.68 0.00 0.00
2022 04 19 01 53 -5.80 0.00 0.00
2022 04 19 01 54 -5.92 0.00 0.00
2022 04 19 01 55 -6.04 0.00 0.00
2022 04 19 01 56 -6.16 0.00 0.00
2022 04 19 01 57 -6.28 0.00 0.00
2022 04 19 01 58 -6.40 0.00 0.00
2022 04 19 01 59 -6.52 0.00 0.00
2022 04 19 02 00 -6.64 0.00 0.00
2022 04 19 02 01 -6.76 0.00 0.00
2022 04 19 02 02 -6.88 0.00 0.00
2022 04 19 02 03 -7.00 0.00 0.00
2022 04 19 02 04 -7.11 0.00 0.00
2022 04 19 02 05 -7.23 0.00 0.00
2022 04 19 02 06 -7.34 0.00 0.00
2022 04 19 02 07 -7.46 0.00 0.00
2022 04 19 02 08 -7.58 0.00 0.00
2022 04 19 02 09 -7.69 0.00 0.00
2022 04 19 02 10 -7.80 0.00 0.00
2022 04 19 02 11 -7.92 0.00 0.00
2022 04 19 02 12 -8.03 0.00 0.00
2022 04 19 02 13 -8.14 0.00 0.00
2022 04 19 02 14 -8.26 0.00 0.00
2022 04 19 02 15 -8.37 0.00 0.00
2022 04 19 02 16 -8.48 0.00 0.00
2022 04 19 02 17 -8.59 0.00 0.00
2022 04 19 02 18 -8.70 0.00 0.00
2022 04 19 02 19 -8.81 0.00 0.00
2022 04 19 02 20 -8.92 0.00 0.00
2022 04 19 02 21 -9.03 0.00 0.00
2022 04 19 02 22 -9.14 0.00 0.00
2022 04 19 02 23 -9.25 0.00 0.00
2022 04 19 02 24 -9.36 0.00 0.00
2022 04 19 02 25 -9.46 0.00 0.00
2022 04 19 02 26 -9.57 0.00 0.00
2022 04 19 02 27 -9.68 0.00 0.00
2022 04 19 02 28 -9.78 0.00 0.00
2022 04 19 02 29 -9.89 0.00 0.00
2022 04 19 02 30 -9.99 0.00 0.00
2022 04 19 02 31 -10.10 0.00 0.00
2022 04 19 02 32 -10.20 0.00 0.00
2022 04 19 02 33 -10.31 0.00 0.00
2022 04 19 02 34 -10.41 0.00 0.00
2022 04 19 02 35 -10.51 0.00 0.00
2022 04 19 02 36 -10.61 0.00 0.00
2022 04 19 02 37 -10.72 0.00 0.00
2022 04 19 02 38 -10.82 0.00 0.00
2022 04 19 02 39 -10.92 0.00 0.00
2022 04 19 02 40 -11.02 0.00 0.00
2022 04 19 02 41 -11.12 0.00 0.00
2022 04 19 02 42 -11.22 0.00 0.00
2022 04 19 02 43 -11.32 0.00 0.00
2022 04 19 02 44 -11.41 0.00 0.00
2022 04 19 02 45 -11.51 0.00 0.00
2022 04 19 02 46 -11.61 0.00 0.00
2022 04 19 02 47 -11.70 0.00 0.00
2022 04 19 02 48 -11.80 0.00 0.00
2022 04 19 02 49 -11.90 0.00 0.00
2022 04 19 02 50 -11.99 0.00 0.00
2022 04 19 02 51 -12.09 0.00 0.00
2022 04 19 02 52 -12.18 0.00 0.00
2022 04 19 02 53 -12.27 0.00 0.00
2022 04 19 02 54 -12.37 0.00 0.00
2022 04 19 02 55 -12.46 0.00 0.00
2022 04 19 02 56 -12.55 0.00 0.00
2022 04 19 02 57 -12.64 0.00 0.00
2022 04 19 02 58 -12.73 0.00 0.00
2022 04 19 02 59 -12.82 0.00 0.00
2022 04 19 03 00 -12.91 0.00 0.00
2022 04 19 03 01 -13.00 0.00 0.00
2022 04 19 03 02 -13.09 0.00 0.00
2022 04 19 03 03 -13.18 0.00 0.00
2022 04 19 03 04 -13.26 0.00 0.00
2022 04 19 03 05 -13.35 0.00 0.00
2022 04 19 03 06 -13.44 0.00 0.00
2022 04 19 03 07 -13.52 0.00 0.00
2022 04 19 03 08 -13.61 0.00 0.00
2022 04 19 03 09 -13.69 0.00 0.00
2022 04 19 03 10 -13.78 0.00 0.00
2022 04 19 03 11 -13.86 0.00 0.00
2022 04 19 03 12 -13.94 0.00 0.00
2022 04 19 03 13 -14.03 0.00 0.00
2022 04 19 03 14 -14.11 0.00 0.00
2022 04 19 03 15 -14.19 0.00 0.00
2022 04 19 03 16 -14.27 0.00 0.00
2022 04 19 03 17 -14.35 0.00 0.00
2022 04 19 03 18 -14.43 0.00 0.00
2022 04 19 03 19 -14.51 0.00 0.00
2022 04 19 03 20 -14.59 0.00 0.00
2022 04 19 03 21 -14.66 0.00 0.00
2022 04 19 03 22 -14.74 0.00 0.00
2022 04 19 03 23 -14.82 0.00 0.00
2022 04 19 03 24 -14.89 0.00 0.00
2022 04 19 03 25 -14.97 0.00 0.00
2022 04 19 03 26 -15.04 0.00 0.00
2022 04 19 03 27 -15.12 0.00 0.00
2022 04 19 03 28 -15.19 0.00 0.00
2022 04 19 03 29 -15.26 0.00 0.00
2022 04 19 03 30 -15.34 0.00 0.00
2022 04 19 03 31 -15.41 0.00 0.00
2022 04 19 03 32 -15.48 0.00 0.00
2022 04 19 03 33 -15.55 0.00 0.00
2022 04 19 03 34 -15.62 0.00 0.00
2022 04 19 03 35 -15.69 0.00 0.00
2022 04 19 03 36 -15.76 0.00 0.00
2022 04 19 03 37 -15.83 0.00 0.00
2022 04 19 03 38 -15.89 0.00 0.00
2022 04 19 03 39 -15.96 0.00 0.00
2022 04 19 03 40 -16.03 0.00 0.00
2022 04 19 03 41 -16.09 0.00 0.00
2022 04 19 03 42 -16.16 0.00 0.00
2022 04 19 03 43 -16.22 0.00 0.00
2022 04 19 03 44 -16.28 0.00 0.00
2022 04 19 03 45 -16.35 0.00 0.00
2022 04 19 03 46 -16.41 0.00 0.00
2022 04 19 03 47 -16.47 0.00 0.00
2022 04 19 03 48 -16.53 0.00 0.00
2022 04 19 03 49 -16.59 0.00 0.00
2022 04 19 03 50 -16.65 0.00 0.00
2022 04 19 03 51 -16.71 0.00 0.00
2022 04 19 03 52 -16.77 0.00 0.00
2022 04 19 03 53 -16.83 0.00 0.00
2022 04 19 03 54 -16.89 0.00 0.00
2022 04 19 03 55 -16.94 0.00 0.00
2022 04 19 03 56 -17.00 0.00 0.00
2022 04 19 03 57 -17.05 0.00 0.00
2022 04 19 03 58 -17.11 0.00 0.00
2022 04 19 03 59 -17.16 0.00 0.00
2022 04 19 04 00 -17.21 0.00 0.00
2022 04 19 04 01 -17.27 0.00 0.00
2022 04 19 04 02 -17.32 0.00 0.00
2022 04 19 04 03 -17.37 0.00 0.00
2022 04 19 04 04 -17.42 0.00 0.00
2022 04 19 04 05 -17.47 0.00 0.00
2022 04 19 04 06 -17.52 0.00 0.00
2022 04 19 04 07 -17.57 0.00 0.00
2022 04 19 04 08 -17.62 0.00 0.00
2022 04 19 04 09 -17.67 0.00 0.00
2022 04 19 04 10 -17.71 0.00 0.00
2022 04 19 04 11 -17.76 0.00 0.00
2022 04 19 04 12 -17.80 0.00 0.00
2022 04 19 04 13 -17.85 0.00 0.00
2022 04 19 04 14 -17.89 0.00 0.00
2022 04 19 04 15 -17.93 0.00 0.00
2022 04 19 04 16 -17.98 0.00 0.00
2022 04 19 04 17 -18.02 0.00 0.00
2022 04 19 04 18 -18.06 0.00 0.00
2022 04 19 04 19 -18.10 0.00 0.00
2022 04 19 04 20 -18.14 0.00 0.00
2022 04 19 04 21 -18.18 0.00 0.00
2022 04 19 04 22 -18.22 0.00 0.00
2022 04 19 04 23 -18.26 0.00 0.00
2022 04 19 04 24 -18.29 0.00 0.00
2022 04 19 04 25 -18.33 0.00 0.00
2022 04 19 04 26 -18.37 0.00 0.00
2022 04 19 04 27 -18.40 0.00 0.00
2022 04 19 04 28 -18.44 0.00 0.00
2022 04 19 04 29 -18.47 0.00 0.00
2022 04 19 04 30 -18.50 0.00 0.00
2022 04 19 04 31 -18.53 0.00 0.00
2022 04 19 04 32 -18.57 0.00 0.00
2022 04 19 04 33 -18.60 0.00 0.00
2022 04 19 04 34 -18.63 0.00 0.00
2022 04 19 04 35 -18.66 0.00 0.00
2022 04 19 04 36 -18.68 0.00 0.00
2022 04 19 04 37 -18.71 0.00 0.00
2022 04 19 04 38 -18.74 0.00 0.00
2022 04 19 04 39 -18.77 0.00 0.00
2022 04 19 04 40 -18.79 0.00 0.00
2022 04 19 04 41 -18.82 0.00 0.00
2022 04 19 04 42 -18.84 0.00 0.00
2022 04 19 04 43 -18.87 0.00 0.00
2022 04 19 04 44 -18.89 0.00 0.00
2022 04 19 04 45 -18.91 0.00 0.00
2022 04 19 04 46 -18.93 0.00 0.00
2022 04 19 04 47 -18.95 0.00 0.00
2022 04 19 04 48 -18.97 0.00 0.00
2022 04 19 04 49 -18.99 0.00 0.00
2022 04 19 04 50 -19.01 0.00 0.00
2022 04 19 04 51 -19.03 0.00 0.00
2022 04 19 04 52 -19.05 0.00 0.00
2022 04 19 04 53 -19.07 0.00 0.00
2022 04 19 04 54 -19.08 0.00 0.00
2022 04 19 04 55 -19.10 0.00 0.00
2022 04 19 04 56 -19.11 0.00 0.00
2022 04 19 04 57 -19.12 0.00 0.00
2022 04 19 04 58 -19.14 0.00 0.00
2022 04 19 04 59 -19.15 0.00 0.00
