2022 04 19 17 00 65.64 0.00 0.00
2022 04 19 17 01 65.66 0.00 0.00
2022 04 19 17 02 65.68 0.00 0.00
2022 04 19 17 03 65.70 0.00 0.00
2022 04 19 17 04 65.72 0.00 0.00
2022 04 19 17 05 65.73 0.00 0.00
2022 04 19 17 06 65.75 0.00 0.00
2022 04 19 17 07 65.76 0.00 0.00
2022 04 19 17 08 65.77 0.00 0.00
2022 04 19 17 09 65.78 0.00 0.00
2022 04 19 17 10 65.79 0.00 0.00
2022 04 19 17 11 65.79 0.00 0.00
2022 04 19 17 12 65.79 0.00 0.00
2022 04 19 17 13 65.80 0.00 0.00
2022 04 19 17 14 65.80 0.00 0.00
2022 04 19 17 15 65.80 0.00 0.00
2022 04 19 17 16 65.79 0.00 0.00
2022 04 19 17 17 65.79 0.00 0.00
2022 04 19 17 18 65.78 115.27 0.00
2022 04 19 17 19 65.77 115.34 0.00
2022 04 19 17 20 65.76 115.42 0.00
2022 04 19 17 21 65.75 115.49 0.00
2022 04 19 17 22 65.74 115.56 0.00
2022 04 19 17 23 65.73 115.63 0.00
2022 04 19 17 24 65.71 115.70 0.00
2022 04 19 17 25 65.69 115.77 0.00
2022 04 19 17 26 65.67 115.84 0.00
2022 04 19 17 27 65.65 115.90 0.00
2022 04 19 17 28 65.63 115.97 0.00
2022 04 19 17 29 65.60 116.04 0.00
2022 04 19 17 30 65.58 116.10 0.00
2022 04 19 17 31 65.55 116.17 0.00
2022 04 19 17 32 65.52 116.23 0.00
2022 04 19 17 33 65.49 116.30 0.00
2022 04 19 17 34 65.46 116.36 0.00
2022 04 19 17 35 65.42 116.42 0.00
2022 04 19 17 36 65.39 116.48 0.00
2022 04 19 17 37 65.35 116.55 0.00
2022 04 19 17 38 65.31 116.61 0.00
2022 04 19 17 39 65.27 116.67 0.00
2022 04 19 17 40 65.23 116.72 0.00
2022 04 19 17 41 65.19 116.78 0.00
2022 04 19 17 42 65.14 116.84 0.00
2022 04 19 17 43 65.10 116.90 0.00
2022 04 19 17 44 65.05 116.95 0.00
2022 04 19 17 45 65.00 117.01 0.00
2022 04 19 17 46 64.95 117.07 0.00
2022 04 19 17 47 64.90 117.12 0.00
2022 04 19 17 48 64.84 117.17 0.00
2022 04 19 17 49 64.79 117.23 0.00
2022 04 19 17 50 64.73 117.28 0.00
2022 04 19 17 51 64.67 117.33 0.00
2022 04 19 17 52 64.61 117.38 0.00
2022 04 19 17 53 64.55 117.43 0.00
2022 04 19 17 54 64.49 117.48 0.00
2022 04 19 17 55 64.42 117.53 0.00
2022 04 19 17 56 64.36 117.58 0.00
2022 04 19 17 57 64.29 117.63 0.00
2022 04 19 17 58 64.22 117.68 0.00
2022 04 19 17 59 64.15 117.73 0.00
2022 04 19 18 00 64.08 117.77 0.00
2022 04 19 18 01 64.01 117.82 0.00
2022 04 19 18 02 63.94 117.87 0.00
2022 04 19 18 03 63.86 117.91 0.00
2022 04 19 18 04 63.79 117.95 0.00
2022 04 19 18 05 63.71 118.00 0.00
2022 04 19 18 06 63.63 118.04 0.00
2022 04 19 18 07 63.55 118.08 0.00
2022 04 19 18 08 63.47 118.13 0.00
2022 04 19 18 09 63.38 118.17 0.00
2022 04 19 18 10 63.30 118.21 0.00
2022 04 19 18 11 63.22 118.25 0.00
2022 04 19 18 12 63.13 118.29 0.00
2022 04 19 18 13 63.04 118.33 0.00
2022 04 19 18 14 62.95 118.37 0.00
2022 04 19 18 15 62.86 118.41 0.00
2022 04 19 18 16 62.77 118.44 0.00
2022 04 19 18 17 62.68 118.48 0.00
2022 04 19 18 18 62.59 118.52 0.00
2022 04 19 18 19 62.49 118.55 0.00
2022 04 19 18 20 62.40 118.59 0.00
2022 04 19 18 21 62.30 118.62 0.00
2022 04 19 18 22 62.20 118.66 0.00
2022 04 19 18 23 62.10 118.69 0.00
2022 04 19 18 24 62.00 118.73 0.00
2022 04 19 18 25 61.90 118.76 0.00
2022 04 19 18 26 61.80 118.79 0.00
2022 04 19 18 27 61.70 118.83 0.00
2022 04 19 18 28 61.60 118.86 0.00
2022 04 19 18 29 61.49 118.89 0.00
2022 04 19 18 30 61.38 118.92 0.00
2022 04 19 18 31 61.28 118.95 0.00
2022 04 19 18 32 61.17 118.98 0.00
2022 04 19 18 33 61.06 119.01 0.00
2022 04 19 18 34 60.95 119.04 0.00
2022 04 19 18 35 60.84 119.07 0.00
2022 04 19 18 36 60.73 119.09 0.00
2022 04 19 18 37 60.62 119.12 0.00
2022 04 19 18 38 60.50 119.15 0.00
2022 04 19 18 39 60.39 119.17 0.00
2022 04 19 18 40 60.27 119.20 0.00
2022 04 19 18 41 60.16 119.23 0.00
2022 04 19 18 42 60.04 119.25 0.00
2022 04 19 18 43 59.92 119.28 0.00
2022 04 19 18 44 59.80 119.30 0.00
2022 04 19 18 45 59.68 119.33 0.00
2022 04 19 18 46 59.56 119.35 0.00
2022 04 19 18 47 59.44 119.37 0.00
2022 04 19 18 48 59.32 119.40 0.00
2022 04 19 18 49 59.20 119.42 0.00
2022 04 19 18 50 59.07 119.44 0.00
2022 04 19 18 51 58.95 119.46 0.00
2022 04 19 18 52 58.83 119.48 0.00
2022 04 19 18 53 58.70 119.50 0.00
2022 04 19 18 54 58.57 119.52 0.00
2022 04 19 18 55 58.45 119.54 0.00
2022 04 19 18 56 58.32 119.56 0.00
2022 04 19 18 57 58.19 119.58 0.00
2022 04 19 18 58 58.06 119.60 58.09
2022 04 19 18 59 57.93 119.62 57.99
2022 04 19 19 00 57.80 119.64 57.90
2022 04 19 19 01 57.67 119.66 57.81
2022 04 19 19 02 57.54 119.67 57.72
2022 04 19 19 03 57.40 119.69 57.63
2022 04 19 19 04 57.27 119.71 57.54
2022 04 19 19 05 57.14 119.72 57.45
2022 04 19 19 06 57.00 119.74 57.37
2022 04 19 19 07 56.87 119.76 57.29
2022 04 19 19 08 56.73 119.77 57.21
2022 04 19 19 09 56.60 119.79 57.13
2022 04 19 19 10 56.46 119.80 57.05
2022 04 19 19 11 56.32 119.82 56.98
2022 04 19 19 12 56.18 119.83 56.90
2022 04 19 19 13 56.04 119.84 56.83
2022 04 19 19 14 55.90 119.86 56.76
2022 04 19 19 15 55.77 119.87 56.69
2022 04 19 19 16 55.62 119.88 56.63
2022 04 19 19 17 55.48 119.90 56.56
2022 04 19 19 18 55.34 119.91 56.50
2022 04 19 19 19 55.20 119.92 56.43
2022 04 19 19 20 55.06 119.93 56.37
2022 04 19 19 21 54.92 119.94 56.31
2022 04 19 19 22 54.77 119.95 56.25
2022 04 19 19 23 54.63 119.96 56.20
2022 04 19 19 24 54.48 119.98 56.14
2022 04 19 19 25 54.34 119.99 56.09
2022 04 19 19 26 54.19 120.00 56.04
2022 04 19 19 27 54.05 120.01 55.99
2022 04 19 19 28 53.90 120.01 55.94
2022 04 19 19 29 53.76 120.02 55.89
2022 04 19 19 30 53.61 120.03 55.84
2022 04 19 19 31 53.46 120.04 55.80
2022 04 19 19 32 53.31 120.05 55.75
2022 04 19 19 33 53.16 120.06 55.71
2022 04 19 19 34 53.02 120.07 55.67
2022 04 19 19 35 52.87 120.07 55.63
2022 04 19 19 36 52.72 120.08 55.59
2022 04 19 19 37 52.57 120.09 55.55
2022 04 19 19 38 52.42 120.10 55.52
2022 04 19 19 39 52.27 120.10 55.48
2022 04 19 19 40 52.11 120.11 55.45
2022 04 19 19 41 51.96 120.12 55.41
2022 04 19 19 42 51.81 120.12 55.38
2022 04 19 19 43 51.66 120.13 55.35
2022 04 19 19 44 51.51 120.13 55.32
2022 04 19 19 45 51.35 120.14 55.30
2022 04 19 19 46 51.20 120.15 55.27
2022 04 19 19 47 51.05 120.15 55.25
2022 04 19 19 48 50.89 120.16 55.22
2022 04 19 19 49 50.74 120.16 55.20
2022 04 19 19 50 50.58 120.17 55.18
2022 04 19 19 51 50.43 120.17 55.16
2022 04 19 19 52 50.27 120.17 55.14
2022 04 19 19 53 50.12 120.18 55.12
2022 04 19 19 54 49.96 120.18 55.10
2022 04 19 19 55 49.81 120.19 55.09
2022 04 19 19 56 49.65 120.19 55.07
2022 04 19 19 57 49.49 120.19 55.06
2022 04 19 19 58 49.33 120.20 55.04
2022 04 19 19 59 49.18 120.20 55.03
2022 04 19 20 00 49.02 120.20 55.02
2022 04 19 20 01 48.86 120.21 55.01
2022 04 19 20 02 48.70 120.21 55.00
2022 04 19 20 03 48.54 120.21 54.99
2022 04 19 20 04 48.39 120.21 54.99
2022 04 19 20 05 48.23 120.22 54.98
2022 04 19 20 06 48.07 120.22 54.98
2022 04 19 20 07 47.91 120.22 54.97
2022 04 19 20 08 47.75 120.22 54.97
2022 04 19 20 09 47.59 120.22 54.97
2022 04 19 20 10 47.43 120.22 54.97
2022 04 19 20 11 47.27 120.23 54.97
2022 04 19 20 12 47.11 120.23 54.97
2022 04 19 20 13 46.95 120.23 54.97
2022 04 19 20 14 46.78 120.23 54.97
2022 04 19 20 15 46.62 120.23 54.97
2022 04 19 20 16 46.46 120.23 54.98
2022 04 19 20 17 46.30 120.23 54.98
2022 04 19 20 18 46.14 120.23 54.99
2022 04 19 20 19 45.98 120.23 55.00
2022 04 19 20 20 45.81 120.24 55.00
2022 04 19 20 21 45.65 120.24 55.01
2022 04 19 20 22 45.49 120.24 55.02
2022 04 19 20 23 45.33 120.24 55.03
2022 04 19 20 24 45.16 120.24 55.04
2022 04 19 20 25 45.00 120.24 55.06
2022 04 19 20 26 44.84 120.24 55.07
2022 04 19 20 27 44.67 120.24 55.08
2022 04 19 20 28 44.51 120.24 55.10
2022 04 19 20 29 44.34 120.24 55.11
2022 04 19 20 30 44.18 120.24 55.13
2022 04 19 20 31 44.01 120.24 55.15
2022 04 19 20 32 43.85 120.24 55.16
2022 04 19 20 33 43.69 120.24 55.18
2022 04 19 20 34 43.52 120.24 55.20
2022 04 19 20 35 43.36 120.23 55.22
2022 04 19 20 36 43.19 120.23 55.24
2022 04 19 20 37 43.03 120.23 55.26
2022 04 19 20 38 42.86 120.23 55.28
2022 04 19 20 39 42.69 120.23 55.31
2022 04 19 20 40 42.53 120.23 55.33
2022 04 19 20 41 42.36 120.23 55.36
2022 04 19 20 42 42.20 120.23 55.38
2022 04 19 20 43 42.03 120.23 55.41
2022 04 19 20 44 41.86 120.23 55.43
2022 04 19 20 45 41.70 120.23 55.46
2022 04 19 20 46 41.53 120.23 55.49
2022 04 19 20 47 41.37 120.23 55.52
2022 04 19 20 48 41.20 120.23 55.55
2022 04 19 20 49 41.03 120.22 55.57
2022 04 19 20 50 40.86 120.22 55.61
2022 04 19 20 51 40.70 120.22 55.64
2022 04 19 20 52 40.53 120.22 55.67
2022 04 19 20 53 40.36 120.22 55.70
2022 04 19 20 54 40.20 120.22 55.73
2022 04 19 20 55 40.03 120.22 55.77
2022 04 19 20 56 39.86 120.22 55.80
2022 04 19 20 57 39.69 120.22 55.84
2022 04 19 20 58 39.53 120.21 55.87
2022 04 19 20 59 39.36 120.21 55.91
2022 04 19 21 00 39.19 120.21 55.95
2022 04 19 21 01 39.02 120.21 55.98
2022 04 19 21 02 38.85 120.21 56.02
2022 04 19 21 03 38.69 120.21 56.06
2022 04 19 21 04 38.52 120.21 56.10
2022 04 19 21 05 38.35 120.21 56.14
2022 04 19 21 06 38.18 120.21 56.18
2022 04 19 21 07 38.01 120.20 56.22
2022 04 19 21 08 37.84 120.20 56.26
2022 04 19 21 09 37.68 120.20 56.31
2022 04 19 21 10 37.51 120.20 56.35
2022 04 19 21 11 37.34 120.20 56.39
2022 04 19 21 12 37.17 120.20 56.44
2022 04 19 21 13 37.00 120.20 56.48
2022 04 19 21 14 36.83 120.20 56.53
2022 04 19 21 15 36.66 120.20 56.57
2022 04 19 21 16 36.50 120.20 56.62
2022 04 19 21 17 36.33 120.19 56.67
2022 04 19 21 18 36.16 120.19 56.71
2022 04 19 21 19 35.99 120.19 56.76
2022 04 19 21 20 35.82 120.19 56.81
2022 04 19 21 21 35.65 120.19 56.86
2022 04 19 21 22 35.48 120.19 56.91
2022 04 19 21 23 35.31 120.19 56.96
2022 04 19 21 24 35.14 120.19 57.01
2022 04 19 21 25 34.97 120.19 57.06
2022 04 19 21 26 34.80 120.19 57.11
2022 04 19 21 27 34.64 120.19 57.17
2022 04 19 21 28 34.47 120.19 57.22
2022 04 19 21 29 34.30 120.18 57.27
2022 04 19 21 30 34.13 120.18 57.33
2022 04 19 21 31 33.96 120.18 57.38
2022 04 19 21 32 33.79 120.18 57.44
2022 04 19 21 33 33.62 120.18 57.49
2022 04 19 21 34 33.45 120.18 57.55
2022 04 19 21 35 33.28 120.18 57.60
2022 04 19 21 36 33.11 120.18 57.66
2022 04 19 21 37 32.94 120.18 57.72
2022 04 19 21 38 32.77 120.18 57.78
2022 04 19 21 39 32.60 120.18 57.84
2022 04 19 21 40 32.43 120.18 57.89
2022 04 19 21 41 32.26 120.18 57.95
2022 04 19 21 42 32.09 120.18 58.01
2022 04 19 21 43 31.92 120.18 58.07
2022 04 19 21 44 31.76 120.18 58.14
2022 04 19 21 45 31.59 120.18 58.20
2022 04 19 21 46 31.42 120.18 58.26
2022 04 19 21 47 31.25 120.18 58.32
2022 04 19 21 48 31.08 120.18 58.38
2022 04 19 21 49 30.91 120.18 58.45
2022 04 19 21 50 30.74 120.18 58.51
2022 04 19 21 51 30.57 120.18 58.58
2022 04 19 21 52 30.40 120.18 58.64
2022 04 19 21 53 30.23 120.18 58.71
2022 04 19 21 54 30.06 120.18 58.77
2022 04 19 21 55 29.89 120.18 58.84
2022 04 19 21 56 29.72 120.18 58.90
2022 04 19 21 57 29.55 120.18 58.97
2022 04 19 21 58 29.38 120.18 59.04
2022 04 19 21 59 29.22 120.18 59.11
2022 04 19 22 00 29.05 120.18 59.18
2022 04 19 22 01 28.88 120.18 59.25
2022 04 19 22 02 28.71 120.18 59.31
2022 04 19 22 03 28.54 120.18 59.38
2022 04 19 22 04 28.37 120.18 59.45
2022 04 19 22 05 28.20 120.18 59.53
2022 04 19 22 06 28.03 120.19 59.60
2022 04 19 22 07 27.86 120.19 59.67
2022 04 19 22 08 27.70 120.19 59.74
2022 04 19 22 09 27.53 120.19 59.81
2022 04 19 22 10 27.36 120.19 59.89
2022 04 19 22 11 27.19 120.19 59.96
2022 04 19 22 12 27.02 120.19 60.03
2022 04 19 22 13 26.85 120.19 60.11
2022 04 19 22 14 26.68 120.19 60.18
2022 04 19 22 15 26.51 120.19 60.26
2022 04 19 22 16 26.35 120.19 60.33
2022 04 19 22 17 26.18 120.19 60.41
2022 04 19 22 18 26.01 120.20 60.49
2022 04 19 22 19 25.84 120.20 60.56
2022 04 19 22 20 25.67 120.20 60.64
2022 04 19 22 21 25.51 120.20 60.72
2022 04 19 22 22 25.34 120.20 60.80
2022 04 19 22 23 25.17 120.20 60.88
2022 04 19 22 24 25.00 120.20 60.95
2022 04 19 22 25 24.83 120.20 61.03
2022 04 19 22 26 24.67 120.20 61.11
2022 04 19 22 27 24.50 120.20 61.19
2022 04 19 22 28 24.33 120.21 61.28
2022 04 19 22 29 24.16 120.21 61.36
2022 04 19 22 30 24.00 120.21 61.44
2022 04 19 22 31 23.83 120.21 61.52
2022 04 19 22 32 23.66 120.21 61.60
2022 04 19 22 33 23.49 120.21 61.69
2022 04 19 22 34 23.33 120.21 61.77
2022 04 19 22 35 23.16 120.21 61.85
2022 04 19 22 36 22.99 120.21 61.94
2022 04 19 22 37 22.83 120.22 62.02
2022 04 19 22 38 22.66 120.22 62.11
2022 04 19 22 39 22.49 120.22 62.19
2022 04 19 22 40 22.33 120.22 62.28
2022 04 19 22 41 22.16 120.22 62.37
2022 04 19 22 42 21.99 120.22 62.45
2022 04 19 22 43 21.83 120.22 62.54
2022 04 19 22 44 21.66 120.22 62.63
2022 04 19 22 45 21.49 120.22 62.71
2022 04 19 22 46 21.33 120.23 62.80
2022 04 19 22 47 21.16 120.23 62.89
2022 04 19 22 48 21.00 120.23 62.98
2022 04 19 22 49 20.83 120.23 63.07
2022 04 19 22 50 20.67 120.23 63.16
2022 04 19 22 51 20.50 120.23 63.25
2022 04 19 22 52 20.33 120.23 63.34
2022 04 19 22 53 20.17 120.23 63.43
2022 04 19 22 54 20.00 120.23 63.53
2022 04 19 22 55 19.84 120.23 63.62
2022 04 19 22 56 19.67 120.23 63.71
2022 04 19 22 57 19.51 120.23 63.80
2022 04 19 22 58 19.34 120.23 63.90
2022 04 19 22 59 19.18 120.23 63.99
2022 04 19 23 00 19.02 120.24 64.08
2022 04 19 23 01 18.85 120.24 64.18
2022 04 19 23 02 18.69 120.24 64.27
2022 04 19 23 03 18.52 120.24 64.37
2022 04 19 23 04 18.36 120.24 64.47
2022 04 19 23 05 18.20 120.24 64.56
2022 04 19 23 06 18.03 120.24 64.66
2022 04 19 23 07 17.87 120.24 64.76
2022 04 19 23 08 17.70 120.24 64.85
2022 04 19 23 09 17.54 120.24 64.95
2022 04 19 23 10 17.38 120.24 65.05
2022 04 19 23 11 17.22 120.24 65.15
2022 04 19 23 12 17.05 120.24 65.25
2022 04 19 23 13 16.89 120.24 65.35
2022 04 19 23 14 16.73 120.24 65.45
2022 04 19 23 15 16.56 120.23 65.55
2022 04 19 23 16 16.40 120.23 65.65
2022 04 19 23 17 16.24 120.23 65.75
2022 04 19 23 18 16.08 120.23 65.85
2022 04 19 23 19 15.92 120.23 65.95
2022 04 19 23 20 15.75 120.23 66.05
2022 04 19 23 21 15.59 120.23 66.16
2022 04 19 23 22 15.43 120.23 66.26
2022 04 19 23 23 15.27 120.23 66.36
2022 04 19 23 24 15.11 120.22 66.47
2022 04 19 23 25 14.95 120.22 66.57
2022 04 19 23 26 14.79 120.22 66.68
2022 04 19 23 27 14.63 120.22 66.78
2022 04 19 23 28 14.47 120.22 66.89
2022 04 19 23 29 14.31 120.22 67.00
2022 04 19 23 30 14.15 120.21 67.10
2022 04 19 23 31 13.99 120.21 67.21
2022 04 19 23 32 13.83 120.21 67.32
2022 04 19 23 33 13.67 120.21 67.42
2022 04 19 23 34 13.51 120.20 67.53
2022 04 19 23 35 13.35 120.20 67.64
2022 04 19 23 36 13.19 120.20 67.75
2022 04 19 23 37 13.03 120.19 67.86
2022 04 19 23 38 12.87 120.19 67.97
2022 04 19 23 39 12.71 120.19 68.08
2022 04 19 23 40 12.55 120.18 68.19
2022 04 19 23 41 12.40 120.18 68.30
2022 04 19 23 42 12.24 120.17 68.41
2022 04 19 23 43 12.08 120.17 68.53
2022 04 19 23 44 11.92 120.17 68.64
2022 04 19 23 45 11.76 120.16 68.75
2022 04 19 23 46 11.61 120.16 68.86
2022 04 19 23 47 11.45 120.15 68.98
2022 04 19 23 48 11.29 120.15 69.09
2022 04 19 23 49 11.14 120.14 69.21
2022 04 19 23 50 10.98 120.13 69.32
2022 04 19 23 51 10.82 120.13 69.44
2022 04 19 23 52 10.67 120.12 69.55
2022 04 19 23 53 10.51 120.12 69.67
2022 04 19 23 54 10.36 120.11 69.79
2022 04 19 23 55 10.20 120.10 69.90
2022 04 19 23 56 10.04 120.10 70.02
2022 04 19 23 57 9.89 0.00 0.00
2022 04 19 23 58 9.73 0.00 0.00
2022 04 19 23 59 9.58 0.00 0.00
2022 04 20 00 00 9.43 0.00 0.00
2022 04 20 00 01 9.27 0.00 0.00
2022 04 20 00 02 9.12 0.00 0.00
2022 04 20 00 03 8.96 0.00 0.00
2022 04 20 00 04 8.81 0.00 0.00
2022 04 20 00 05 8.66 0.00 0.00
2022 04 20 00 06 8.50 0.00 0.00
2022 04 20 00 07 8.35 0.00 0.00
2022 04 20 00 08 8.20 0.00 0.00
2022 04 20 00 09 8.04 0.00 0.00
2022 04 20 00 10 7.89 0.00 0.00
2022 04 20 00 11 7.74 0.00 0.00
2022 04 20 00 12 7.59 0.00 0.00
2022 04 20 00 13 7.44 0.00 0.00
2022 04 20 00 14 7.28 0.00 0.00
2022 04 20 00 15 7.13 0.00 0.00
2022 04 20 00 16 6.98 0.00 0.00
2022 04 20 00 17 6.83 0.00 0.00
2022 04 20 00 18 6.68 0.00 0.00
2022 04 20 00 19 6.53 0.00 0.00
2022 04 20 00 20 6.38 0.00 0.00
2022 04 20 00 21 6.23 0.00 0.00
2022 04 20 00 22 6.08 0.00 0.00
2022 04 20 00 23 5.93 0.00 0.00
2022 04 20 00 24 5.78 0.00 0.00
2022 04 20 00 25 5.63 0.00 0.00
2022 04 20 00 26 5.49 0.00 0.00
2022 04 20 00 27 5.34 0.00 0.00
2022 04 20 00 28 5.19 0.00 0.00
2022 04 20 00 29 5.04 0.00 0.00
2022 04 20 00 30 4.89 0.00 0.00
2022 04 20 00 31 4.75 0.00 0.00
2022 04 20 00 32 4.60 0.00 0.00
2022 04 20 00 33 4.45 0.00 0.00
2022 04 20 00 34 4.31 0.00 0.00
2022 04 20 00 35 4.16 0.00 0.00
2022 04 20 00 36 4.01 0.00 0.00
2022 04 20 00 37 3.87 0.00 0.00
2022 04 20 00 38 3.72 0.00 0.00
2022 04 20 00 39 3.58 0.00 0.00
2022 04 20 00 40 3.43 0.00 0.00
2022 04 20 00 41 3.29 0.00 0.00
2022 04 20 00 42 3.15 0.00 0.00
2022 04 20 00 43 3.00 0.00 0.00
2022 04 20 00 44 2.86 0.00 0.00
2022 04 20 00 45 2.71 0.00 0.00
2022 04 20 00 46 2.57 0.00 0.00
2022 04 20 00 47 2.43 0.00 0.00
2022 04 20 00 48 2.29 0.00 0.00
2022 04 20 00 49 2.14 0.00 0.00
2022 04 20 00 50 2.00 0.00 0.00
2022 04 20 00 51 1.86 0.00 0.00
2022 04 20 00 52 1.72 0.00 0.00
2022 04 20 00 53 1.58 0.00 0.00
2022 04 20 00 54 1.44 0.00 0.00
2022 04 20 00 55 1.30 0.00 0.00
2022 04 20 00 56 1.16 0.00 0.00
2022 04 20 00 57 1.02 0.00 0.00
2022 04 20 00 58 0.88 0.00 0.00
2022 04 20 00 59 0.74 0.00 0.00
2022 04 20 01 00 0.60 0.00 0.00
2022 04 20 01 01 0.46 0.00 0.00
2022 04 20 01 02 0.32 0.00 0.00
2022 04 20 01 03 0.18 0.00 0.00
2022 04 20 01 04 0.04 0.00 0.00
2022 04 20 01 05 -0.09 0.00 0.00
2022 04 20 01 06 -0.23 0.00 0.00
2022 04 20 01 07 -0.37 0.00 0.00
2022 04 20 01 08 -0.50 0.00 0.00
2022 04 20 01 09 -0.64 0.00 0.00
2022 04 20 01 10 -0.78 0.00 0.00
2022 04 20 01 11 -0.91 0.00 0.00
2022 04 20 01 12 -1.05 0.00 0.00
2022 04 20 01 13 -1.18 0.00 0.00
2022 04 20 01 14 -1.31 0.00 0.00
2022 04 20 01 15 -1.45 0.00 0.00
2022 04 20 01 16 -1.58 0.00 0.00
2022 04 20 01 17 -1.72 0.00 0.00
2022 04 20 01 18 -1.85 0.00 0.00
2022 04 20 01 19 -1.98 0.00 0.00
2022 04 20 01 20 -2.11 0.00 0.00
2022 04 20 01 21 -2.25 0.00 0.00
2022 04 20 01 22 -2.38 0.00 0.00
2022 04 20 01 23 -2.51 0.00 0.00
2022 04 20 01 24 -2.64 0.00 0.00
2022 04 20 01 25 -2.77 0.00 0.00
2022 04 20 01 26 -2.90 0.00 0.00
2022 04 20 01 27 -3.03 0.00 0.00
2022 04 20 01 28 -3.16 0.00 0.00
2022 04 20 01 29 -3.29 0.00 0.00
2022 04 20 01 30 -3.42 0.00 0.00
2022 04 20 01 31 -3.55 0.00 0.00
2022 04 20 01 32 -3.68 0.00 0.00
2022 04 20 01 33 -3.80 0.00 0.00
2022 04 20 01 34 -3.93 0.00 0.00
2022 04 20 01 35 -4.06 0.00 0.00
2022 04 20 01 36 -4.18 0.00 0.00
2022 04 20 01 37 -4.31 0.00 0.00
2022 04 20 01 38 -4.44 0.00 0.00
2022 04 20 01 39 -4.56 0.00 0.00
2022 04 20 01 40 -4.69 0.00 0.00
2022 04 20 01 41 -4.81 0.00 0.00
2022 04 20 01 42 -4.94 0.00 0.00
2022 04 20 01 43 -5.06 0.00 0.00
2022 04 20 01 44 -5.18 0.00 0.00
2022 04 20 01 45 -5.31 0.00 0.00
2022 04 20 01 46 -5.43 0.00 0.00
2022 04 20 01 47 -5.55 0.00 0.00
2022 04 20 01 48 -5.67 0.00 0.00
2022 04 20 01 49 -5.79 0.00 0.00
2022 04 20 01 50 -5.92 0.00 0.00
2022 04 20 01 51 -6.04 0.00 0.00
2022 04 20 01 52 -6.16 0.00 0.00
2022 04 20 01 53 -6.28 0.00 0.00
2022 04 20 01 54 -6.40 0.00 0.00
2022 04 20 01 55 -6.52 0.00 0.00
2022 04 20 01 56 -6.63 0.00 0.00
2022 04 20 01 57 -6.75 0.00 0.00
2022 04 20 01 58 -6.87 0.00 0.00
2022 04 20 01 59 -6.99 0.00 0.00
2022 04 20 02 00 -7.10 0.00 0.00
2022 04 20 02 01 -7.22 0.00 0.00
2022 04 20 02 02 -7.34 0.00 0.00
2022 04 20 02 03 -7.45 0.00 0.00
2022 04 20 02 04 -7.57 0.00 0.00
2022 04 20 02 05 -7.68 0.00 0.00
2022 04 20 02 06 -7.80 0.00 0.00
2022 04 20 02 07 -7.91 0.00 0.00
2022 04 20 02 08 -8.02 0.00 0.00
2022 04 20 02 09 -8.14 0.00 0.00
2022 04 20 02 10 -8.25 0.00 0.00
2022 04 20 02 11 -8.36 0.00 0.00
2022 04 20 02 12 -8.47 0.00 0.00
2022 04 20 02 13 -8.58 0.00 0.00
2022 04 20 02 14 -8.69 0.00 0.00
2022 04 20 02 15 -8.81 0.00 0.00
2022 04 20 02 16 -8.91 0.00 0.00
2022 04 20 02 17 -9.02 0.00 0.00
2022 04 20 02 18 -9.13 0.00 0.00
2022 04 20 02 19 -9.24 0.00 0.00
2022 04 20 02 20 -9.35 0.00 0.00
2022 04 20 02 21 -9.46 0.00 0.00
2022 04 20 02 22 -9.56 0.00 0.00
2022 04 20 02 23 -9.67 0.00 0.00
2022 04 20 02 24 -9.78 0.00 0.00
2022 04 20 02 25 -9.88 0.00 0.00
2022 04 20 02 26 -9.99 0.00 0.00
2022 04 20 02 27 -10.09 0.00 0.00
2022 04 20 02 28 -10.20 0.00 0.00
2022 04 20 02 29 -10.30 0.00 0.00
2022 04 20 02 30 -10.40 0.00 0.00
2022 04 20 02 31 -10.51 0.00 0.00
2022 04 20 02 32 -10.61 0.00 0.00
2022 04 20 02 33 -10.71 0.00 0.00
2022 04 20 02 34 -10.81 0.00 0.00
2022 04 20 02 35 -10.91 0.00 0.00
2022 04 20 02 36 -11.01 0.00 0.00
2022 04 20 02 37 -11.11 0.00 0.00
2022 04 20 02 38 -11.21 0.00 0.00
2022 04 20 02 39 -11.31 0.00 0.00
2022 04 20 02 40 -11.41 0.00 0.00
2022 04 20 02 41 -11.50 0.00 0.00
2022 04 20 02 42 -11.60 0.00 0.00
2022 04 20 02 43 -11.70 0.00 0.00
2022 04 20 02 44 -11.79 0.00 0.00
2022 04 20 02 45 -11.89 0.00 0.00
2022 04 20 02 46 -11.98 0.00 0.00
2022 04 20 02 47 -12.08 0.00 0.00
2022 04 20 02 48 -12.17 0.00 0.00
2022 04 20 02 49 -12.27 0.00 0.00
2022 04 20 02 50 -12.36 0.00 0.00
2022 04 20 02 51 -12.45 0.00 0.00
2022 04 20 02 52 -12.54 0.00 0.00
2022 04 20 02 53 -12.63 0.00 0.00
2022 04 20 02 54 -12.73 0.00 0.00
2022 04 20 02 55 -12.82 0.00 0.00
2022 04 20 02 56 -12.91 0.00 0.00
2022 04 20 02 57 -12.99 0.00 0.00
2022 04 20 02 58 -13.08 0.00 0.00
2022 04 20 02 59 -13.17 0.00 0.00
2022 04 20 03 00 -13.26 0.00 0.00
2022 04 20 03 01 -13.35 0.00 0.00
2022 04 20 03 02 -13.43 0.00 0.00
2022 04 20 03 03 -13.52 0.00 0.00
2022 04 20 03 04 -13.60 0.00 0.00
2022 04 20 03 05 -13.69 0.00 0.00
2022 04 20 03 06 -13.77 0.00 0.00
2022 04 20 03 07 -13.85 0.00 0.00
2022 04 20 03 08 -13.94 0.00 0.00
2022 04 20 03 09 -14.02 0.00 0.00
2022 04 20 03 10 -14.10 0.00 0.00
2022 04 20 03 11 -14.18 0.00 0.00
2022 04 20 03 12 -14.26 0.00 0.00
2022 04 20 03 13 -14.34 0.00 0.00
2022 04 20 03 14 -14.42 0.00 0.00
2022 04 20 03 15 -14.50 0.00 0.00
2022 04 20 03 16 -14.58 0.00 0.00
2022 04 20 03 17 -14.66 0.00 0.00
2022 04 20 03 18 -14.74 0.00 0.00
2022 04 20 03 19 -14.81 0.00 0.00
2022 04 20 03 20 -14.89 0.00 0.00
2022 04 20 03 21 -14.96 0.00 0.00
2022 04 20 03 22 -15.04 0.00 0.00
2022 04 20 03 23 -15.11 0.00 0.00
2022 04 20 03 24 -15.19 0.00 0.00
2022 04 20 03 25 -15.26 0.00 0.00
2022 04 20 03 26 -15.33 0.00 0.00
2022 04 20 03 27 -15.40 0.00 0.00
2022 04 20 03 28 -15.47 0.00 0.00
2022 04 20 03 29 -15.54 0.00 0.00
2022 04 20 03 30 -15.61 0.00 0.00
2022 04 20 03 31 -15.68 0.00 0.00
2022 04 20 03 32 -15.75 0.00 0.00
2022 04 20 03 33 -15.82 0.00 0.00
2022 04 20 03 34 -15.89 0.00 0.00
2022 04 20 03 35 -15.95 0.00 0.00
2022 04 20 03 36 -16.02 0.00 0.00
2022 04 20 03 37 -16.09 0.00 0.00
2022 04 20 03 38 -16.15 0.00 0.00
2022 04 20 03 39 -16.22 0.00 0.00
2022 04 20 03 40 -16.28 0.00 0.00
2022 04 20 03 41 -16.34 0.00 0.00
2022 04 20 03 42 -16.41 0.00 0.00
2022 04 20 03 43 -16.47 0.00 0.00
2022 04 20 03 44 -16.53 0.00 0.00
2022 04 20 03 45 -16.59 0.00 0.00
2022 04 20 03 46 -16.65 0.00 0.00
2022 04 20 03 47 -16.71 0.00 0.00
2022 04 20 03 48 -16.77 0.00 0.00
2022 04 20 03 49 -16.82 0.00 0.00
2022 04 20 03 50 -16.88 0.00 0.00
2022 04 20 03 51 -16.94 0.00 0.00
2022 04 20 03 52 -16.99 0.00 0.00
2022 04 20 03 53 -17.05 0.00 0.00
2022 04 20 03 54 -17.10 0.00 0.00
2022 04 20 03 55 -17.16 0.00 0.00
2022 04 20 03 56 -17.21 0.00 0.00
2022 04 20 03 57 -17.26 0.00 0.00
2022 04 20 03 58 -17.32 0.00 0.00
2022 04 20 03 59 -17.37 0.00 0.00
2022 04 20 04 00 -17.42 0.00 0.00
2022 04 20 04 01 -17.47 0.00 0.00
2022 04 20 04 02 -17.52 0.00 0.00
2022 04 20 04 03 -17.57 0.00 0.00
2022 04 20 04 04 -17.61 0.00 0.00
2022 04 20 04 05 -17.66 0.00 0.00
2022 04 20 04 06 -17.71 0.00 0.00
2022 04 20 04 07 -17.75 0.00 0.00
2022 04 20 04 08 -17.80 0.00 0.00
2022 04 20 04 09 -17.84 0.00 0.00
2022 04 20 04 10 -17.89 0.00 0.00
2022 04 20 04 11 -17.93 0.00 0.00
2022 04 20 04 12 -17.97 0.00 0.00
2022 04 20 04 13 -18.02 0.00 0.00
2022 04 20 04 14 -18.06 0.00 0.00
2022 04 20 04 15 -18.10 0.00 0.00
2022 04 20 04 16 -18.14 0.00 0.00
2022 04 20 04 17 -18.18 0.00 0.00
2022 04 20 04 18 -18.22 0.00 0.00
2022 04 20 04 19 -18.25 0.00 0.00
2022 04 20 04 20 -18.29 0.00 0.00
2022 04 20 04 21 -18.33 0.00 0.00
2022 04 20 04 22 -18.36 0.00 0.00
2022 04 20 04 23 -18.40 0.00 0.00
2022 04 20 04 24 -18.43 0.00 0.00
2022 04 20 04 25 -18.47 0.00 0.00
2022 04 20 04 26 -18.50 0.00 0.00
2022 04 20 04 27 -18.53 0.00 0.00
2022 04 20 04 28 -18.56 0.00 0.00
2022 04 20 04 29 -18.59 0.00 0.00
2022 04 20 04 30 -18.62 0.00 0.00
2022 04 20 04 31 -18.65 0.00 0.00
2022 04 20 04 32 -18.68 0.00 0.00
2022 04 20 04 33 -18.71 0.00 0.00
2022 04 20 04 34 -18.74 0.00 0.00
2022 04 20 04 35 -18.77 0.00 0.00
2022 04 20 04 36 -18.79 0.00 0.00
2022 04 20 04 37 -18.82 0.00 0.00
2022 04 20 04 38 -18.84 0.00 0.00
2022 04 20 04 39 -18.86 0.00 0.00
2022 04 20 04 40 -18.89 0.00 0.00
2022 04 20 04 41 -18.91 0.00 0.00
2022 04 20 04 42 -18.93 0.00 0.00
2022 04 20 04 43 -18.95 0.00 0.00
2022 04 20 04 44 -18.97 0.00 0.00
2022 04 20 04 45 -18.99 0.00 0.00
2022 04 20 04 46 -19.01 0.00 0.00
2022 04 20 04 47 -19.03 0.00 0.00
2022 04 20 04 48 -19.05 0.00 0.00
2022 04 20 04 49 -19.06 0.00 0.00
2022 04 20 04 50 -19.08 0.00 0.00
2022 04 20 04 51 -19.10 0.00 0.00
2022 04 20 04 52 -19.11 0.00 0.00
2022 04 20 04 53 -19.12 0.00 0.00
2022 04 20 04 54 -19.14 0.00 0.00
2022 04 20 04 55 -19.15 0.00 0.00
2022 04 20 04 56 -19.16 0.00 0.00
2022 04 20 04 57 -19.17 0.00 0.00
2022 04 20 04 58 -19.18 0.00 0.00
2022 04 20 04 59 -19.19 0.00 0.00
