# Mimosa realtime, 3A, 3B, 4A, 4B
45042.342477826 2523.07 1775.61 2012.97 4043.83
45042.342530620 2515.50 1771.39 2012.21 4041.28
45042.342578171 2486.95 1746.90 2010.25 4036.86
45042.342623552 2499.76 1754.42 2011.10 4036.07
45042.342670199 2517.91 1770.05 2006.67 4024.79
45042.342717027 2493.80 1751.72 2007.08 4025.33
45042.342762951 2485.00 1742.39 2006.91 4028.11
45042.342809055 2494.78 1750.81 2008.67 4031.41
45042.342855160 2482.59 1743.54 2003.21 4016.89
45042.342902350 2450.49 1718.51 2001.95 4012.83
45042.342947912 2443.10 1713.56 2005.96 4023.24
45042.342993836 2445.10 1716.88 2000.47 4010.82
45042.343040302 2432.63 1707.41 1994.68 3990.89
45042.343087310 2402.30 1684.27 1995.57 3993.61
45042.343132873 2402.84 1686.53 1996.22 3995.45
45042.343179520 2434.45 1709.75 1995.72 3990.90
45042.343226167 2417.64 1695.63 1993.10 3982.88
45042.343271729 2394.53 1678.50 1992.55 3985.66
45042.343318557 2415.74 1694.49 1993.52 3990.20
45042.343364842 2421.50 1698.93 1988.74 3977.25
45042.343411127 2374.16 1662.75 1986.32 3971.38
45042.343456690 2367.30 1658.63 1989.37 3978.22
45042.343502975 2385.30 1673.84 1989.11 3980.16
45042.343549441 2362.64 1657.16 1984.23 3969.13
45042.343596088 2318.74 1621.58 1982.16 3964.25
45042.343642012 2327.41 1628.33 1983.48 3965.75
45042.343689382 2344.24 1642.60 1981.52 3962.71
45042.343734945 2328.90 1629.27 1979.86 3958.94
45042.343781230 2327.92 1627.15 1984.25 3968.14
45042.343827154 2345.00 1641.00 1981.50 3962.93
45042.343874343 2335.25 1632.79 1972.96 3944.74
45042.343919905 2322.94 1621.45 1971.51 3938.68
45042.343967095 2314.04 1615.24 1970.33 3934.13
45042.344012476 2313.69 1616.46 1966.02 3923.82
45042.344059304 2291.83 1598.56 1962.75 3913.78
45042.344105047 2261.01 1575.82 1962.06 3916.26
45042.344403190 2230.75 1551.67 1952.05 3890.32
45042.344452188 2222.60 1544.33 1954.32 3899.13
45042.344498835 2240.90 1558.12 1951.60 3889.95
45042.344544939 2229.86 1550.44 1946.13 3878.28
45042.344591225 2189.63 1517.74 1944.74 3875.71
45042.344637872 2190.10 1518.49 1945.92 3876.90
45042.344683976 2190.98 1520.87 1942.19 3871.37
45042.344730081 2162.02 1497.89 1935.98 3857.94
45042.344776005 2153.13 1489.32 1937.06 3859.53
45042.344822832 2167.07 1501.47 1934.03 3850.91
45042.344869299 2166.28 1498.89 1928.07 3836.40
45042.344916127 2133.21 1470.90 1930.60 3838.06
45042.344961689 2131.54 1467.76 1931.51 3842.11
45042.345008878 2154.02 1487.90 1927.46 3835.67
45042.345053898 2151.98 1484.71 1920.40 3817.44
45042.345100183 2131.25 1467.95 1913.73 3800.67
45042.345147011 2135.99 1475.24 1915.40 3806.41
45042.345313711 2092.24 1441.30 1912.94 3804.00
45042.345366867 2093.13 1442.83 1909.89 3793.15
45042.345412972 2227.02 1571.48 1902.30 3775.43
45042.345459076 2254.83 1616.73 1901.23 3772.54
45042.345505723 2198.00 1647.33 1905.17 3778.15
45042.345552370 2503.57 1858.46 1900.98 3768.30
45042.345597932 2521.75 1867.88 1897.68 3764.72
45042.345644579 2555.81 1891.66 1897.90 3767.65
45042.345691046 2711.33 1994.97 1895.91 3759.84
45042.345737693 2817.66 2056.89 1895.59 3764.50
45042.345783797 2965.60 2145.24 1897.33 3767.17
45042.345829721 3118.73 2235.64 1884.46 3738.92
45042.345876549 3261.00 2315.38 1875.08 3720.28
45042.345922292 3324.23 2349.59 1873.46 3715.13
45042.345968758 3402.36 2396.76 1878.37 3722.20
45042.346014501 3445.15 2424.88 1873.62 3712.95
45042.346060786 3449.75 2424.63 1871.77 3705.20
45042.346107253 3457.96 2426.89 1883.59 3731.09
45042.346154442 3458.84 2430.04 2050.85 4153.18
45042.346200366 3455.52 2427.14 2069.22 4220.38
45042.346246290 3461.72 2427.78 2043.03 4173.36
45042.346292756 3460.40 2428.34 2051.64 4187.81
45042.346339403 3448.20 2422.87 2047.05 4185.46
45042.346386131 3439.21 2414.51 2042.94 4182.22
45042.346431693 3426.43 2405.21 2037.80 4179.33
45042.346477797 3410.20 2396.83 2039.04 4181.93
45042.346523902 3401.09 2390.41 2039.28 4181.65
45042.346570549 3385.16 2378.37 2038.69 4179.99
45042.346616654 3386.25 2377.32 2038.58 4180.94
45042.346663120 3400.92 2388.64 2040.35 4182.52
45042.346709405 3406.46 2391.02 2045.74 4193.04
45042.346755148 3392.72 2381.00 2048.23 4196.79
45042.346802157 3395.77 2383.47 2041.84 4187.23
45042.346847900 3410.01 2393.81 2039.96 4185.29
45042.346894004 3390.94 2377.87 2043.47 4191.22
45042.346940832 3372.42 2365.78 2043.78 4190.57
45042.346987660 3372.55 2367.38 2045.59 4193.38
45042.347033945 3363.01 2358.87 2047.17 4195.75
45042.347079869 3340.25 2341.15 2042.18 4183.64
45042.347126155 3338.02 2343.20 2041.77 4184.50
45042.347172079 3326.84 2336.44 2043.75 4188.75
45042.347218545 3310.79 2322.31 2045.90 4192.11
45042.347264649 3318.68 2326.60 2046.66 4196.03
45042.347311477 3336.96 2340.92 2049.60 4201.23
45042.347358305 3328.80 2334.40 2049.59 4201.91
45042.347403867 3309.42 2317.88 2044.19 4189.33
45042.347450135 3325.77 2329.73 2043.21 4184.38
45042.347496240 3331.77 2333.91 2043.73 4185.55
45042.347542706 3301.22 2312.95 2043.08 4185.96
45042.347589715 3286.35 2301.90 2043.86 4185.92
45042.347635096 3292.84 2307.80 2045.56 4189.11
45042.347681743 3279.15 2299.43 2042.34 4185.04
45042.347728571 3247.65 2276.95 2045.67 4190.81
45042.347774495 3242.01 2272.98 2047.60 4193.23
45042.347820419 3246.14 2277.13 2048.35 4195.41
45042.347867246 3244.15 2275.71 2049.07 4195.95
45042.347912989 3256.32 2283.61 2053.07 4203.84
45042.347959456 3266.15 2290.76 2051.61 4199.60
45042.348005741 3256.72 2284.87 2050.05 4200.48
45042.348052388 3247.65 2276.34 2049.56 4200.07
45042.348097769 3258.03 2284.06 2049.80 4200.12
45042.348144597 3250.22 2277.94 2047.72 4196.20
45042.348191244 3208.68 2248.42 2045.56 4191.85
45042.348237891 3195.68 2237.81 2045.85 4192.32
45042.348283273 3195.53 2240.06 2043.95 4189.06
45042.348330101 3176.55 2228.78 2042.08 4184.86
45042.348376205 3150.75 2208.57 2042.52 4183.77
45042.348421948 3152.41 2211.78 2043.17 4185.50
45042.348468414 3160.74 2219.06 2041.76 4179.42
45042.348515785 3164.53 2217.88 2040.50 4172.95
45042.348561347 3167.03 2216.85 2045.03 4181.60
45042.348607632 3169.97 2219.73 2043.88 4182.70
45042.348653375 3173.92 2222.03 2042.48 4180.38
45042.348700384 3174.51 2219.49 2040.11 4173.91
45042.348745946 3169.79 2217.87 2038.18 4170.96
45042.348793135 3157.68 2212.50 2038.59 4168.70
45042.348839782 3129.59 2190.57 2040.24 4172.87
45042.348885345 3107.42 2172.43 2038.08 4169.27
45042.348932534 3100.17 2170.14 2033.96 4162.45
45042.348977554 3085.46 2161.85 2033.85 4158.90
45042.349024201 3058.27 2139.28 2033.86 4153.72
45042.349070125 3052.79 2137.60 2032.70 4153.04
45042.349116772 3072.24 2151.57 2031.52 4151.65
45042.349162876 3078.94 2153.26 2035.79 4157.60
45042.349210066 3079.14 2150.95 2038.63 4164.76
45042.349255628 3078.43 2151.35 2032.27 4153.77
45042.349301552 3076.56 2149.71 2028.17 4144.95
45042.349348560 3068.36 2141.42 2027.72 4142.27
45042.349394665 3059.07 2136.49 2027.95 4144.19
45042.349440589 3046.65 2130.49 2024.46 4135.04
45042.349487055 3029.36 2118.45 2024.03 4132.47
45042.349533340 3004.42 2101.41 2022.54 4130.46
45042.349580168 2991.49 2093.84 2015.62 4118.33
45042.349626996 2990.05 2093.31 2016.98 4117.48
45042.349672920 2961.31 2072.38 2015.92 4115.38
45042.349718121 2952.01 2067.08 2016.55 4119.55
45042.349764406 2972.56 2082.06 2013.70 4113.11
45042.349811957 2971.84 2078.42 2017.08 4114.32
45042.349857519 2958.78 2067.94 2014.98 4106.03
45042.349904166 2965.31 2073.89 2010.27 4100.27
45042.349950271 2974.80 2080.25 2010.23 4103.32
45042.349996918 2959.31 2067.61 2008.89 4097.90
45042.350043203 2941.74 2057.63 2010.17 4100.99
45042.350088765 2937.31 2056.28 2004.38 4090.14
45042.350135955 2908.64 2034.75 2002.39 4085.83
45042.350182059 2884.40 2017.57 1998.49 4080.48
45042.350228706 2875.32 2012.90 1994.53 4075.47
45042.350273907 2860.48 2002.81 1992.60 4071.22
45042.350320916 2823.03 1976.15 1993.71 4072.90
45042.350367020 2823.46 1976.68 1988.62 4062.83
45042.350413667 2838.55 1987.05 1989.88 4064.69
45042.350459410 2835.48 1981.80 1993.46 4067.01
45042.350506238 2830.94 1977.13 1992.50 4063.24
45042.350552343 2827.21 1977.92 1986.36 4053.78
45042.350598990 2834.27 1981.82 1981.14 4045.63
45042.350644371 2828.56 1975.41 1977.75 4037.83
45042.350690837 2823.13 1972.55 1981.89 4045.83
45042.350736761 2824.31 1977.70 1978.23 4039.18
45042.350783047 2790.76 1954.33 1974.98 4033.05
45042.350830236 2784.13 1949.55 1972.89 4030.23
45042.350875617 2770.41 1941.99 1970.73 4028.06
45042.350922084 2742.65 1922.15 1965.87 4015.62
45042.350968188 2721.89 1905.65 1969.05 4022.63
45042.351015558 2720.24 1907.01 1966.25 4019.03
45042.351061663 2731.08 1915.40 1963.71 4012.01
45042.351107587 2722.26 1905.10 1965.98 4014.25
45042.351153511 2715.06 1896.39 1971.76 4026.53
45042.351200339 2713.55 1899.76 1966.07 4019.14
45042.351245901 2702.67 1891.03 1952.51 3991.19
45042.351292909 2696.43 1882.85 1949.46 3985.19
45042.351339737 2711.70 1896.03 1954.86 3998.13
45042.351386203 2706.58 1895.46 1951.03 3991.56
45042.351432308 2664.31 1864.68 1944.88 3977.27
45042.351478051 2653.76 1854.94 1947.03 3980.68
45042.351524879 2659.44 1863.72 1939.41 3966.80
45042.351570441 2635.36 1849.38 1931.07 3949.89
45042.351617088 2528.83 1867.19 1933.27 3952.42
45042.351663735 2498.20 1849.94 1934.87 3955.51
45042.351709116 2949.18 2131.23 1928.81 3942.42
45042.351755402 3081.82 2209.69 1928.99 3941.85
45042.351801868 3231.16 2301.60 1932.53 3947.29
45042.351848696 3212.52 2291.46 1931.99 3945.91
45042.351894620 2968.26 2148.49 1923.41 3931.01
45042.351941448 2822.30 2063.85 1916.39 3918.49
45042.351987010 3362.46 2333.03 1912.30 3908.58
45042.352033476 3349.46 2320.95 1910.75 3904.56
45042.352080304 3304.23 2287.60 1910.14 3903.35
45042.352125866 3292.29 2278.86 1910.80 3908.72
45042.352172151 3235.34 2242.07 1903.76 3893.59
45042.352218798 3148.64 2180.54 1893.20 3869.89
45042.352265445 2932.87 2028.90 1872.54 3829.80
45042.352310827 3036.39 2101.58 1842.24 3767.34
45042.352357655 3081.69 2136.71 1796.94 3685.88
45042.352404302 2902.95 2012.39 1745.01 3578.21
45042.352450949 2874.05 1986.43 1771.58 3630.19
45042.352497234 2937.87 2037.58 1794.81 3673.08
45042.352542435 2506.30 1739.81 1788.58 3662.53
45042.352589805 2656.69 1838.46 1602.93 3302.36
45042.352635729 2844.07 1966.60 1670.22 3429.91
45042.352681653 2842.94 1972.79 1502.31 3098.41
45042.352727938 2590.21 1795.41 1677.69 3447.89
45042.352774223 2818.98 1953.88 1644.56 3385.34
45042.352820328 3117.38 2157.39 1683.44 3454.18
45042.352867698 3127.63 2164.00 1701.29 3488.81
45042.352913080 3109.70 2151.24 1712.91 3512.11
45042.352959365 3075.45 2130.69 1826.19 3730.98
45042.353005289 2749.01 1909.48 1830.87 3734.27
45042.353051755 2494.21 1737.84 1830.71 3731.83
45042.353098402 2463.60 1711.03 1819.18 3713.70
45042.353145230 1978.26 1374.73 1798.10 3673.04
45042.353191154 2611.11 1803.83 1685.59 3460.27
45042.353237982 2450.69 1693.85 1553.33 3201.64
45042.353284086 2153.47 1503.18 1351.04 2794.91
45042.353330371 2046.20 1417.65 1365.18 2815.19
45042.353376476 2880.36 1987.09 1205.13 2509.23
45042.353421858 3071.52 2121.59 1404.95 2908.85
45042.353469228 2446.70 1700.96 1416.54 2921.71
45042.353514790 2214.33 1532.36 1682.09 3444.78
45042.353561979 2345.69 1622.53 1779.79 3629.71
45042.353607542 2836.31 1961.38 1489.73 3071.46
45042.353653646 2961.32 2049.40 1434.05 2962.47
45042.353700474 2937.70 2032.59 1556.62 3206.35
45042.353746759 2940.53 2037.10 1737.88 3549.29
45042.353792322 2928.76 2028.21 1787.76 3641.58
45042.353838607 2918.03 2016.54 1788.18 3640.08
45042.353885073 2955.07 2039.97 1793.62 3651.82
45042.353931359 2958.83 2044.75 1786.39 3636.34
45042.353978006 2919.28 2016.56 1768.27 3597.22
45042.354024653 2801.86 1935.34 1769.16 3599.60
45042.354071119 2623.04 1812.99 1766.92 3597.14
45042.354116681 2755.25 1902.36 1735.15 3534.44
45042.354162786 2858.48 1974.18 1590.12 3250.71
45042.354209071 2861.61 1978.55 1539.21 3148.44
45042.354255718 2860.14 1978.24 1591.69 3249.62
45042.354302546 2825.26 1954.71 1662.60 3383.46
45042.354348108 2794.91 1934.98 1721.02 3498.64
45042.354394739 2642.82 1832.61 1730.91 3516.73
45042.354441566 2609.42 1808.28 1725.88 3504.77
45042.354487309 2281.76 1586.57 1724.57 3503.69
45042.354533595 2496.70 1729.18 1664.63 3391.89
45042.354580242 2430.57 1688.25 1576.81 3222.90
45042.354625804 2551.82 1765.80 1531.80 3130.45
45042.354672451 2646.95 1830.54 1536.58 3151.14
45042.354719098 2724.05 1885.84 1624.69 3314.53
45042.354764660 2759.91 1904.28 1671.74 3415.82
45042.354811488 2756.70 1900.19 1668.21 3436.27
45042.354857593 2740.40 1893.21 1781.58 3654.56
45042.354903517 2705.57 1872.62 1842.53 3770.66
45042.354950525 2667.82 1841.94 1841.99 3769.65
45042.354996449 2667.01 1840.89 1839.60 3761.17
45042.355043277 2654.60 1834.61 1834.63 3749.89
45042.355089020 2612.12 1804.62 1830.54 3743.64
45042.355136209 2591.96 1791.29 1833.73 3749.52
45042.355181771 2567.06 1778.17 1842.28 3767.35
45042.355228418 2515.11 1741.69 1841.69 3767.53
45042.355274885 2189.87 1519.62 1842.03 3769.12
45042.355321170 2072.31 1433.24 1833.39 3752.64
45042.355366913 2192.84 1518.92 1825.23 3740.38
45042.355413922 2405.42 1660.31 1542.44 3189.24
45042.355458942 2005.46 1390.95 1430.85 2966.28
45042.355505227 2300.56 1584.64 1478.77 3064.45
45042.355552055 2417.74 1671.45 1719.94 3534.13
45042.355598883 1862.68 1296.07 1491.42 3093.14
45042.355645168 1571.35 1092.38 1420.15 2948.61
45042.355690369 1677.07 1160.90 1732.32 3562.05
45042.355736654 2175.96 1500.42 1362.71 2847.86
45042.355783301 2325.47 1606.05 1052.39 2218.52
45042.355829767 2387.36 1654.13 987.10 2087.79
45042.355876414 2354.77 1631.67 1164.72 2439.75
45042.355923061 2314.93 1603.89 1286.95 2687.15
45042.355969166 2367.52 1640.56 1577.56 3259.41
45042.356015813 2371.06 1641.59 1787.29 3672.19
45042.356061737 2377.05 1645.71 1745.46 3590.84
45042.356108384 2409.61 1667.73 1793.46 3681.65
45042.356153765 2401.71 1663.79 1805.11 3706.71
45042.356200231 2360.06 1633.09 1802.61 3702.16
45042.356247240 2376.98 1645.42 1801.44 3701.05
45042.356292621 2394.54 1657.65 1808.55 3716.09
45042.356339268 2347.67 1624.59 1807.59 3716.05
45042.356386096 2301.08 1593.32 1801.94 3704.71
45042.356431478 2305.75 1599.28 1800.20 3699.29
45042.356477944 2316.31 1607.84 1803.50 3707.48
45042.356524048 2271.38 1575.85 1794.80 3692.25
45042.356570695 2249.95 1562.61 1783.71 3672.03
45042.356617704 2246.51 1562.17 1786.63 3676.83
45042.356663809 2204.71 1531.88 1793.30 3689.88
45042.356709371 2402.12 1746.24 1793.86 3691.28
45042.356756018 2396.45 1751.42 1786.44 3677.48
45042.356801580 2543.90 1831.72 1789.29 3682.24
45042.356848769 2589.56 1849.42 1797.19 3695.91
45042.356894332 2589.27 1829.54 1797.87 3699.26
45042.356940617 2546.86 1784.90 1786.90 3678.30
45042.356987083 2508.69 1747.71 1772.76 3652.39
45042.357033188 2528.60 1825.75 1770.23 3646.14
45042.357080377 2526.31 1829.16 1771.34 3647.26
45042.357125940 2512.11 1817.98 1767.60 3640.22
45042.357172044 2487.02 1797.92 1763.65 3633.45
45042.357219234 2464.87 1783.67 1762.67 3632.51
45042.357264615 2464.94 1782.34 1763.62 3635.82
45042.357311985 2454.14 1773.01 1755.38 3621.20
45042.357357186 2422.94 1751.76 1744.27 3598.88
45042.357404556 2397.75 1734.78 1747.96 3606.62
45042.357450118 2388.20 1726.63 1755.15 3618.85
45042.357496223 2369.11 1713.71 1750.33 3610.50
45042.357543051 2367.15 1713.53 1745.71 3598.60
45042.357589155 2401.90 1734.43 1749.05 3606.68
45042.357635079 2413.50 1741.05 1758.37 3626.83
45042.357682449 2403.02 1734.79 1756.58 3623.42
45042.357728554 2380.40 1718.02 1744.52 3599.48
45042.357773935 2383.30 1717.31 1731.79 3572.44
45042.357821125 2396.17 1726.81 1730.83 3571.11
45042.357866687 2391.72 1723.40 1730.26 3570.50
45042.357913696 2361.47 1698.23 1727.73 3564.90
45042.357960162 2325.45 1672.14 1720.35 3548.99
45042.358005724 2285.70 1647.89 1718.36 3542.32
45042.358052009 2291.01 1648.81 1711.93 3527.36
45042.358098114 2278.01 1637.42 1700.79 3504.89
45042.358144761 2238.49 1610.30 1645.14 3399.18
45042.358190685 2168.06 1560.86 1664.09 3430.33
45042.358237693 2023.59 1451.25 1690.59 3484.37
45042.358283075 2121.05 1522.87 1648.42 3399.18
45042.358330083 2176.89 1564.91 1506.70 3123.42
45042.358375827 2179.76 1565.02 1110.60 2331.14
45042.358422112 1897.05 1367.52 1527.44 3154.20
45042.358468759 1768.32 1274.41 1665.76 3430.34
45042.358515406 1342.45 970.41 1659.84 3417.67
45042.358562053 1748.58 1256.65 1380.62 2880.02
45042.358607615 1081.83 795.80 1119.33 2344.11
45042.358653359 776.09 570.42 904.44 1915.94
45042.358699824 836.97 612.42 1265.69 2641.50
45042.358746833 646.77 483.68 832.42 1773.24
45042.358793480 399.68 304.39 639.47 1361.20
45042.358838861 576.61 432.43 601.47 1268.72
45042.358885689 816.82 596.86 490.19 1039.76
45042.358931251 662.47 497.75 310.34 646.08
45042.358977537 506.40 384.23 323.54 670.42
45042.359025088 346.48 264.80 597.62 1263.23
45042.359070831 593.65 430.94 555.04 1180.74
45042.359116574 1184.42 855.30 405.78 857.60
45042.359162679 1680.42 1204.83 239.53 499.20
45042.359209687 1764.56 1265.02 270.01 549.25
45042.359255611 1931.92 1383.31 690.40 1455.74
45042.359301535 2031.55 1449.35 1292.71 2687.12
45042.359348363 2031.27 1450.93 1175.60 2453.29
45042.359395190 2065.63 1477.21 1430.64 2954.60
45042.359441476 2073.63 1483.84 1516.71 3120.82
45042.359487038 2087.62 1491.53 1606.49 3297.42
45042.359533685 2066.94 1477.46 1616.44 3316.39
45042.359580332 2031.40 1453.71 1603.36 3291.55
45042.359626075 2016.81 1440.75 1605.84 3295.83
45042.359672722 2020.77 1443.17 1613.23 3311.16
45042.359718827 2005.55 1433.56 1606.49 3295.69
45042.359765474 1977.69 1415.34 1593.36 3265.09
45042.359811217 1956.00 1399.47 1596.18 3272.21
45042.359858044 1941.73 1390.76 1600.31 3283.25
45042.359904330 1931.22 1383.21 1605.79 3292.85
45042.359949892 1908.07 1365.27 1599.42 3279.58
45042.359996720 1914.30 1371.67 1595.52 3273.26
45042.360042825 1933.76 1384.79 1602.36 3285.05
45042.360089110 1942.03 1387.08 1608.28 3296.68
45042.360135757 1941.10 1384.74 1606.29 3294.08
45042.360181681 1932.04 1380.41 1588.09 3255.88
45042.360227785 1915.58 1368.13 1569.97 3214.71
45042.360274975 1929.86 1377.59 1567.16 3210.57
45042.360320899 1931.11 1379.47 1564.49 3205.28
45042.360367546 1874.04 1338.68 1560.49 3195.89
45042.360413289 1536.66 1109.76 1556.34 3186.48
45042.360460116 570.84 456.14 1550.65 3174.27
45042.360506040 1541.91 1114.45 1548.58 3170.64
45042.360551964 1898.17 1345.65 1545.12 3164.77
45042.360597888 2658.14 1835.64 1533.64 3139.16
45042.360644354 2896.07 1990.37 1528.25 3131.49
45042.360690459 3465.86 2337.27 1531.46 3139.49
45042.360737287 3809.89 2541.04 1538.75 3155.48
45042.360783572 4227.32 2775.00 1532.13 3140.71
45042.360829857 4396.07 2853.44 1524.12 3126.52
45042.360876504 4395.56 2842.13 1653.03 3391.96
45042.360923332 4403.60 2847.66 1860.49 3804.23
45042.360969256 4412.72 2854.50 1943.27 3950.87
45042.361014818 4409.80 2848.51 1992.57 4010.88
45042.361061465 4406.85 2849.68 2009.40 4031.09
45042.361107389 4499.84 2895.33 2000.67 4013.13
45042.361154398 4510.64 2896.45 2000.28 4008.06
45042.361199960 4514.55 2899.12 2001.95 4014.31
45042.361247149 4522.46 2909.51 2006.72 4026.98
45042.361292350 4506.22 2899.16 2009.11 4032.76
45042.361339161 4490.37 2884.46 2010.15 4034.48
45042.361385266 4488.14 2884.96 2011.73 4037.00
45042.361431190 4494.89 2889.89 2012.32 4040.67
45042.361478199 4479.23 2879.14 2002.69 4018.26
45042.361524303 4486.50 2886.83 1997.08 4005.07
45042.361571131 4494.50 2894.75 1996.23 4000.52
45042.361617416 4472.86 2877.51 1996.46 3999.65
45042.361664063 4454.43 2865.45 2000.43 4009.60
45042.361710168 4456.44 2867.75 2001.54 4015.04
45042.361756092 4453.05 2863.66 1997.01 4003.46
45042.361801473 4451.94 2858.35 1993.65 3992.45
45042.361848843 4465.14 2868.96 1991.81 3988.85
45042.361894767 4471.35 2874.23 1990.78 3985.51
45042.361941233 4449.08 2855.57 1986.47 3977.67
45042.361987338 4451.38 2858.29 1992.93 3996.65
45042.362033985 4458.54 2861.89 1987.44 3984.52
45042.362079366 4438.37 2840.96 1988.60 3984.32
45042.362126737 4432.39 2837.68 1989.48 3985.82
45042.362172118 4435.84 2845.55 1984.02 3974.91
45042.362218765 4411.45 2828.24 1977.06 3959.90
45042.362265412 4400.32 2819.61 1977.21 3960.38
45042.362311336 4400.19 2819.72 1967.63 3941.06
45042.362357079 4379.35 2804.64 1960.95 3924.17
45042.362404630 4342.42 2777.98 1957.42 3919.86
45042.362450915 4327.80 2769.88 1958.31 3923.25
45042.362496478 4321.42 2766.90 1951.04 3903.73
45042.362542763 4302.16 2753.22 1942.67 3882.76
45042.362588506 4304.30 2759.24 1936.87 3873.09
45042.362635876 4324.45 2774.92 1930.72 3859.55
45042.362682342 4308.30 2759.01 1924.09 3842.04
45042.362727724 4319.21 2763.22 1930.26 3859.28
45042.362774732 4338.32 2778.13 1936.94 3871.47
45042.362821379 4329.62 2772.36 1931.63 3861.37
45042.362866580 4302.55 2752.63 1931.81 3861.38
45042.362913770 4307.46 2756.85 1936.04 3872.32
45042.362960236 4310.07 2758.77 1931.04 3860.59
45042.363005617 4288.74 2738.12 1928.30 3852.40
45042.363052083 4280.40 2733.95 1926.36 3849.29
45042.363098369 4279.13 2737.09 1924.27 3844.72
45042.363144293 4255.26 2717.88 1915.54 3824.10
45042.363191120 4250.82 2713.02 1907.63 3805.85
45042.363237406 4257.12 2721.99 1900.25 3790.87
45042.363283691 4235.40 2704.54 1896.13 3784.86
45042.363329434 4211.40 2685.11 1892.76 3779.20
45042.363376804 4206.51 2686.46 1897.97 3790.94
45042.363422186 4207.92 2690.11 1897.27 3787.44
45042.363468833 4179.81 2665.82 1896.48 3783.88
45042.363514937 4179.28 2669.23 1895.74 3782.08
45042.363561042 4175.70 2669.14 1886.48 3764.22
45042.363607689 4147.20 2645.39 1881.48 3753.38
45042.363653794 4153.66 2647.95 1883.84 3757.12
45042.363699898 4169.06 2658.50 1886.86 3760.48
45042.363746003 4143.68 2638.57 1877.51 3739.80
45042.363792469 4120.07 2624.18 1872.94 3729.37
45042.363839478 4130.15 2632.71 1865.03 3714.22
45042.363885582 4123.32 2627.28 1857.76 3699.36
45042.363931325 4109.08 2614.71 1860.73 3705.38
45042.363978696 4119.34 2621.28 1865.06 3713.69
45042.364024077 4107.16 2614.97 1856.84 3695.51
45042.364070905 4070.77 2591.81 1838.95 3653.76
45042.364116467 4071.81 2594.29 1841.67 3660.68
45042.364163114 4087.96 2606.31 1843.47 3665.15
45042.364209219 4057.01 2584.42 1838.89 3654.60
45042.364256589 4047.08 2578.19 1841.54 3665.88
45042.364301970 4050.30 2582.93 1838.23 3662.12
45042.364348617 4021.89 2562.19 1834.36 3653.27
45042.364395264 3992.62 2540.76 1830.86 3642.62
45042.364440827 3994.02 2545.25 1858.47 3672.13
45042.364486931 3984.05 2540.00 1866.70 3673.29
45042.364533578 3951.34 2513.64 1863.62 3666.98
45042.364579502 3956.93 2517.89 1859.19 3660.10
45042.364626511 3975.93 2529.73 1849.95 3638.90
45042.364672796 3953.79 2510.92 1848.60 3632.82
45042.364718539 3947.72 2506.81 1847.13 3629.48
45042.364765548 3951.52 2511.42 1838.15 3612.72
45042.364811652 3912.76 2484.04 1827.36 3592.26
45042.364858299 3896.28 2471.22 1833.92 3607.90
45042.364903681 3917.80 2484.39 1836.20 3613.81
45042.364949785 3885.59 2459.73 1834.31 3608.52
45042.364996071 3832.47 2422.68 1831.72 3600.68
45042.365042356 3842.34 2432.95 1831.11 3600.09
45042.365089546 3828.00 2425.02 1808.81 3551.74
45042.365135469 3788.52 2395.28 1793.41 3520.45
45042.365181393 3800.80 2404.75 1794.39 3521.75
45042.365228040 3812.65 2414.69 1785.34 3505.05
45042.365274506 3774.35 2390.75 1786.76 3508.92
45042.365320430 3742.04 2371.08 1789.60 3516.81
45042.365367258 3743.31 2372.68 1791.94 3520.16
45042.365413182 3706.28 2346.69 1783.50 3502.62
45042.365459286 3707.17 2339.55 1772.90 3479.08
45042.365506657 3892.61 2434.43 1763.71 3460.14
45042.365552580 4045.10 2500.69 1761.80 3457.80
45042.365597962 4023.28 2430.62 1757.56 3449.28
45042.365644609 4022.74 2431.98 1743.69 3423.30
45042.365691075 4008.94 2424.61 1753.84 3440.87
45042.365737360 3800.39 2297.22 1754.15 3441.57
45042.365784188 4008.83 2421.81 1748.54 3432.97
45042.365829931 4023.15 2431.81 1738.34 3415.73
45042.365876578 4002.35 2412.37 1708.21 3353.50
45042.365922141 3989.49 2401.98 1690.96 3304.53
45042.365968788 4017.91 2423.40 1803.08 3525.15
45042.366014892 3998.90 2409.39 1921.84 3801.13
45042.366061178 3952.72 2377.87 1981.71 3942.51
45042.366107825 3947.83 2377.84 1976.52 3923.98
45042.366153387 3870.74 2331.60 1976.02 3922.52
45042.366200215 1801.48 1105.76 1967.27 3903.89
45042.366247042 85.88 60.01 1954.63 3878.56
45042.366292966 9.26 12.61 1920.93 3808.31
45042.366339613 55.30 44.10 1524.73 3078.97
45042.366385356 680.16 424.96 97.87 200.07
45042.366431280 2842.97 1732.29 41.97 82.76
45042.366478108 3748.17 2265.73 32.62 61.55
45042.366523851 3411.09 2064.68 194.03 389.07
45042.366570859 3792.56 2291.58 1051.55 2137.85
45042.366616783 3700.75 2233.77 1881.74 3742.14
45042.366662707 3842.04 2313.32 1791.52 3580.92
45042.366709535 3888.95 2344.21 1881.00 3735.54
45042.366755640 3846.49 2316.78 1925.22 3812.04
45042.366802648 3624.07 2183.56 1853.22 3673.11
45042.366848391 3582.75 2158.98 1934.74 3830.25
45042.366895400 3870.66 2329.69 1925.12 3810.72
45042.366940600 3829.79 2300.04 1917.09 3802.45
45042.366987609 3831.98 2300.56 1805.55 3593.46
45042.367033714 3834.66 2301.63 1935.75 3831.69
45042.367080541 3809.54 2284.91 1928.82 3813.82
45042.367126022 3793.99 2276.10 1929.24 3813.77
45042.367171979 3835.47 2307.89 1928.83 3815.92
45042.367218446 3813.20 2293.76 1934.31 3826.58
45042.367265816 3772.11 2266.75 1941.64 3842.65
45042.367311920 3806.05 2288.66 1939.16 3839.06
45042.367357844 3813.06 2293.53 1933.37 3829.02
45042.367403949 3722.25 2235.67 1923.40 3812.42
45042.367449873 3736.59 2248.63 1928.94 3823.02
45042.367496700 3783.45 2278.34 1928.76 3822.10
45042.367543528 3715.57 2234.19 1908.02 3781.88
45042.367588548 3695.67 2220.22 1915.20 3792.00
45042.367636099 3717.61 2236.44 1925.19 3810.44
45042.367681300 3656.05 2198.55 1919.94 3799.51
45042.367728851 3675.43 2207.39 1905.29 3770.74
45042.367774775 3692.05 2218.79 1899.26 3754.51
45042.367820698 3664.11 2196.94 1897.82 3750.02
45042.367866984 3653.11 2186.20 1898.04 3749.32
45042.367913088 3676.64 2204.87 1907.96 3770.97
45042.367959555 3657.22 2193.89 1895.17 3746.84
45042.368005478 3619.74 2168.23 1895.90 3748.79
45042.368052668 3642.49 2183.21 1899.22 3758.17
45042.368098230 3649.97 2187.40 1898.59 3757.87
45042.368145419 3550.65 2124.93 1892.24 3744.10
45042.368191162 3273.61 1963.81 1894.80 3749.00
45042.368236905 3258.54 1958.71 1889.84 3738.17
45042.368284440 2512.30 1520.80 1887.22 3733.06
45042.368329459 951.40 587.40 1783.37 3542.20
45042.368376106 1167.12 719.70 1861.82 3686.89
45042.368423296 2307.77 1390.73 1772.44 3520.83
45042.368468858 2964.83 1769.52 859.83 1775.77
45042.368514782 1941.35 1176.70 642.14 1323.60
45042.368561610 192.16 128.07 1309.04 2637.57
45042.368607714 1973.74 1188.37 1415.57 2845.02
45042.368653819 3412.25 2044.12 965.56 1945.30
45042.368699924 3519.83 2107.55 303.89 622.67
45042.368747294 3468.32 2073.51 640.53 1296.21
45042.368792856 3438.42 2060.06 1370.50 2709.31
45042.368839684 3514.33 2110.43 1870.70 3694.41
45042.368886331 3473.26 2080.78 1865.88 3682.86
45042.368931712 3424.00 2046.26 1876.69 3708.98
45042.368978178 3370.80 2019.46 1874.94 3704.94
45042.369025006 3073.48 1832.47 1875.53 3704.93
45042.369071111 2636.59 1576.10 1828.50 3621.27
45042.369116673 2839.56 1704.64 1742.44 3454.38
45042.369163682 3220.37 1930.43 1557.72 3109.23
45042.369209786 2162.30 1302.24 1384.43 2775.20
45042.369256253 962.95 595.56 1230.96 2469.58
45042.369302176 674.66 425.01 1780.07 3518.30
45042.369349004 74.12 51.17 1577.47 3159.28
45042.369394566 46.09 34.52 983.54 2018.56
45042.369441394 1209.51 731.40 438.40 882.93
45042.369487318 2909.69 1744.11 153.99 315.14
45042.369534146 3290.47 1965.66 27.97 48.35
45042.369579346 3368.22 2013.94 154.71 288.95
45042.369625632 3278.79 1959.69 1473.04 2932.26
45042.369671917 2541.36 1527.62 1820.44 3601.14
45042.369718926 2318.22 1394.10 1829.09 3617.45
45042.369764488 2613.00 1567.40 1819.43 3596.37
45042.369811135 2829.33 1691.26 1642.95 3279.07
45042.369857420 2946.05 1759.01 1332.00 2677.21
45042.369904068 601.57 377.11 1324.23 2646.14
45042.369950714 308.68 202.74 1544.02 3048.91
45042.369996277 374.35 240.79 1790.59 3543.46
45042.370043105 151.10 100.61 611.24 1273.09
45042.370089028 259.26 169.14 346.87 711.50
45042.370135856 301.08 194.12 398.79 824.54
45042.370181238 518.21 328.67 134.34 268.69
45042.370228065 802.72 499.04 146.16 288.75
45042.370273989 1442.62 869.75 171.99 341.36
45042.370321179 1684.81 1017.87 249.71 497.61
45042.370367464 1653.30 1002.28 391.40 798.28
45042.370413207 1488.17 903.13 619.45 1264.65
45042.370459673 1464.64 891.98 853.55 1738.42
45042.370505959 1160.52 708.15 842.84 1721.09
45042.370551702 988.63 607.78 796.77 1634.38
45042.370597987 1349.41 818.48 1054.65 2157.41
45042.370644092 2533.67 1517.30 687.07 1405.54
45042.370691643 2740.36 1644.13 524.26 1066.02
45042.370737024 2913.31 1747.65 650.38 1328.31
45042.370784394 2840.27 1708.46 1105.78 2218.52
45042.370829776 2431.69 1466.24 1510.84 3015.74
45042.370876965 2399.27 1446.53 1671.15 3320.39
45042.370922527 2658.51 1605.23 1589.92 3165.86
45042.370968632 1684.62 1027.40 1452.52 2910.76
45042.371015279 1760.94 1071.84 1245.36 2509.83
45042.371061384 2320.51 1414.89 1438.78 2879.63
45042.371108211 2827.88 1712.44 1248.59 2528.54
45042.371154858 2334.74 1419.99 817.18 1668.24
45042.371200240 2803.80 1718.03 1067.80 2165.40
45042.371246164 1979.17 1213.59 1439.09 2877.27
45042.371293172 1133.09 703.20 1514.74 3034.49
45042.371339458 982.59 613.94 1420.00 2841.61
45042.371385201 836.45 524.77 1170.94 2386.56
45042.371431848 1894.57 1160.95 998.35 2031.30
45042.371478676 2742.55 1665.90 718.29 1472.87
45042.371524780 2909.10 1758.44 430.74 884.71
45042.371570885 2544.81 1545.88 617.95 1250.32
45042.371616809 2487.00 1511.92 1522.14 3027.70
45042.371663456 2595.15 1577.88 1627.07 3228.48
45042.371710283 2294.07 1399.34 1553.03 3095.92
45042.371755303 1757.46 1076.83 1455.15 2906.41
45042.371802131 2183.51 1332.05 1442.31 2886.17
45042.371848236 2750.05 1669.72 1425.19 2844.05
45042.371895244 2704.54 1642.48 1086.35 2205.69
45042.371940987 2602.91 1586.37 1029.23 2085.23
45042.371987815 2740.72 1670.54 1471.54 2930.42
45042.372033377 2744.26 1671.73 1520.71 3024.65
45042.372080747 2642.20 1613.40 1476.60 2950.53
45042.372126852 2629.58 1608.20 1548.19 3082.49
45042.372172414 2755.36 1678.26 1548.88 3079.97
45042.372218338 2765.83 1681.81 1575.93 3129.06
45042.372264985 2774.08 1686.89 1465.86 2916.37
45042.372311813 2725.78 1657.12 1570.77 3114.99
45042.372357556 2719.02 1652.23 1603.43 3174.57
45042.372403480 2765.58 1682.81 1597.04 3160.37
45042.372450127 2686.09 1632.00 1588.37 3142.00
45042.372496593 2621.69 1592.97 1586.26 3135.86
45042.372542878 2639.41 1604.04 1589.94 3142.84
45042.372589525 2588.51 1572.96 1590.44 3140.45
45042.372635811 2507.33 1524.81 1586.01 3133.74
45042.372682277 2458.21 1497.44 1562.95 3089.39
45042.372727839 2639.45 1606.64 1524.54 3017.16
45042.372775029 2582.84 1574.41 1544.06 3050.12
45042.372820410 2633.91 1605.28 1491.74 2954.43
45042.372866515 2630.59 1602.25 1571.94 3103.90
45042.372912619 2529.81 1542.52 1578.29 3116.51
45042.372959085 2485.52 1515.80 1588.11 3136.03
45042.373006275 2628.96 1602.22 1586.01 3132.46
45042.373052922 2541.56 1551.92 1574.09 3109.46
45042.373098303 2518.70 1538.10 1552.87 3070.18
45042.373144408 2562.65 1564.76 1556.28 3073.36
45042.373191417 2513.13 1535.55 1562.61 3088.26
45042.373237340 2466.67 1508.80 1554.31 3072.83
45042.373283445 2490.92 1522.80 1541.95 3044.70
45042.373329911 2449.75 1499.27 1536.46 3030.64
45042.373376197 2415.52 1479.68 1537.32 3031.97
45042.373422482 1585.10 978.18 1552.25 3066.51
45042.373468948 413.69 273.00 1544.07 3050.24
45042.373515234 2068.68 1269.93 1519.42 2996.80
45042.373560977 2972.50 1827.72 1511.39 2980.00
45042.373607624 3030.42 1863.02 1509.38 2976.34
45042.373653909 2944.72 1806.64 1512.11 2980.91
45042.373700375 2947.57 1806.24 1518.28 2994.61
45042.373747203 3164.16 1900.99 1505.63 2967.92
45042.373792946 3169.20 1869.39 1497.42 2951.52
45042.373839051 3154.91 1851.43 1499.42 2957.27
45042.373885698 3204.57 1883.26 1487.34 2930.19
45042.373931983 3148.23 1851.85 1476.62 2909.88
45042.373978630 3118.14 1834.12 1617.15 3225.55
45042.374024735 3145.13 1850.54 1749.48 3520.34
45042.374070297 3117.84 1835.75 1748.99 3520.96
45042.374116582 3059.91 1803.48 1748.34 3511.83
45042.374163410 3115.14 1835.66 1784.86 3577.37
45042.374209696 3107.43 1833.29 1820.50 3637.83
45042.374255619 3037.85 1793.33 1903.92 3730.26
45042.374301905 3086.36 1819.86 1891.46 3700.73
45042.374348009 3109.96 1831.63 1892.21 3702.26
45042.374395199 3009.29 1774.18 1888.77 3695.51
45042.374441484 3027.40 1782.54 1883.80 3683.10
45042.374487408 3072.12 1807.71 1880.82 3674.91
45042.374533332 2998.67 1767.68 1868.38 3645.51
45042.374579437 2981.92 1758.85 1869.47 3649.13
45042.374625722 3041.64 1792.09 1873.77 3658.15
45042.374672731 2987.11 1763.53 1877.92 3665.24
45042.374718474 2948.98 1743.06 1874.04 3656.84
45042.374765663 2978.50 1759.28 1875.92 3660.20
45042.374811768 2940.99 1737.58 1871.26 3648.97
45042.374857691 2918.68 1725.34 1866.46 3638.29
45042.374903977 2952.36 1744.24 1863.87 3633.10
45042.374950081 2929.97 1733.31 1863.27 3630.55
45042.374996909 2876.16 1702.79 1861.74 3625.69
45042.375043737 2923.70 1731.90 1856.28 3614.52
45042.375089118 2916.77 1728.66 1864.97 3633.29
45042.375135404 2860.35 1697.53 1869.13 3643.34
45042.375182051 2895.55 1718.33 1874.80 3655.63
45042.375228501 2910.15 1726.31 1871.43 3649.14
45042.375274967 2849.69 1692.31 1862.55 3629.92
45042.375320349 2867.89 1703.23 1864.97 3633.66
45042.375367719 2902.64 1724.02 1859.41 3620.56
45042.375412739 2831.39 1683.72 1863.66 3629.93
45042.375459748 2813.59 1674.75 1873.26 3654.73
45042.375505671 2852.99 1698.05 1878.11 3667.56
45042.375552499 2796.11 1666.10 1864.51 3636.01
45042.375598423 2779.65 1658.81 1855.09 3614.38
45042.375644528 2834.26 1690.35 1852.32 3605.21
45042.375691175 2803.09 1673.32 1848.83 3597.90
45042.375737279 2761.17 1649.43 1845.63 3591.99
45042.375783565 2806.72 1675.49 1845.84 3592.56
45042.375829488 2792.75 1668.47 1852.72 3606.53
45042.375876135 2730.70 1633.76 1852.90 3606.80
45042.375922602 2755.41 1648.84 1855.78 3613.43
45042.375969610 2765.90 1654.68 1849.09 3598.53
45042.376014992 2695.26 1615.00 1844.42 3586.70
45042.376061639 2708.93 1621.83 1840.87 3579.41
45042.376107382 2762.80 1652.56 1839.59 3574.18
45042.376154029 2692.13 1612.62 1837.74 3570.58
45042.376199953 2701.22 1618.57 1837.13 3570.31
45042.376246238 2752.71 1647.31 1834.56 3562.65
45042.376292885 2688.83 1612.87 1832.33 3557.38
45042.376339713 2649.45 1591.30 1830.20 3553.50
45042.376384913 2696.93 1618.78 1831.75 3557.55
45042.376431741 2656.04 1596.00 1824.67 3540.64
45042.376477484 2624.34 1578.05 1823.56 3538.85
45042.376524674 2657.36 1596.76 1825.38 3543.37
45042.376571321 2645.44 1590.03 1820.35 3533.73
45042.376617064 2579.06 1551.79 1820.57 3535.24
45042.376662987 2637.84 1586.82 1823.11 3541.56
45042.376709996 2639.48 1588.85 1813.99 3517.58
45042.376755739 2576.25 1554.30 1808.99 3505.37
45042.376802024 2597.53 1567.70 1810.60 3510.93
45042.376848491 2616.07 1578.54 1810.77 3511.87
45042.376894776 2545.87 1538.52 1811.56 3514.73
45042.376940881 2552.09 1543.25 1809.26 3508.80
45042.376987528 2579.21 1559.71 1801.10 3492.12
45042.377033090 2503.90 1515.10 1794.42 3478.39
45042.377080460 2496.62 1511.46 1800.26 3491.27
45042.377126384 2541.94 1539.23 1804.76 3501.67
45042.377173031 2488.09 1506.99 1800.35 3492.68
45042.377219678 2442.47 1480.78 1790.05 3474.16
45042.377264698 2477.77 1502.95 1778.34 3450.41
45042.377310983 2437.86 1480.05 1781.67 3462.34
45042.377358353 2403.19 1459.82 1784.62 3468.75
45042.377404277 2454.65 1490.79 1784.67 3468.33
45042.377450744 2445.41 1485.63 1782.32 3461.52
45042.377496667 2391.16 1452.95 1781.55 3461.01
45042.377542772 2432.87 1477.11 1781.48 3460.28
45042.377589238 2499.11 1505.59 1780.22 3458.09
45042.377634981 2404.21 1451.90 1774.92 3447.31
45042.377682351 2406.49 1462.99 1777.71 3454.92
45042.377727914 2529.64 1499.27 1767.05 3433.88
45042.377774018 2470.84 1438.23 1754.93 3403.97
45042.377820123 2699.40 1593.22 1754.48 3403.54
45042.377866770 3112.88 1837.76 1753.98 3404.08
45042.377913055 3048.80 1800.47 1749.99 3393.87
45042.377959341 3070.64 1810.09 1745.90 3382.85
45042.378006711 3118.98 1836.11 1741.61 3370.46
45042.378052273 3079.92 1809.52 1740.92 3370.24
45042.378098378 3061.34 1798.75 1743.46 3377.67
45042.378145025 3104.75 1825.69 2022.07 4036.09
45042.378190587 3074.03 1807.33 2024.00 4040.95
45042.378237776 3036.30 1787.18 2018.40 4029.51
45042.378283158 3073.53 1809.94 1990.49 3955.86
45042.378330528 3052.58 1799.63 1989.54 3955.40
45042.378375909 3029.85 1785.90 1992.19 3960.21
45042.378422195 3058.01 1803.40 1990.39 3958.78
45042.378468842 3036.21 1791.25 1984.08 3942.89
45042.378514946 2981.84 1758.04 1981.58 3936.06
45042.378561774 3010.92 1775.90 1981.24 3934.21
45042.378607879 3014.19 1776.97 1980.16 3932.70
45042.378653441 2956.12 1744.13 1976.23 3926.29
45042.378700992 2967.24 1751.21 1976.89 3927.75
45042.378746373 2989.45 1765.78 1970.73 3914.45
45042.378792659 2913.59 1724.09 1969.72 3912.10
45042.378840029 2906.80 1721.74 1969.96 3914.09
45042.378885953 2955.74 1751.86 1970.02 3914.71
45042.378931334 2912.88 1727.11 1965.23 3905.58
45042.378978343 2905.60 1723.21 1965.60 3905.44
45042.379024990 2938.92 1743.83 1967.80 3910.94
45042.379070552 2889.15 1714.39 1961.58 3896.89
45042.379116657 2857.83 1697.07 1960.62 3894.74
45042.379163485 2908.16 1727.57 1952.97 3880.25
45042.379209228 2890.75 1717.05 1954.74 3884.33
45042.379255332 2844.47 1690.53 1951.91 3880.72
45042.379302160 2878.51 1712.35 1950.39 3875.14
45042.379348265 2885.19 1716.28 1945.66 3869.20
45042.379394188 2836.91 1688.66 1942.88 3865.13
45042.379441920 2851.21 1697.25 1946.48 3872.53
45042.379487844 2854.38 1700.54 1940.69 3861.46
45042.379533587 2814.66 1669.27 1939.16 3857.42
45042.379580234 2842.82 1685.26 1939.87 3858.82
45042.379626158 2877.93 1705.68 1939.44 3857.23
45042.379672262 2825.63 1676.11 1931.41 3840.15
45042.379719090 2804.80 1664.72 1935.04 3848.64
45042.379765014 2823.94 1675.65 1933.93 3848.75
45042.379811119 2849.27 1691.41 1935.77 3853.06
45042.379857947 3174.25 1888.21 1934.57 3851.39
45042.379904594 3589.55 2159.81 1934.44 3850.33
45042.379950337 3835.73 2333.82 1922.68 3826.44
45042.379996984 4077.22 2511.06 1920.23 3821.72
45042.380043088 4348.43 2722.68 1912.74 3806.91
45042.380089193 4476.73 2854.20 1910.29 3802.22
45042.380135840 4532.20 2915.79 1910.98 3805.42
45042.380181764 4559.98 2977.90 1911.12 3803.92
45042.380228049 4563.42 2977.52 1909.32 3796.40
45042.380274154 4554.03 2966.19 2056.02 4144.19
45042.380320439 4554.25 2967.76 2096.51 4243.15
45042.380367628 4553.05 2969.00 2043.64 4129.91
45042.380412829 4548.19 2959.91 2030.67 4114.71
45042.380460199 4619.47 2972.03 2032.39 4117.76
45042.380505762 4667.11 2970.33 2032.88 4117.86
45042.380551685 4652.06 2958.25 1975.24 3998.96
45042.380599056 4653.30 2959.94 1655.50 3354.52
45042.380644256 4664.08 2968.76 1987.12 4019.73
45042.380691265 4655.15 2959.42 2041.66 4137.12
45042.380736827 4647.65 2954.94 2040.77 4136.62
45042.380783655 4657.77 2960.66 2042.43 4143.17
45042.380830483 4642.53 2948.28 2040.62 4142.56
45042.380876406 4635.71 2943.60 2042.25 4145.64
45042.380923053 4649.61 2955.99 2040.05 4138.48
45042.380969700 4645.10 2950.30 2040.82 4141.96
45042.381015624 4630.49 2937.58 2041.75 4141.25
45042.381061006 4636.58 2945.00 2037.98 4132.98
45042.381107653 4638.13 2946.40 2037.69 4132.41
45042.381153757 4620.71 2932.01 2036.64 4130.92
45042.381201128 4624.38 2937.05 2035.63 4128.83
45042.381246690 4620.10 2935.97 2032.05 4120.00
45042.381292794 4612.95 2928.14 2033.05 4126.89
45042.381339441 4609.64 2930.20 2031.27 4123.12
45042.381385366 4609.90 2934.96 2027.07 4115.67
45042.381431831 4601.16 2925.28 2028.06 4116.41
45042.381478659 4585.49 2914.16 2027.67 4115.83
45042.381523860 4590.16 2920.53 2024.83 4110.20
45042.381570688 4575.07 2906.43 2024.56 4109.37
45042.381617335 4569.39 2900.94 2020.05 4100.44
45042.381663439 4575.23 2907.66 2022.40 4105.03
45042.381710086 4567.43 2900.53 2022.61 4104.13
45042.381755287 4555.48 2892.43 2019.67 4099.04
45042.381802115 4566.87 2900.84 2018.18 4097.48
45042.381848942 4546.00 2887.50 2014.95 4091.40
45042.381894505 4543.36 2886.65 2013.22 4088.09
45042.381941875 4554.76 2896.36 2008.28 4076.42
45042.381987979 4542.21 2887.69 2011.32 4081.37
45042.382033722 4535.02 2882.24 2005.49 4071.02
45042.382079465 4529.20 2880.18 2007.14 4074.85
45042.382127017 4514.69 2871.36 2007.69 4077.83
45042.382172382 4498.21 2856.86 2008.43 4078.56
45042.382219210 4492.84 2856.00 2004.44 4072.03
45042.382265676 4503.39 2864.87 2003.13 4068.30
45042.382311239 4486.20 2850.32 2004.24 4075.24
45042.382357524 4504.87 2868.49 2005.69 4080.18
45042.382403809 4535.21 2897.04 2006.03 4078.32
45042.382451180 4502.31 2870.26 2004.35 4076.05
45042.382496561 4508.77 2896.31 2005.77 4081.51
45042.382543208 4488.76 2926.29 2001.34 4067.55
45042.382588951 4419.42 2801.92 1997.10 4059.63
45042.382635598 4405.83 2791.56 1996.36 4058.03
45042.382681522 4456.06 2834.56 1995.64 4057.87
45042.382727627 4426.67 2810.21 1989.83 4044.06
45042.382773912 4373.10 2767.26 1990.04 4043.23
45042.382821101 4060.10 2532.35 1991.62 4048.57
45042.382867748 4111.19 2568.20 1985.05 4037.46
45042.382912768 4328.10 2732.76 1985.51 4038.36
45042.382959234 4380.13 2774.66 1987.62 4042.60
45042.383006243 4395.96 2788.23 1983.86 4036.37
45042.383052167 4388.77 2781.98 1986.59 4039.54
45042.383098271 4407.26 2796.54 1985.16 4036.28
45042.383145642 4398.84 2791.91 1985.51 4036.89
45042.383191204 4378.74 2774.95 1987.23 4038.39
45042.383237489 4390.36 2784.95 1985.04 4035.20
45042.383283594 4399.26 2792.81 1986.23 4037.35
45042.383329879 4369.10 2769.37 1984.67 4034.64
45042.383375803 4372.19 2772.67 1981.66 4028.24
45042.383422450 4379.28 2778.95 1980.17 4023.91
45042.383469097 4348.71 2755.75 1976.12 4016.52
45042.383515383 4351.92 2759.00 1972.46 4006.89
45042.383562210 4368.84 2773.93 1971.27 4002.79
45042.383607592 4336.62 2750.90 1965.74 3992.36
45042.383653877 4320.18 2741.01 1959.42 3981.97
45042.383700705 4318.26 2740.18 1952.95 3969.58
45042.383746629 4295.03 2724.06 1951.65 3968.13
45042.383793276 4280.45 2715.36 1943.82 3954.37
45042.383840104 4297.16 2727.31 1942.24 3950.35
45042.383885485 4278.53 2715.10 1933.78 3936.32
45042.383931590 4263.09 2701.95 1931.65 3930.01
45042.383978779 4271.44 2712.02 1928.30 3923.26
45042.384024160 4264.24 2706.74 1786.90 3617.43
45042.384070808 4233.78 2681.08 1904.17 3867.33
45042.384116912 4247.45 2692.49 1901.23 3866.98
45042.384163017 4250.13 2697.06 1832.46 3708.18
45042.384209845 4235.92 2684.24 1904.79 3874.61
45042.384256672 4246.87 2694.03 1911.12 3890.71
45042.384302054 4239.79 2689.86 1914.87 3902.22
45042.384348520 4216.21 2668.36 1914.09 3899.59
45042.384394263 4223.94 2678.77 1913.78 3901.17
45042.384441272 4232.89 2686.13 1913.70 3898.44
45042.384487015 4211.80 2664.94 1910.75 3893.60
45042.384534023 4227.37 2672.79 1908.69 3887.49
45042.384579767 4254.13 2689.99 1907.27 3882.47
45042.384626775 4243.00 2675.61 1905.62 3880.51
45042.384672518 4248.60 2677.54 1902.68 3873.20
45042.384719346 4286.32 2710.99 1898.66 3865.20
45042.384765450 4265.04 2691.63 1898.25 3864.96
45042.384811012 4242.50 2672.18 1892.99 3854.72
45042.384857660 3416.59 2207.85 1888.18 3845.55
45042.384903583 3302.54 2149.07 1886.24 3840.39
45042.384950230 4201.80 2644.59 1884.39 3837.74
45042.384996335 4301.76 2697.94 1881.09 3831.16
45042.385043344 4305.78 2697.52 1878.99 3825.46
45042.385088725 4282.78 2679.49 1878.52 3824.19
45042.385135010 4264.95 2670.45 1880.33 3826.61
45042.385181477 4270.03 2678.30 1875.18 3816.50
45042.385228304 4236.59 2656.51 1873.61 3812.31
45042.385275132 4232.96 2657.33 1868.31 3801.80
45042.385320514 4229.94 2658.46 1786.17 3577.93
45042.385367703 4200.65 2638.01 1791.36 3589.02
45042.385413808 4202.92 2643.08 1832.80 3725.99
45042.385459912 4203.58 2648.38 1755.78 3551.22
45042.385506559 4170.15 2625.79 1508.07 2969.98
45042.385551760 4156.56 2618.85 1506.34 2967.95
45042.385599311 4145.69 2614.68 1526.24 3019.96
45042.385644512 4107.67 2588.34 1810.53 3676.59
45042.385691339 4085.56 2574.91 1847.02 3756.60
45042.385737444 4082.68 2577.64 1782.06 3665.16
45042.385784091 4055.54 2559.49 1814.78 3707.93
45042.385829653 4025.52 2538.97 1873.08 3818.27
45042.385876300 4025.28 2544.60 1991.77 4042.65
45042.385922043 3999.50 2526.99 2055.12 4142.99
45042.385968871 3967.71 2508.24 2077.15 4171.90
45042.386015156 3966.03 2510.52 2075.00 4168.89
45042.386061984 3945.21 2499.35 2075.72 4171.05
45042.386108089 3903.64 2470.65 2075.61 4169.00
45042.386154917 3910.13 2477.93 2074.92 4167.23
45042.386200660 3885.67 2463.43 2074.81 4167.27
45042.386246583 3828.32 2423.43 2074.71 4166.00
45042.386293231 3833.80 2431.92 2074.43 4165.95
45042.386339335 3833.45 2434.86 2073.21 4160.47
45042.386385801 3791.52 2404.96 2072.99 4160.93
45042.386431906 3784.90 2403.31 2072.39 4161.10
45042.386478734 3792.59 2411.24 2071.91 4158.29
45042.386524838 3758.26 2388.57 2072.02 4158.66
45042.386570762 3850.19 2476.59 2071.87 4155.38
45042.386617228 3906.52 2530.16 2071.73 4157.26
45042.386663875 3914.29 2512.55 2068.93 4150.42
45042.386709077 4233.11 2675.85 2068.77 4149.23
45042.386755361 4481.29 2792.08 2068.93 4150.96
45042.386802189 4515.10 2788.08 2070.87 4155.34
45042.386848655 4509.79 2785.06 2069.83 4152.59
45042.386895122 4514.90 2790.64 2070.62 4151.97
45042.386941226 4500.01 2778.32 2068.34 4148.30
45042.386987331 4493.18 2773.10 2069.46 4148.74
45042.387033798 4508.25 2787.18 2066.45 4145.86
45042.387079359 4501.81 2780.76 2068.10 4148.32
45042.387126730 4481.31 2762.98 2069.24 4149.12
45042.387172292 4499.88 2780.22 2069.71 4148.33
45042.387218939 4498.08 2780.33 2062.67 4135.49
45042.387265043 4475.86 2763.08 2064.86 4137.66
45042.387310967 4495.43 2779.77 2059.37 4128.55
45042.387357253 4497.24 2782.34 2059.73 4126.88
45042.387404442 4474.76 2764.10 2059.78 4127.53
45042.387450004 4473.47 2766.50 2061.02 4134.20
45042.387496470 4480.11 2773.45 2063.07 4139.40
45042.387542937 4460.36 2757.39 2060.73 4131.87
45042.387589403 4459.34 2757.93 2058.17 4125.62
45042.387635327 4474.82 2770.45 2057.02 4123.47
45042.387681612 4448.27 2750.95 2055.74 4122.45
45042.387728982 4457.43 2758.56 2056.67 4123.82
45042.387775087 4460.20 2761.37 2056.63 4123.21
45042.387820468 4441.31 2748.95 2053.04 4113.89
45042.387866754 4437.98 2745.80 2052.09 4112.38
45042.387913943 4454.92 2760.96 2051.94 4113.76
45042.387959686 4434.83 2745.74 2054.05 4120.06
45042.388006333 4414.80 2730.41 2051.31 4116.08
45042.388052076 4421.66 2737.47 2050.67 4113.73
45042.388098362 4417.60 2734.82 2049.83 4113.32
45042.388145189 4403.21 2724.73 2049.09 4111.79
45042.388191294 4420.38 2738.81 2046.67 4104.49
45042.388238122 4411.22 2732.42 2043.97 4098.32
45042.388283684 4377.07 2706.38 2043.56 4098.95
45042.388330512 4389.74 2716.46 2046.35 4104.82
45042.388376436 4395.14 2723.26 2041.41 4095.02
45042.388423263 4360.28 2696.40 2039.70 4092.03
45042.388469187 4373.72 2706.26 2037.44 4085.63
45042.388515111 4380.53 2713.39 2036.72 4082.39
45042.388562120 4348.49 2690.71 2033.12 4076.98
45042.388607682 4354.93 2695.45 2033.88 4079.15
45042.388653606 4369.62 2706.90 2028.48 4068.36
45042.388700253 4315.70 2670.50 2027.81 4065.46
45042.388746177 4301.98 2659.92 2026.66 4063.49
45042.388792824 4354.36 2697.45 2023.84 4055.96
45042.388839109 4331.35 2682.08 2019.60 4048.65
45042.388885937 4311.69 2668.80 2020.24 4048.85
45042.388931499 4328.94 2680.35 2021.75 4050.98
45042.388977604 4313.50 2670.95 2020.01 4048.90
45042.389024070 4319.33 2674.39 2020.30 4051.86
45042.389070717 4332.02 2683.16 2018.72 4048.37
45042.389116806 4310.38 2670.29 2016.67 4045.03
45042.389163996 4280.05 2648.99 2015.01 4038.09
45042.389209558 4304.71 2667.35 2012.48 4034.13
45042.389256747 4296.19 2660.09 2011.44 4033.61
45042.389302852 4274.53 2644.67 2008.05 4025.59
45042.389348957 4288.33 2654.36 2006.03 4021.51
45042.389394700 4278.97 2649.49 2003.22 4012.50
45042.389440623 4253.23 2629.92 1999.86 4008.90
45042.389488174 4270.35 2643.26 1999.13 4009.40
45042.389533737 4278.90 2648.95 2002.21 4015.04
45042.389579841 4251.14 2629.96 1998.95 4010.82
45042.389626669 4268.39 2643.85 1998.99 4010.05
45042.389672774 4284.66 2656.25 1994.28 4000.19
45042.389718878 4194.69 2594.24 1989.53 3990.91
45042.389765525 4152.97 2564.92 1986.68 3987.69
45042.389811630 4157.56 2568.72 1987.16 3987.93
45042.389858277 4136.56 2554.95 1981.06 3976.02
45042.389903839 4166.24 2574.95 1978.16 3969.59
45042.389950305 4221.17 2611.84 1974.82 3963.72
45042.389996410 4186.97 2588.54 1971.72 3958.44
45042.390043238 4174.78 2580.84 1969.63 3953.33
45042.390088981 4191.73 2590.39 1970.46 3955.09
45042.390135447 4164.74 2573.52 1969.70 3953.98
45042.390182094 4125.05 2547.30 1962.83 3939.96
45042.390228199 4142.73 2558.86 1959.15 3932.19
45042.390274846 4132.78 2552.46 1952.73 3920.26
45042.390321131 4103.93 2535.29 1956.83 3928.93
45042.390367236 4111.93 2540.49 1950.37 3914.61
45042.390413340 4114.52 2542.62 1945.43 3903.81
45042.390460168 4070.55 2514.80 1942.63 3900.71
45042.390505911 4091.71 2528.32 1936.98 3890.42
45042.390552196 4101.13 2536.98 1935.83 3888.70
45042.390599024 4068.02 2514.50 1939.89 3896.17
45042.390644948 4096.11 2535.43 1940.04 3898.52
45042.390691776 4119.23 2551.65 1941.01 3901.45
45042.390737338 4055.30 2507.31 1937.93 3897.63
45042.390784166 4058.30 2508.85 1944.80 3912.25
45042.390829909 4072.64 2519.79 1945.08 3915.45
45042.390876918 4027.04 2489.88 1934.47 3892.04
45042.390922299 4022.33 2486.75 1924.33 3870.09
45042.390969127 4056.38 2508.91 1925.41 3871.50
45042.391015774 4008.36 2478.49 1922.16 3866.14
45042.391060974 4008.62 2478.51 1924.05 3870.69
45042.391107983 4039.05 2498.01 1919.01 3858.42
45042.391154630 3997.66 2469.89 1901.58 3819.09
45042.391200011 3975.76 2455.60 1880.28 3773.59
45042.391246658 4000.18 2471.72 1887.82 3792.45
45042.391292401 3988.50 2464.56 1900.73 3824.01
45042.391339591 3949.62 2438.71 1898.62 3820.97
45042.391386419 3975.13 2456.24 1892.01 3805.96
45042.391432704 3954.73 2443.07 1887.04 3794.12
45042.391477905 3921.41 2420.77 1887.32 3794.74
45042.391524190 3951.57 2441.19 1885.83 3791.93
45042.391570837 3944.95 2436.55 1879.42 3779.37
45042.391617665 3904.57 2409.95 1878.16 3774.60
45042.391664131 3923.69 2421.49 1882.21 3782.23
45042.391709332 3934.00 2427.44 1888.16 3793.22
45042.391756702 3885.65 2395.61 1884.83 3785.10
45042.391802083 3889.05 2398.09 1883.47 3782.41
45042.391848550 3912.27 2413.25 1882.53 3780.94
45042.391894293 3862.70 2382.08 1883.94 3784.56
45042.391941663 3868.31 2385.91 1878.80 3774.63
45042.391987225 3885.32 2398.94 1876.33 3768.62
45042.392033872 3834.60 2365.78 1877.35 3770.47
45042.392081061 3817.73 2356.08 1872.85 3763.32
45042.392126624 3857.71 2382.30 1873.14 3764.16
45042.392172728 3816.29 2356.27 1868.43 3755.71
45042.392218652 3802.96 2347.48 1861.07 3738.92
45042.392264757 3834.19 2368.02 1858.86 3733.58
45042.392312308 3814.28 2354.92 1865.47 3748.52
45042.392357870 3770.37 2325.95 1862.31 3742.17
45042.392403794 3796.74 2344.44 1858.12 3733.65
45042.392449898 3783.47 2335.89 1852.37 3720.52
45042.392496726 3749.14 2313.96 1855.87 3728.08
45042.392543373 3770.70 2328.69 1857.67 3730.98
45042.392589297 3767.46 2326.90 1858.50 3734.29
45042.392635402 3727.14 2299.23 1858.02 3734.01
45042.392682229 3735.07 2305.33 1847.26 3706.77
45042.392728876 3727.77 2301.48 1845.41 3702.92
45042.392775162 3657.95 2254.27 1846.59 3707.46
45042.392821266 3644.26 2246.39 1842.79 3697.25
45042.392867371 3665.57 2261.59 1834.22 3679.23
45042.392913656 3611.39 2226.40 1842.16 3698.56
45042.392960123 3647.59 2249.94 1844.86 3702.43
45042.393006227 3704.24 2288.73 1843.33 3700.42
45042.393051790 3649.52 2251.28 1836.94 3686.48
45042.393098979 3646.33 2248.98 1833.21 3676.58
45042.393145626 3694.90 2280.16 1829.57 3668.20
45042.393190646 3652.41 2252.78 1828.00 3665.25
45042.393237835 3640.92 2244.60 1835.66 3681.85
45042.393283940 3664.98 2260.91 1832.71 3675.71
45042.393329864 3634.69 2240.32 1837.95 3688.29
45042.393375787 3600.02 2218.16 1838.22 3689.43
45042.393423338 3638.24 2241.30 1829.71 3671.64
45042.393469081 3637.57 2241.49 1829.95 3672.58
45042.393515186 3592.64 2211.27 1822.69 3655.95
45042.393561471 3605.95 2220.39 1820.72 3648.13
45042.393607938 3589.52 2208.44 1815.77 3637.53
45042.393654223 3535.43 2172.23 1818.31 3643.39
45042.393700870 3578.71 2201.05 1823.59 3655.75
45042.393746251 3596.67 2212.76 1818.88 3643.86
45042.393792537 3544.04 2177.82 1812.27 3628.67
45042.393838822 3575.51 2200.93 1804.05 3610.73
45042.393885831 3594.02 2212.91 1807.15 3617.07
45042.393931574 3525.46 2166.12 1805.79 3613.66
45042.393978040 3807.21 2371.71 1793.85 3586.79
45042.394024145 3960.33 2484.80 1790.76 3579.42
45042.394070430 4020.38 2533.52 1790.56 3580.65
45042.394117620 4022.28 2529.67 1787.85 3577.63
45042.394163724 4065.56 2559.29 1790.22 3584.27
45042.394210010 4206.83 2619.84 1789.73 3584.09
45042.394255391 4269.90 2651.59 1783.86 3570.13
45042.394301857 4289.51 2666.60 1882.25 3794.29
45042.394349227 4265.54 2649.52 1886.29 3800.65
45042.394394609 4249.70 2638.37 1864.12 3768.13
45042.394441256 4269.39 2652.34 1863.21 3767.74
45042.394488265 4253.10 2639.29 1958.48 3923.49
45042.394534188 4219.08 2617.10 2020.62 4005.28
45042.394579751 4240.51 2631.00 2016.09 3994.89
45042.394626940 4234.38 2625.41 2012.17 3985.64
45042.394672321 4199.40 2603.84 2010.41 3979.11
45042.394718788 4234.40 2627.50 2014.39 3989.29
45042.394765796 4239.75 2631.55 2019.90 3998.24
45042.394811539 4198.96 2604.39 2009.84 3975.33
45042.394857644 4220.21 2617.27 2005.12 3963.52
45042.394904833 4232.66 2626.04 2003.51 3959.90
45042.394950395 4193.59 2600.76 2006.79 3965.95
45042.394996681 4201.20 2606.33 2008.28 3970.37
45042.395042966 4214.76 2614.78 2006.37 3966.98
45042.395089071 4159.71 2579.02 2006.26 3968.03
45042.395136260 4164.98 2582.59 2007.10 3970.39
45042.395181642 4191.06 2600.95 2002.41 3957.76
45042.395228469 4155.13 2577.86 1998.95 3948.75
45042.395275117 4146.45 2571.85 1994.38 3936.83
45042.395320498 4183.94 2596.71 1999.89 3949.09
45042.395367687 4150.19 2573.93 2000.51 3951.87
45042.395413250 4119.62 2554.51 2001.94 3953.86
45042.395459354 4144.85 2571.67 1999.64 3948.45
45042.395506544 4128.58 2560.60 1998.66 3946.42
45042.395552106 4114.23 2551.20 1993.83 3936.72
45042.395598210 4139.56 2569.29 1992.62 3932.80
45042.395644857 4137.86 2568.66 1990.30 3929.39
45042.395690781 4089.93 2536.08 1989.65 3929.65
45042.395737247 4109.87 2549.56 1991.61 3933.10
45042.395783352 4109.52 2548.66 1992.02 3934.58
45042.395830361 4066.86 2521.75 1987.05 3923.06
45042.395877008 4084.19 2532.39 1983.24 3913.10
45042.395922751 4097.87 2541.62 1980.79 3910.19
45042.395969579 4064.05 2521.38 1982.75 3913.16
45042.396015864 4077.15 2528.25 1978.23 3905.62
45042.396061410 4099.92 2543.51 1980.85 3912.16
45042.396107334 4056.06 2515.11 1982.38 3915.43
45042.396154704 4049.92 2511.98 1982.81 3916.66
45042.396200086 4074.60 2527.81 1983.13 3917.55
45042.396246552 4036.77 2503.81 1977.81 3906.48
45042.396293560 4030.02 2500.34 1967.72 3880.31
45042.396338761 4061.91 2521.64 1964.04 3873.84
45042.396385408 4088.01 2538.92 1966.59 3880.41
45042.396432055 4036.95 2505.99 1965.40 3876.60
45042.396478160 4009.98 2487.34 1959.49 3866.82
45042.396524807 3915.40 2423.75 1966.52 3885.67
45042.396570730 3917.24 2426.30 1962.27 3878.41
45042.396617558 3959.12 2455.47 1962.22 3877.99
45042.396664025 3953.49 2452.95 1958.62 3869.86
45042.396710491 3915.48 2426.15 1955.54 3861.88
45042.396756415 3913.96 2425.95 1953.70 3858.02
45042.396803062 3922.90 2435.19 1951.47 3854.40
45042.396849347 3876.47 2400.96 1954.17 3861.20
45042.396894367 3916.14 2430.35 1950.84 3856.12
45042.396940652 3942.81 2449.10 1949.69 3854.34
45042.396987480 3893.62 2415.78 1950.89 3855.32
45042.397033585 3904.93 2424.09 1950.90 3855.46
45042.397080051 3912.09 2428.94 1951.50 3856.59
45042.397126336 3870.15 2397.60 1944.12 3839.64
45042.397172441 3875.76 2401.92 1940.40 3831.11
45042.397219449 3888.20 2411.69 1944.48 3841.23
45042.397264650 3836.91 2375.13 1943.43 3838.47
45042.397311478 3827.09 2369.98 1942.74 3837.05
45042.397357402 3867.86 2398.59 1941.98 3837.33
45042.397404410 3820.51 2364.75 1933.74 3820.97
45042.397450515 3790.80 2346.99 1932.52 3817.99
45042.397496620 3843.07 2382.85 1927.26 3810.80
45042.397542905 3798.33 2353.41 1924.55 3805.76
45042.397589190 3740.79 2315.95 1926.70 3810.47
45042.397636018 3760.45 2328.73 1926.33 3812.96
45042.397682123 3752.36 2324.69 1925.51 3813.92
45042.397728770 3699.64 2290.78 1928.51 3820.25
45042.397774513 3739.19 2318.75 1941.14 3852.50
45042.397820437 3725.79 2310.41 1931.67 3830.43
45042.397866541 3673.47 2276.14 1909.85 3781.07
45042.397913007 3666.09 2271.38 1897.40 3750.16
45042.397959293 3679.74 2281.17 1888.59 3730.24
45042.398006121 3634.27 2251.15 1884.16 3717.17
45042.398052225 3652.00 2262.90 1858.97 3656.34
45042.398098872 3654.59 2265.77 1860.21 3660.18
45042.398144977 3606.91 2233.76 1870.22 3683.54
45042.398191082 3591.83 2225.63 1872.60 3689.85
45042.398237842 3621.68 2245.58 1878.79 3705.38
45042.398283860 3584.76 2221.50 1882.47 3716.03
45042.398329934 3564.97 2208.79 1884.31 3722.76
45042.398376511 3584.04 2221.17 1879.02 3712.53
45042.398422793 3542.37 2194.82 1871.78 3696.89
45042.398468731 3525.13 2183.54 1873.50 3703.78
45042.398514806 3557.65 2205.10 1867.76 3691.04
45042.398561034 3537.86 2193.58 1863.51 3684.39
45042.398607413 3493.45 2164.60 1859.92 3678.15
45042.398654362 3517.32 2180.14 1858.94 3675.41
45042.398700607 3529.60 2188.41 1854.46 3666.12
45042.398747312 3479.82 2156.98 1850.47 3658.49
45042.398793250 3501.22 2171.49 1846.15 3649.76
45042.398839299 3508.15 2177.16 1848.71 3655.04
45042.398885752 3423.22 2122.38 1849.77 3656.88
45042.398932504 3457.51 2145.82 1853.31 3664.76
45042.398978402 3472.08 2155.11 1849.12 3657.15
45042.399025199 3413.65 2118.87 1837.76 3634.20
45042.399070454 3404.02 2113.79 1833.94 3626.35
45042.399116680 3420.92 2124.82 1830.04 3618.81
45042.399163917 3349.25 2079.06 1819.05 3595.60
45042.399209799 3347.30 2079.31 1813.57 3584.90
45042.399256837 3403.38 2114.84 1814.72 3590.27
45042.399302323 3345.80 2077.72 1808.73 3577.37
45042.399348326 3325.93 2065.00 1803.84 3567.53
45042.399395526 3354.17 2083.76 1803.05 3567.03
45042.399440962 3322.00 2062.36 1808.30 3578.37
45042.399488027 3317.01 2058.87 1799.55 3560.08
45042.399534175 3339.74 2074.61 1797.43 3555.88
45042.399579573 3313.27 2057.09 1796.71 3553.89
45042.399626272 3261.19 2022.85 1782.45 3522.74
45042.399673100 3281.68 2037.94 1785.64 3532.79
45042.399719566 3281.69 2038.97 1783.12 3528.17
45042.399765671 3444.68 2153.53 1772.74 3506.47
45042.399812318 3512.78 2207.20 1768.90 3498.71
45042.399857338 3614.10 2287.39 1769.31 3499.99
45042.399904527 3564.63 2245.59 1768.33 3499.32
45042.399951174 3590.75 2244.34 1763.23 3488.62
45042.399997279 3703.82 2306.97 1766.39 3495.50
45042.400043022 3670.15 2163.18 1760.90 3480.86
45042.400089126 2524.95 1418.06 1759.17 3476.02
45042.400135411 2925.65 1672.42 1755.52 3465.60
45042.400181878 3269.08 1890.83 1759.39 3475.24
45042.400228344 3481.25 2033.88 1755.63 3466.44
45042.400274268 3889.87 2307.79 1748.75 3449.94
45042.400321638 4038.15 2409.66 1747.96 3448.80
45042.400367742 4079.87 2444.12 1748.65 3451.30
45042.400413305 4099.29 2459.53 1737.75 3430.13
45042.400460132 4069.61 2438.38 1833.06 3657.24
45042.400505695 4052.62 2427.67 1927.41 3882.31
45042.400551800 4088.97 2454.99 2002.02 4021.17
45042.400598446 4089.78 2456.48 1994.23 4010.87
45042.400645455 4055.59 2432.98 1955.42 3954.12
45042.400690836 4086.07 2457.11 1925.94 3904.66
45042.400738208 4091.69 2462.27 1939.02 3923.62
45042.400783589 4074.65 2450.51 2004.15 4019.74
45042.400830417 4098.37 2468.47 2021.64 4043.26
45042.400875798 4107.83 2474.42 2037.16 4064.46
45042.400922445 4059.21 2440.48 2036.11 4059.91
45042.400968550 4074.00 2451.78 2036.15 4058.14
45042.401015379 4100.84 2472.05 2035.54 4058.88
45042.401062026 4050.89 2437.64 2036.01 4060.44
45042.401108673 4028.84 2422.14 2036.50 4062.48
45042.401154778 4054.96 2439.92 2033.48 4054.71
45042.401200702 4028.28 2423.27 2033.24 4055.03
45042.401247349 4021.05 2419.69 2033.67 4053.11
45042.401292729 4064.62 2449.72 2031.27 4050.53
45042.401339376 4038.94 2432.23 2031.06 4050.24
45042.401386024 4006.29 2408.82 2031.36 4048.41
45042.401432309 4030.33 2425.65 2030.15 4045.81
45042.401478776 4012.94 2414.31 2032.35 4048.38
45042.401524880 3969.01 2385.56 2030.46 4045.14
45042.401570442 4007.54 2413.00 2027.86 4042.16
45042.401616908 4017.38 2419.75 2028.44 4041.20
45042.401663736 3986.13 2399.37 2028.27 4040.95
45042.401709660 3997.23 2406.95 2024.28 4032.76
45042.401755584 4011.40 2416.71 2024.02 4032.60
45042.401801870 3972.93 2390.85 2023.65 4030.51
45042.401848516 3980.11 2394.92 2023.33 4030.00
45042.401894621 3997.83 2406.88 2021.30 4024.53
45042.401941449 3951.63 2376.93 2020.49 4022.74
45042.401987553 3943.45 2370.18 2019.77 4021.10
45042.402034382 3974.21 2392.14 2018.16 4018.88
45042.402080667 3940.06 2369.17 2014.20 4009.17
45042.402126048 3916.00 2353.22 2014.43 4008.62
45042.402172695 3950.82 2377.53 2011.76 4003.70
45042.402218800 3919.23 2356.68 2013.49 4008.59
45042.402265085 3889.19 2336.44 2009.31 4002.09
45042.402311371 3921.98 2359.91 2006.42 3990.47
45042.402357475 3910.97 2352.82 2008.51 3994.54
45042.402404845 3878.26 2331.05 2007.77 3992.95
45042.402450769 3883.40 2335.26 2007.08 3993.61
45042.402496512 3906.59 2351.30 2006.27 3990.41
45042.402543701 3877.45 2330.82 2006.10 3987.60
45042.402589444 3886.07 2337.52 2002.08 3982.27
45042.402635187 3899.04 2347.23 2001.09 3979.40
45042.402681653 3851.69 2316.67 1995.93 3970.37
45042.402728301 3865.61 2327.10 1999.81 3982.53
45042.402774044 3892.36 2345.77 1995.65 3975.67
45042.402820510 3843.38 2314.53 1997.68 3982.85
45042.402866976 3829.59 2306.22 1995.73 3980.09
45042.402913081 3857.90 2325.21 1992.47 3968.42
45042.402959908 3819.17 2300.93 1990.77 3965.98
45042.403005997 3798.18 2288.22 1987.71 3960.20
45042.403052102 3830.37 2309.20 1985.32 3956.16
45042.403098387 3825.56 2307.60 1982.18 3953.13
45042.403145034 3800.53 2291.91 1982.71 3953.90
45042.403190777 3824.39 2306.30 1982.11 3954.71
45042.403237786 3804.43 2294.63 1976.39 3943.86
45042.403284433 3781.24 2281.21 1975.33 3944.33
45042.403329814 3812.42 2300.91 1974.85 3944.93
45042.403376462 3804.79 2296.17 1973.03 3942.38
45042.403423289 3746.32 2257.90 1974.65 3945.27
45042.403468670 3775.66 2277.17 1969.89 3933.11
45042.403515317 3796.23 2290.95 1967.04 3927.48
45042.403562145 3748.12 2259.87 1972.31 3941.70
45042.403607889 3758.32 2267.58 1970.15 3938.73
45042.403654174 3786.51 2286.93 1966.61 3931.03
45042.403701002 3716.42 2242.02 1963.71 3925.24
45042.403746383 3696.16 2228.35 1961.38 3920.85
45042.403792669 3734.37 2255.43 1960.99 3921.47
45042.403839496 3708.55 2237.68 1957.23 3915.56
45042.403886324 3692.49 2226.12 1954.69 3909.73
45042.403932067 3714.70 2241.67 1953.76 3907.70
45042.403978172 3701.69 2233.29 1954.09 3911.71
45042.404025248 3672.94 2213.17 1953.06 3910.36
45042.404070810 3701.34 2234.82 1949.57 3902.67
45042.404116734 3698.44 2235.22 1948.33 3900.13
45042.404163381 3663.75 2212.83 1944.14 3893.26
45042.404209666 3677.84 2224.08 1942.53 3889.48
45042.404256314 3672.41 2220.84 1942.92 3891.57
45042.404302238 3633.71 2192.69 1942.34 3889.76
45042.404349246 3653.91 2208.62 1942.64 3885.31
45042.404394447 3663.09 2216.20 1942.61 3886.61
45042.404441998 3621.83 2187.32 1942.36 3885.18
45042.404487560 3621.05 2188.20 1940.47 3884.53
45042.404533665 3638.46 2201.84 1937.39 3879.80
45042.404580312 3602.94 2179.39 1931.50 3870.95
45042.404626236 3583.20 2166.32 1928.73 3867.30
45042.404673244 3618.60 2193.06 1924.18 3858.52
45042.404719168 3573.72 2162.01 1923.45 3857.28
45042.404765273 3538.04 2140.49 1924.40 3858.55
45042.404812100 3598.20 2180.55 1924.78 3860.26
45042.404857663 3584.61 2172.28 1925.63 3863.56
45042.404904129 3535.63 2139.18 1921.97 3855.88
45042.404950595 3550.61 2149.57 1916.29 3844.64
45042.404997423 3541.94 2144.31 1913.53 3839.58
45042.405042623 3484.73 2106.78 1906.15 3825.62
45042.405089090 3498.48 2116.68 1899.76 3813.16
45042.405135556 3526.31 2133.53 1896.60 3808.95
45042.405182745 3495.36 2114.33 1896.24 3808.45
45042.405229031 3502.67 2119.50 1894.75 3803.06
45042.405274593 3518.67 2130.84 1893.35 3798.52
45042.405320517 3461.54 2094.00 1891.80 3794.31
45042.405367887 3481.63 2106.86 1888.81 3788.16
45042.405413268 3519.04 2131.46 1887.51 3788.23
45042.405459915 3448.90 2087.13 1882.49 3778.50
45042.405506743 3419.60 2068.17 1877.91 3768.79
45042.405551944 3467.15 2100.56 1876.99 3767.59
45042.405598410 3445.84 2086.40 1876.11 3764.26
45042.405644695 3409.52 2062.53 1872.91 3756.69
45042.405691885 3469.68 2101.39 1870.21 3752.87
45042.405737266 3460.17 2095.51 1867.80 3748.88
45042.405784456 3407.86 2062.63 1867.88 3751.72
45042.405830018 3422.96 2074.63 1862.27 3736.93
45042.405876122 3425.35 2076.23 1858.54 3732.01
45042.405923493 3363.69 2036.60 1853.54 3718.42
45042.405968693 3375.28 2044.66 1852.45 3713.99
45042.406015521 3403.10 2062.42 1855.66 3721.74
45042.406061626 3331.19 2015.77 1856.50 3722.40
45042.406107911 3331.22 2015.92 1857.39 3724.44
45042.406153835 3370.15 2043.36 1855.67 3721.28
45042.406201289 3309.14 2003.81 1848.32 3705.80
45042.406247155 3285.82 1990.85 1840.21 3689.19
45042.406293078 3323.64 2016.85 1832.30 3672.89
45042.406339364 3285.07 1992.63 1828.82 3664.28
45042.406385468 3251.16 1970.62 1830.71 3669.07
45042.406431573 3273.91 1986.26 1823.10 3653.84
45042.406478401 3254.10 1972.41 1823.06 3652.41
45042.406524325 3199.92 1936.52 1820.32 3646.22
45042.406570791 3223.44 1953.48 1818.02 3640.83
45042.406617839 3239.17 1963.78 1810.42 3627.76
45042.406662934 3195.83 1935.07 1798.01 3602.44
45042.406709401 3214.59 1948.29 1793.86 3595.69
45042.406755990 3219.92 1952.03 1787.40 3584.53
45042.406801994 3167.07 1917.11 1781.55 3571.90
45042.406848822 3153.17 1908.37 1780.53 3569.96
45042.406894927 3185.43 1929.52 1780.59 3573.10
45042.406941031 3148.93 1906.09 1784.09 3581.46
45042.406988040 3143.66 1902.48 1778.21 3569.08
45042.407033240 3180.66 1926.76 1767.49 3548.48
45042.407080791 3122.76 1890.36 1766.27 3545.17
45042.407126173 3092.13 1871.65 1765.10 3543.35
45042.407173362 3143.44 1903.68 1764.74 3541.27
45042.407219467 3120.30 1888.82 1764.49 3542.15
45042.407265571 3066.73 1856.77 1758.68 3529.83
45042.407312218 3116.67 1887.28 1752.24 3516.66
45042.407357781 3103.73 1880.54 1741.46 3492.35
45042.407403885 3016.88 1827.98 1731.11 3470.55
45042.407449990 3025.84 1834.34 1729.61 3467.72
45042.407496275 3066.46 1858.76 1735.57 3480.37
45042.407543465 3005.08 1821.64 1768.87 3550.67
45042.407589569 3010.11 1824.96 1913.74 3829.69
45042.407636216 3036.66 1841.95 1870.59 3783.63
45042.407682321 2977.85 1805.72 1822.58 3708.41
45042.407728426 2962.33 1797.30 1830.42 3714.69
45042.407774711 2982.45 1810.88 1931.65 3895.94
45042.407820816 3015.77 1827.38 1925.15 3887.04
45042.407866739 3208.14 1923.57 1922.65 3882.44
45042.407914110 3382.32 2009.43 1921.84 3882.12
45042.407959310 3394.29 1990.32 1923.80 3888.35
45042.408006138 3348.79 1967.24 1922.09 3886.02
45042.408052423 3390.32 2001.81 1918.58 3880.20
45042.408098890 3392.19 2003.54 1913.64 3873.86
45042.408145537 3327.88 1963.71 1907.49 3866.45
45042.408190918 3363.10 1986.56 1903.98 3860.86
45042.408237565 3403.45 2011.21 1902.08 3858.60
45042.408284393 3323.59 1960.97 1901.77 3858.29
45042.408330498 3324.80 1962.00 1903.83 3861.78
45042.408376060 3364.34 1987.96 1905.26 3864.60
45042.408422164 3326.01 1964.98 1903.33 3861.42
45042.408469535 3319.96 1961.63 1898.58 3853.37
45042.408514916 3373.06 1995.99 1892.73 3843.36
45042.408561563 3311.54 1956.70 1894.23 3847.15
45042.408607668 3286.85 1941.45 1893.83 3847.45
45042.408653953 3349.09 1980.78 1892.56 3844.40
45042.408700419 3338.36 1973.57 1889.73 3838.15
45042.408747247 3277.63 1936.51 1886.69 3833.85
45042.408793532 3310.32 1955.73 1878.27 3814.07
45042.408838914 3305.14 1954.34 1875.78 3809.72
45042.408885561 3252.13 1921.76 1874.64 3806.88
45042.408932389 3275.96 1937.25 1876.08 3807.49
45042.408978313 3303.89 1956.40 1879.46 3814.93
45042.409024960 3241.97 1916.06 1876.84 3809.87
45042.409070341 3239.32 1914.73 1876.25 3809.63
45042.409116807 3282.81 1944.19 1873.55 3801.72
45042.409162912 3232.17 1912.84 1862.05 3778.12
45042.409210101 3190.50 1887.85 1856.48 3766.76
45042.409256387 3228.75 1914.92 1851.91 3760.17
45042.409301768 3203.79 1899.32 1851.87 3759.67
45042.409348596 3168.01 1875.09 1848.41 3753.18
45042.409394339 3201.86 1897.90 1844.61 3745.30
45042.409440986 3190.32 1889.52 1841.46 3739.36
45042.409487271 3146.85 1863.71 1834.74 3725.26
45042.409533737 3189.82 1892.81 1828.07 3709.32
45042.409580384 3208.72 1904.94 1824.81 3701.43
45042.409627212 3111.75 1842.05 1826.42 3703.32
45042.409673317 1803.11 1051.46 1099.02 2229.10
45042.409718518 -3.42 -2.03 4.05 2.55
45042.409765345 -3.00 -1.99 3.06 2.72
45042.409811088 -9.57 -0.87 2.43 2.70
45042.409857916 -24.33 -0.01 0.45 2.07
