# Time, baseline, baseline error
4.505448683174690814e+04 1.697726475849731855e+02 3.206117854174272974e-01
4.505451506610975775e+04 1.685333631484794239e+02 9.661183952461629421e-01
4.505454132737232430e+04 1.633304830053667160e+02 2.040009106572569397e+00
4.505456745689270610e+04 1.545209838998211183e+02 3.050036323093808122e+00
4.505459378595235466e+04 1.423778890876565129e+02 3.915274594519411178e+00
4.505462004404192703e+04 1.276143112701252136e+02 4.598810398765175833e+00
4.505553323437047220e+04 1.647219274809160083e+02 1.695857071949592232e+00
4.505555751182328822e+04 1.573183015267175620e+02 2.576320304943040984e+00
4.505558177872616216e+04 1.470236832061068810e+02 3.359337616294665985e+00
4.505560604810326186e+04 1.342303053435114748e+02 4.001599716169112142e+00
4.505563045303791296e+04 1.195159923664122203e+02 4.445530859851939631e+00
4.505565474144506152e+04 1.038846374045801610e+02 4.546404256378626663e+00
