# realtime, hour, min, alt, baseline, rate, SC
44668.221527778 17 19 65.80 115.05 417.76 0.93
44668.222222222 17 20 65.79 115.13 417.75 0.93
44668.222916667 17 21 65.79 115.20 417.75 0.93
44668.223611111 17 22 65.78 115.27 417.74 0.92
44668.224305556 17 23 65.77 115.35 417.73 0.92
44668.225000000 17 24 65.76 115.42 417.72 0.92
44668.225694445 17 25 65.75 115.49 417.71 0.92
44668.226388889 17 26 65.74 115.56 417.69 0.92
44668.227083333 17 27 65.72 115.63 417.68 0.92
44668.227777778 17 28 65.71 115.70 417.66 0.92
44668.228472222 17 29 65.69 115.77 417.64 0.92
44668.229166667 17 30 65.67 115.84 417.62 0.92
44668.229861111 17 31 65.65 115.91 417.59 0.92
44668.230555556 17 32 65.63 115.98 417.57 0.92
44668.231250000 17 33 65.60 116.04 417.54 0.92
44668.231944445 17 34 65.58 116.11 417.51 0.92
44668.232638889 17 35 65.55 116.17 417.48 0.92
44668.233333333 17 36 65.52 116.24 417.45 0.92
44668.234027778 17 37 65.49 116.30 417.42 0.92
44668.234722222 17 38 65.46 116.36 417.38 0.92
44668.235416667 17 39 65.42 116.43 417.34 0.92
44668.236111111 17 40 65.39 116.49 417.30 0.92
44668.236805556 17 41 65.35 116.55 417.26 0.92
44668.237500000 17 42 65.31 116.61 417.22 0.92
44668.238194445 17 43 65.27 116.67 417.17 0.92
44668.238888889 17 44 65.23 116.73 417.13 0.92
44668.239583333 17 45 65.18 116.79 417.08 0.92
44668.240277778 17 46 65.14 116.84 417.03 0.92
44668.240972222 17 47 65.09 116.90 416.98 0.92
44668.241666667 17 48 65.04 116.96 416.92 0.92
44668.242361111 17 49 65.00 117.01 416.87 0.92
44668.243055556 17 50 64.94 117.07 416.84 0.92
44668.243750000 17 51 64.89 117.12 416.81 0.92
44668.244444445 17 52 64.84 117.18 416.78 0.92
44668.245138889 17 53 64.78 117.23 416.75 0.92
44668.245833333 17 54 64.73 117.28 416.72 0.92
44668.246527778 17 55 64.67 117.34 416.69 0.92
44668.247222222 17 56 64.61 117.39 416.65 0.92
44668.247916667 17 57 64.55 117.44 416.62 0.92
44668.248611111 17 58 64.48 117.49 416.59 0.92
44668.249305556 17 59 64.42 117.54 416.55 0.92
44668.250000000 18 00 64.35 117.59 416.51 0.92
44668.250694445 18 01 64.29 117.63 416.48 0.92
44668.251388889 18 02 64.22 117.68 416.44 0.92
44668.252083333 18 03 64.15 117.73 416.40 0.92
44668.252777778 18 04 64.08 117.78 416.36 0.92
44668.253472222 18 05 64.00 117.82 416.32 0.92
44668.254166667 18 06 63.93 117.87 416.24 0.92
44668.254861111 18 07 63.86 117.91 416.16 0.92
44668.255555556 18 08 63.78 117.96 416.07 0.92
44668.256250000 18 09 63.70 118.00 415.99 0.92
44668.256944445 18 10 63.62 118.04 415.90 0.92
44668.257638889 18 11 63.54 118.09 415.81 0.92
44668.258333333 18 12 63.46 118.13 415.72 0.92
44668.259027778 18 13 63.38 118.17 415.63 0.92
44668.259722222 18 14 63.30 118.21 415.54 0.92
44668.260416667 18 15 63.21 118.25 415.44 0.92
44668.261111111 18 16 63.12 118.29 415.35 0.92
44668.261805556 18 17 63.04 118.33 415.25 0.92
44668.262500000 18 18 62.95 118.37 415.15 0.92
44668.263194445 18 19 62.86 118.41 415.05 0.92
44668.263888889 18 20 62.77 118.45 414.95 0.92
44668.264583334 18 21 62.67 118.48 414.85 0.92
44668.265277778 18 22 62.58 118.52 414.74 0.92
44668.265972222 18 23 62.49 118.56 414.64 0.92
44668.266666667 18 24 62.39 118.59 414.53 0.92
44668.267361111 18 25 62.29 118.63 414.42 0.92
44668.268055556 18 26 62.20 118.66 414.32 0.92
44668.268750000 18 27 62.10 118.70 414.21 0.92
44668.269444445 18 28 62.00 118.73 414.10 0.92
44668.270138889 18 29 61.90 118.76 413.98 0.92
44668.270833334 18 30 61.80 118.80 413.87 0.92
44668.271527778 18 31 61.69 118.83 413.76 0.92
44668.272222222 18 32 61.59 118.86 413.64 0.92
44668.272916667 18 33 61.48 118.89 413.52 0.92
44668.273611111 18 34 61.38 118.92 413.41 0.92
44668.274305556 18 35 61.27 118.95 413.29 0.92
44668.275000000 18 36 61.16 118.98 413.17 0.92
44668.275694445 18 37 61.05 119.01 413.05 0.92
44668.276388889 18 38 60.94 119.04 412.92 0.92
44668.277083334 18 39 60.83 119.07 412.80 0.92
44668.277777778 18 40 60.72 119.10 412.68 0.92
44668.278472222 18 41 60.61 119.12 412.55 0.92
44668.279166667 18 42 60.49 119.15 412.43 0.92
44668.279861111 18 43 60.38 119.18 412.30 0.92
44668.280555556 18 44 60.27 119.20 412.17 0.92
44668.281250000 18 45 60.15 119.23 412.04 0.92
44668.281944445 18 46 60.03 119.25 411.91 0.92
44668.282638889 18 47 59.91 119.28 411.73 0.92
44668.283333334 18 48 59.80 119.30 411.54 0.92
44668.284027778 18 49 59.68 119.33 411.34 0.92
44668.284722222 18 50 59.56 119.35 411.14 0.92
44668.285416667 18 51 59.43 119.37 410.94 0.92
44668.286111111 18 52 59.31 119.40 410.73 0.92
44668.286805556 18 53 59.19 119.42 410.53 0.92
44668.287500000 18 54 59.07 119.44 410.32 0.92
44668.288194445 18 55 58.94 119.46 410.15 0.92
44668.288888889 18 56 58.82 119.48 410.01 0.92
44668.289583334 18 57 58.69 119.50 409.87 0.92
44668.290277778 18 58 58.56 119.53 409.73 0.92
44668.290972222 18 59 58.44 119.55 409.59 0.92
44668.291666667 19 00 58.31 119.56 409.45 0.92
44668.292361111 19 01 58.18 119.58 409.30 0.92
44668.293055556 19 02 58.05 119.60 409.16 0.92
44668.293750000 19 03 57.92 119.62 408.97 0.92
44668.294444445 19 04 57.79 119.64 408.75 0.92
44668.295138889 19 05 57.66 119.66 408.54 0.92
44668.295833334 19 06 57.53 119.67 408.32 0.92
44668.296527778 19 07 57.40 119.69 408.09 0.92
44668.297222223 19 08 57.26 119.71 407.87 0.92
44668.297916667 19 09 57.13 119.73 407.65 0.92
44668.298611111 19 10 56.99 119.74 407.43 0.92
44668.299305556 19 11 56.86 119.76 407.28 0.92
44668.300000000 19 12 56.72 119.77 407.13 0.92
44668.300694445 19 13 56.59 119.79 406.98 0.92
44668.301388889 19 14 56.45 119.80 406.82 0.92
44668.302083334 19 15 56.31 119.82 406.67 0.92
44668.302777778 19 16 56.17 119.83 406.52 0.92
44668.303472223 19 17 56.03 119.84 406.36 0.92
44668.304166667 19 18 55.90 119.86 406.15 0.92
44668.304861111 19 19 55.76 119.87 405.92 0.92
44668.305555556 19 20 55.62 119.88 405.69 0.92
44668.306250000 19 21 55.47 119.90 405.45 0.92
44668.306944445 19 22 55.33 119.91 405.22 0.92
44668.307638889 19 23 55.19 119.92 404.98 0.92
44668.308333334 19 24 55.05 119.93 404.74 0.92
44668.309027778 19 25 54.91 119.94 404.50 0.92
44668.309722223 19 26 54.76 119.95 404.27 0.92
44668.310416667 19 27 54.62 119.97 404.03 0.92
44668.311111111 19 28 54.47 119.98 403.79 0.92
44668.311805556 19 29 54.33 119.99 403.54 0.92
44668.312500000 19 30 54.18 120.00 403.30 0.92
44668.313194445 19 31 54.04 120.01 403.06 0.92
44668.313888889 19 32 53.89 120.02 402.82 0.92
44668.314583334 19 33 53.75 120.02 402.57 0.92
44668.315277778 19 34 53.60 120.03 402.33 0.92
44668.315972223 19 35 53.45 120.04 402.08 0.92
44668.316666667 19 36 53.30 120.05 401.84 0.92
44668.317361111 19 37 53.15 120.06 401.59 0.92
44668.318055556 19 38 53.01 120.07 401.34 0.92
44668.318750000 19 39 52.86 120.07 401.09 0.92
44668.319444445 19 40 52.71 120.08 400.84 0.92
44668.320138889 19 41 52.56 120.09 400.59 0.92
44668.320833334 19 42 52.41 120.10 400.34 0.92
44668.321527778 19 43 52.26 120.10 400.09 0.92
44668.322222223 19 44 52.10 120.11 399.84 0.92
44668.322916667 19 45 51.95 120.12 399.59 0.92
44668.323611111 19 46 51.80 120.12 399.33 0.92
44668.324305556 19 47 51.65 120.13 399.08 0.92
44668.325000000 19 48 51.50 120.13 398.83 0.92
44668.325694445 19 49 51.34 120.14 398.57 0.92
44668.326388889 19 50 51.19 120.15 398.32 0.92
44668.327083334 19 51 51.04 120.15 398.06 0.92
44668.327777778 19 52 50.88 120.16 397.74 0.92
44668.328472223 19 53 50.73 120.16 397.40 0.92
44668.329166667 19 54 50.57 120.17 397.05 0.92
44668.329861112 19 55 50.42 120.17 396.71 0.92
44668.330555556 19 56 50.26 120.17 396.36 0.92
44668.331250000 19 57 50.11 120.18 396.02 0.92
44668.331944445 19 58 49.95 120.18 395.70 0.92
44668.332638889 19 59 49.79 120.19 395.44 0.92
44668.333333334 20 00 49.64 120.19 395.18 0.92
44668.334027778 20 01 49.48 120.19 394.92 0.92
44668.334722223 20 02 49.32 120.20 394.65 0.92
44668.335416667 20 03 49.17 120.20 394.39 0.92
44668.336111112 20 04 49.01 120.20 394.13 0.92
44668.336805556 20 05 48.85 120.21 393.78 0.92
44668.337500000 20 06 48.69 120.21 393.43 0.92
44668.338194445 20 07 48.53 120.21 393.08 0.92
44668.338888889 20 08 48.38 120.21 392.73 0.92
44668.339583334 20 09 48.22 120.22 392.37 0.92
44668.340277778 20 10 48.06 120.22 392.02 0.92
44668.340972223 20 11 47.90 120.22 391.67 0.92
44668.341666667 20 12 47.74 120.22 391.31 0.92
44668.342361112 20 13 47.58 120.22 390.96 0.92
44668.343055556 20 14 47.42 120.22 390.60 0.92
44668.343750000 20 15 47.26 120.23 390.24 0.92
44668.344444445 20 16 47.10 120.23 389.89 0.92
44668.345138889 20 17 46.94 120.23 389.53 0.92
44668.345833334 20 18 46.77 120.23 389.17 0.92
44668.346527778 20 19 46.61 120.23 388.81 0.92
44668.347222223 20 20 46.45 120.23 388.46 0.92
44668.347916667 20 21 46.29 120.23 388.10 0.92
44668.348611112 20 22 46.13 120.23 387.74 0.92
44668.349305556 20 23 45.97 120.23 387.36 0.92
44668.350000000 20 24 45.80 120.24 386.91 0.92
44668.350694445 20 25 45.64 120.24 386.45 0.92
44668.351388889 20 26 45.48 120.24 386.00 0.92
44668.352083334 20 27 45.31 120.24 385.55 0.92
44668.352777778 20 28 45.15 120.24 385.10 0.92
44668.353472223 20 29 44.99 120.24 384.65 0.92
44668.354166667 20 30 44.82 120.24 384.29 0.92
44668.354861112 20 31 44.66 120.24 383.92 0.92
44668.355555556 20 32 44.50 120.24 383.56 0.92
44668.356250000 20 33 44.33 120.24 383.20 0.92
44668.356944445 20 34 44.17 120.24 382.83 0.92
44668.357638889 20 35 44.00 120.24 382.47 0.92
44668.358333334 20 36 43.84 120.24 382.01 0.92
44668.359027778 20 37 43.67 120.24 381.55 0.92
44668.359722223 20 38 43.51 120.24 381.10 0.92
44668.360416667 20 39 43.34 120.23 380.64 0.92
44668.361111112 20 40 43.18 120.23 380.18 0.92
44668.361805556 20 41 43.01 120.23 379.72 0.92
44668.362500001 20 42 42.85 120.23 379.26 0.92
44668.363194445 20 43 42.68 120.23 378.80 0.92
44668.363888889 20 44 42.52 120.23 378.34 0.92
44668.364583334 20 45 42.35 120.23 377.88 0.92
44668.365277778 20 46 42.19 120.23 377.42 0.92
44668.365972223 20 47 42.02 120.23 376.96 0.92
44668.366666667 20 48 41.85 120.23 376.50 0.92
44668.367361112 20 49 41.69 120.23 376.04 0.92
44668.368055556 20 50 41.52 120.23 375.58 0.92
44668.368750001 20 51 41.35 120.23 375.11 0.92
44668.369444445 20 52 41.19 120.23 374.65 0.92
44668.370138889 20 53 41.02 120.22 374.19 0.92
44668.370833334 20 54 40.85 120.22 373.64 0.92
44668.371527778 20 55 40.69 120.22 373.09 0.92
44668.372222223 20 56 40.52 120.22 372.53 0.92
44668.372916667 20 57 40.35 120.22 371.97 0.92
44668.373611112 20 58 40.19 120.22 371.42 0.92
44668.374305556 20 59 40.02 120.22 370.86 0.92
44668.375000001 21 00 39.85 120.22 370.38 0.92
44668.375694445 21 01 39.68 120.22 369.92 0.92
44668.376388889 21 02 39.51 120.21 369.45 0.92
44668.377083334 21 03 39.35 120.21 368.99 0.92
44668.377777778 21 04 39.18 120.21 368.52 0.92
44668.378472223 21 05 39.01 120.21 368.06 0.92
44668.379166667 21 06 38.84 120.21 367.50 0.92
44668.379861112 21 07 38.68 120.21 366.94 0.92
44668.380555556 21 08 38.51 120.21 366.38 0.92
44668.381250001 21 09 38.34 120.21 365.82 0.92
44668.381944445 21 10 38.17 120.21 365.26 0.92
44668.382638889 21 11 38.00 120.20 364.70 0.92
44668.383333334 21 12 37.83 120.20 364.05 0.92
44668.384027778 21 13 37.67 120.20 363.39 0.92
44668.384722223 21 14 37.50 120.20 362.74 0.92
44668.385416667 21 15 37.33 120.20 362.08 0.92
44668.386111112 21 16 37.16 120.20 361.43 0.92
44668.386805556 21 17 36.99 120.20 360.78 0.92
44668.387500001 21 18 36.82 120.20 360.22 0.92
44668.388194445 21 19 36.65 120.20 359.65 0.92
44668.388888889 21 20 36.48 120.20 359.09 0.92
44668.389583334 21 21 36.32 120.19 358.53 0.92
44668.390277778 21 22 36.15 120.19 357.97 0.92
44668.390972223 21 23 35.98 120.19 357.39 0.92
44668.391666667 21 24 35.81 120.19 356.73 0.92
44668.392361112 21 25 35.64 120.19 356.08 0.92
44668.393055556 21 26 35.47 120.19 355.42 0.92
44668.393750001 21 27 35.30 120.19 354.76 0.92
44668.394444445 21 28 35.13 120.19 354.10 0.92
44668.395138890 21 29 34.96 120.19 353.43 0.92
44668.395833334 21 30 34.79 120.19 352.67 0.92
44668.396527778 21 31 34.62 120.19 351.92 0.92
44668.397222223 21 32 34.45 120.19 351.17 0.92
44668.397916667 21 33 34.29 120.18 350.42 0.92
44668.398611112 21 34 34.12 120.18 349.67 0.92
44668.399305556 21 35 33.95 120.18 348.94 0.92
44668.400000001 21 36 33.78 120.18 348.29 0.92
44668.400694445 21 37 33.61 120.18 347.63 0.92
44668.401388890 21 38 33.44 120.18 346.97 0.92
44668.402083334 21 39 33.27 120.18 346.31 0.92
44668.402777778 21 40 33.10 120.18 345.65 0.92
44668.403472223 21 41 32.93 120.18 344.92 0.92
44668.404166667 21 42 32.76 120.18 344.07 0.92
44668.404861112 21 43 32.59 120.18 343.22 0.92
44668.405555556 21 44 32.42 120.18 342.38 0.92
44668.406250001 21 45 32.25 120.18 341.53 0.92
44668.406944445 21 46 32.08 120.18 340.69 0.92
44668.407638890 21 47 31.91 120.18 339.89 0.92
44668.408333334 21 48 31.74 120.18 339.13 0.92
44668.409027778 21 49 31.57 120.18 338.38 0.92
44668.409722223 21 50 31.41 120.18 337.63 0.92
44668.410416667 21 51 31.24 120.18 336.88 0.92
44668.411111112 21 52 31.07 120.18 336.13 0.92
44668.411805556 21 53 30.90 120.18 335.32 0.92
44668.412500001 21 54 30.73 120.18 334.47 0.92
44668.413194445 21 55 30.56 120.18 333.62 0.92
44668.413888890 21 56 30.39 120.18 332.78 0.92
44668.414583334 21 57 30.22 120.18 331.93 0.92
44668.415277778 21 58 30.05 120.18 331.09 0.92
44668.415972223 21 59 29.88 120.18 330.18 0.92
44668.416666667 22 00 29.71 120.18 329.24 0.92
44668.417361112 22 01 29.54 120.18 328.30 0.92
44668.418055556 22 02 29.37 120.18 327.36 0.92
44668.418750001 22 03 29.20 120.18 326.42 0.92
44668.419444445 22 04 29.04 120.18 325.48 0.92
44668.420138890 22 05 28.87 120.18 324.54 0.92
44668.420833334 22 06 28.70 120.18 323.60 0.92
44668.421527778 22 07 28.53 120.18 322.66 0.92
44668.422222223 22 08 28.36 120.18 321.73 0.92
44668.422916667 22 09 28.19 120.18 320.79 0.92
44668.423611112 22 10 28.02 120.19 319.85 0.92
44668.424305556 22 11 27.85 120.19 318.83 0.92
44668.425000001 22 12 27.68 120.19 317.80 0.92
44668.425694445 22 13 27.52 120.19 316.77 0.92
44668.426388890 22 14 27.35 120.19 315.74 0.92
44668.427083334 22 15 27.18 120.19 314.71 0.92
44668.427777778 22 16 27.01 120.19 313.68 0.92
44668.428472223 22 17 26.84 120.19 312.65 0.92
44668.429166667 22 18 26.67 120.19 311.62 0.92
44668.429861112 22 19 26.50 120.19 310.60 0.92
44668.430555556 22 20 26.34 120.19 309.57 0.92
44668.431250001 22 21 26.17 120.19 308.54 0.92
44668.431944445 22 22 26.00 120.20 307.51 0.92
44668.432638890 22 23 25.83 120.20 306.39 0.92
44668.433333334 22 24 25.66 120.20 305.27 0.92
44668.434027779 22 25 25.49 120.20 304.15 0.92
44668.434722223 22 26 25.33 120.20 303.03 0.92
44668.435416667 22 27 25.16 120.20 301.91 0.92
44668.436111112 22 28 24.99 120.20 300.79 0.92
44668.436805556 22 29 24.82 120.20 299.58 0.92
44668.437500001 22 30 24.65 120.20 298.37 0.92
44668.438194445 22 31 24.49 120.20 297.16 0.92
44668.438888890 22 32 24.32 120.21 295.95 0.92
44668.439583334 22 33 24.15 120.21 294.74 0.92
44668.440277779 22 34 23.98 120.21 293.52 0.92
44668.440972223 22 35 23.82 120.21 292.22 0.92
44668.441666667 22 36 23.65 120.21 290.92 0.92
44668.442361112 22 37 23.48 120.21 289.62 0.92
44668.443055556 22 38 23.32 120.21 288.32 0.92
44668.443750001 22 39 23.15 120.21 287.03 0.92
44668.444444445 22 40 22.98 120.21 285.73 0.92
44668.445138890 22 41 22.81 120.22 284.43 0.92
44668.445833334 22 42 22.65 120.22 283.14 0.92
44668.446527779 22 43 22.48 120.22 281.84 0.92
44668.447222223 22 44 22.31 120.22 280.55 0.92
44668.447916667 22 45 22.15 120.22 279.25 0.92
44668.448611112 22 46 21.98 120.22 277.94 0.92
44668.449305556 22 47 21.82 120.22 276.46 0.92
44668.450000001 22 48 21.65 120.22 274.99 0.92
44668.450694445 22 49 21.48 120.22 273.51 0.92
44668.451388890 22 50 21.32 120.23 272.04 0.92
44668.452083334 22 51 21.15 120.23 270.56 0.92
44668.452777779 22 52 20.99 120.23 269.09 0.92
44668.453472223 22 53 20.82 120.23 267.62 0.92
44668.454166667 22 54 20.65 120.23 266.15 0.92
44668.454861112 22 55 20.49 120.23 264.68 0.92
44668.455555556 22 56 20.32 120.23 263.21 0.92
44668.456250001 22 57 20.16 120.23 261.74 0.92
44668.456944445 22 58 19.99 120.23 260.27 0.92
44668.457638890 22 59 19.83 120.23 258.62 0.92
44668.458333334 23 00 19.66 120.23 256.97 0.92
44668.459027779 23 01 19.50 120.23 255.33 0.92
44668.459722223 23 02 19.33 120.23 253.68 0.92
44668.460416667 23 03 19.17 120.23 252.04 0.92
44668.461111112 23 04 19.00 120.24 250.39 0.92
44668.461805556 23 05 18.84 120.24 248.75 0.92
44668.462500001 23 06 18.68 120.24 247.11 0.92
44668.463194445 23 07 18.51 120.24 245.47 0.92
44668.463888890 23 08 18.35 120.24 243.83 0.92
44668.464583334 23 09 18.18 120.24 242.20 0.92
44668.465277779 23 10 18.02 120.24 240.56 0.92
44668.465972223 23 11 17.86 120.24 238.69 0.92
44668.466666668 23 12 17.69 120.24 236.79 0.92
44668.467361112 23 13 17.53 120.24 234.88 0.92
44668.468055556 23 14 17.37 120.24 232.98 0.92
44668.468750001 23 15 17.20 120.24 231.08 0.92
44668.469444445 23 16 17.04 120.24 229.18 0.92
44668.470138890 23 17 16.88 120.24 227.29 0.92
44668.470833334 23 18 16.72 120.24 225.39 0.92
44668.471527779 23 19 16.55 120.23 223.50 0.92
44668.472222223 23 20 16.39 120.23 221.60 0.92
44668.472916668 23 21 16.23 120.23 219.71 0.92
44668.473611112 23 22 16.07 120.23 217.83 0.92
44668.474305556 23 23 15.91 120.23 215.83 0.92
44668.475000001 23 24 15.74 120.23 213.77 0.92
44668.475694445 23 25 15.58 120.23 211.71 0.92
44668.476388890 23 26 15.42 120.23 209.65 0.92
44668.477083334 23 27 15.26 120.23 207.59 0.92
44668.477777779 23 28 15.10 120.22 205.53 0.92
44668.478472223 23 29 14.94 120.22 203.41 0.92
44668.479166668 23 30 14.78 120.22 201.18 0.92
44668.479861112 23 31 14.62 120.22 198.95 0.92
44668.480555556 23 32 14.46 120.22 196.72 0.92
44668.481250001 23 33 14.30 120.21 194.50 0.92
44668.481944445 23 34 14.14 120.21 192.27 0.92
44668.482638890 23 35 13.98 120.21 190.03 0.92
44668.483333334 23 36 13.82 120.21 187.63 0.92
44668.484027779 23 37 13.66 120.20 185.24 0.92
44668.484722223 23 38 13.50 120.20 182.85 0.92
44668.485416668 23 39 13.34 120.20 180.46 0.92
44668.486111112 23 40 13.18 120.20 178.08 0.92
44668.486805556 23 41 13.02 120.19 175.69 0.92
44668.487500001 23 42 12.86 120.19 173.24 0.92
44668.488194445 23 43 12.70 120.19 170.77 0.92
44668.488888890 23 44 12.54 120.18 168.31 0.92
44668.489583334 23 45 12.39 120.18 165.85 0.92
44668.490277779 23 46 12.23 120.17 163.39 0.92
44668.490972223 23 47 12.07 120.17 160.94 0.92
44668.491666668 23 48 11.91 120.16 158.34 0.92
44668.492361112 23 49 11.75 120.16 155.63 0.92
44668.493055556 23 50 11.60 120.16 152.93 0.92
44668.493750001 23 51 11.44 120.15 150.22 0.92
44668.494444445 23 52 11.28 120.15 147.52 0.92
44668.495138890 23 53 11.13 120.14 144.83 0.92
44668.495833334 23 54 10.97 120.13 142.11 0.92
44668.496527779 23 55 10.81 120.13 139.34 0.92
44668.497222223 23 56 10.66 120.12 136.56 0.92
44668.497916668 23 57 10.50 120.12 133.79 0.92
44668.498611112 23 58 10.35 120.11 131.03 0.92
44668.499305557 23 59 10.19 120.10 128.26 0.92
44668.500000001 00 00 10.03 120.10 125.50 0.92
