1.202025581395348723e+02 1.484821345960961603e-01 2.173703533574044222e+00 1.000274061259364355e+00 1.377803152197315084e+00 6.040630289415372944e-01
1.198755813953488598e+02 3.336350079187809792e-01 1.229645485574184072e+00 1.011423456632372986e+00 1.340824664053668513e+00 6.674772064251219827e-01
1.179085330948121566e+02 8.140455270458163417e-01 3.312802544858232778e+00 9.558372325029685923e-01 2.040431550605368849e-01 6.336516865798973441e-01
1.142070304114490114e+02 1.335778648713769279e+00 4.722392623154679114e+00 1.017668046853368535e+00 5.480950199660679090e-01 6.155619929531571666e-01
1.086540429338103735e+02 1.861334692886748909e+00 3.314603376846840366e+00 1.205076040541640525e+00 4.443245057758413719e-01 8.451732392456656751e-01
1.013249373881932058e+02 2.379599330688438208e+00 4.113127925944576546e+00 1.352061792987895306e+00 2.556472354320547424e+00 9.688320209592889976e-01
1.184583396946564875e+02 6.606116405039899053e-01 3.348826970564562355e+00 1.005625376778441771e+00 4.937684572032644548e-01 7.215705663953652094e-01
1.154206870229007649e+02 1.100064322088648572e+00 4.684038570680794322e+00 1.008766308793606736e+00 1.336563255836318964e+00 6.688742017156525943e-01
1.108335305343511550e+02 1.551247447120357892e+00 3.962482482926185323e+00 1.099834533953305771e+00 1.792863082783651585e+00 8.377589821614693788e-01
1.046901335877862635e+02 1.994033892731115865e+00 6.612988403543751836e+00 1.251092314105793690e+00 -9.842704782454613222e-01 9.041053564837874257e-01
9.703704198473283782e+01 2.411358979498547939e+00 4.257245953857021981e+00 1.254124023867811522e+00 1.535833177192506671e+00 8.659219398651459842e-01
8.808604961832061520e+01 2.755830364434288082e+00 6.802558427793562679e+00 1.337332494854879039e+00 4.049100205773706662e+00 1.090629279187705913e+00
