1.132488648648648706e+02 4.275610379793213789e-01 2.044221734055871043e+00 9.524061116274546990e-01 7.357610170157381502e-01 9.571446622422236095e-01
1.116318378378378355e+02 5.103076715564631716e-01 2.901223743160604052e+00 1.006790091840120027e+00 -7.770649463583628735e-01 9.814401194834035946e-01
1.097132162162162103e+02 6.003604158555299053e-01 4.150544250685453740e+00 1.004581469147697526e+00 -3.979077665700914701e-01 1.003350650132269761e+00
1.074702162162162011e+02 6.970931588887286923e-01 3.849793198811925166e+00 9.467012761547074495e-01 2.191565850523369829e-01 9.673734018788081590e-01
1.048847297297297274e+02 7.976591139635481609e-01 3.257935199930214409e+00 1.113405949627400471e+00 3.714048831431454589e-01 1.050285167713693291e+00
1.019474594594594663e+02 9.004392500058282511e-01 4.249894724361065634e+00 1.108372680449402514e+00 7.688875976166521520e-01 1.224417948315523530e+00
9.677024449877750101e+01 1.169387417789921946e+00 3.880874638685490208e+00 8.414939417639687447e-01 -1.987398212501299000e-01 9.725879997908399854e-01
9.250740831295843236e+01 1.290867539459287450e+00 4.609709675958272967e+00 1.007163791263777863e+00 1.944895926179533774e+00 1.045425986936939333e+00
8.783535452322739445e+01 1.405680036763638840e+00 6.410300203575069133e+00 1.004478283500210178e+00 1.377113547710450581e+00 1.035179041420916768e+00
8.279474327628362573e+01 1.506141622459410412e+00 9.228156783519869677e+00 1.164789829380638686e+00 1.707190390688007930e+00 1.330524055029701280e+00
7.743885085574571292e+01 1.585800808783957239e+00 9.347666779228982037e+00 1.993069883777407902e+00 5.898206069280268693e+00 2.362292450836391389e+00
7.184320293398532442e+01 1.644011957312358829e+00 9.170683011497049009e+00 1.446641890007432263e+00 7.736822648892342613e+00 2.003385680935968693e+00
6.610999999999999943e+01 1.662798183638351412e+00 1.000437622479330457e+01 1.252209217241250672e+00 5.567973328497564545e+00 1.881941698631128812e+00
6.037999999999999545e+01 1.632616212347995477e+00 1.201779323331918903e+01 1.357019318385120465e+00 8.319516220046541122e+00 2.109654707190474543e+00
5.488718826405867901e+01 1.529491874733073908e+00 8.762154571259875624e+00 1.934479850760391972e+00 7.964859485927028082e+00 3.568329614731850619e+00
