# Time, baseline, baseline error
4.504235117940704367e+04 1.029262983425414291e+02 8.446039965520709680e-01
4.504236798274461762e+04 1.056480110497237632e+02 7.342835196099107842e-01
4.504238474209953711e+04 1.080298342541436512e+02 6.415597147233723652e-01
4.504240150144390645e+04 1.100939226519336955e+02 5.507795325398271435e-01
4.504327044394976110e+04 8.585045045045046663e+01 1.174283287173854662e+00
4.504328586067951983e+04 8.978297297297297064e+01 1.100266629925309436e+00
4.504330127739770978e+04 9.345417417417417028e+01 1.021301498307006561e+00
4.504331669410670293e+04 9.684888888888889369e+01 9.382151748831644156e-01
4.504333211955513252e+04 9.995615615615614047e+01 8.557663089975302562e-01
4.504335047522561945e+04 1.032679279279279285e+02 1.043655320131145814e+00
4.504336713404238981e+04 1.059383783783784168e+02 6.657983631951995829e-01
4.504338255082922115e+04 1.081080180180180150e+02 5.867528906024284119e-01
4.504436244213970349e+04 1.056375590551181034e+02 7.799155851778503123e-01
4.504438012329469348e+04 1.081424671916010283e+02 6.720839234089085457e-01
4.504439785841797857e+04 1.102991863517060551e+02 5.749450453461225630e-01
