# Regor 3A, 3B, 4A, 4B
498 590 592 483
498 589 593 484
498 590 592 483
497 587 593 484
497 588 593 483
497 587 591 482
497 587 590 481
497 591 590 481
498 590 590 481
497 587 589 480
497 587 589 480
497 587 591 482
497 588 590 480
496 584 591 481
496 588 590 480
496 589 589 479
496 589 589 480
496 586 589 481
496 586 590 486
495 585 581 472
496 585 576 466
495 585 578 468
496 586 586 476
495 585 592 487
496 587 583 474
495 585 578 468
495 585 586 476
494 584 583 474
495 586 580 470
494 585 583 474
495 584 583 474
495 585 584 475
495 585 583 474
495 583 583 475
494 584 583 473
494 585 583 474
495 586 584 475
493 583 583 473
494 585 582 473
493 584 582 473
494 585 582 474
494 585 580 471
493 583 580 471
493 582 580 472
493 582 586 482
494 582 585 480
493 583 578 470
493 584 560 451
493 583 572 463
493 582 579 470
492 582 578 469
492 583 577 469
493 584 578 470
492 582 576 469
492 581 576 468
492 582 577 469
493 582 578 470
493 582 577 469
493 583 577 468
493 583 576 468
492 583 575 468
491 581 576 468
490 579 575 468
489 579 574 467
490 581 574 467
492 581 573 467
492 582 572 466
491 580 572 465
490 579 573 467
491 580 573 466
490 579 575 467
491 580 575 467
490 580 573 467
489 577 575 467
489 578 572 465
489 579 572 465
489 580 571 465
488 576 570 464
490 579 568 462
489 579 568 462
489 577 570 464
490 578 568 462
489 579 569 463
489 578 569 463
489 578 569 463
487 576 568 462
488 576 568 462
486 576 568 462
486 576 568 462
487 575 566 461
488 576 565 459
488 577 566 460
488 576 566 460
488 576 564 459
488 576 565 459
488 577 566 460
486 575 567 462
486 574 564 459
486 574 565 459
485 574 565 460
485 573 565 459
483 571 563 458
483 571 563 458
486 574 561 456
486 575 562 457
485 572 560 455
486 574 561 456
486 574 562 457
485 573 565 460
483 570 561 456
484 572 560 455
483 572 560 456
482 570 560 455
480 568 558 454
480 569 558 454
483 572 558 454
484 571 558 454
483 570 556 452
482 570 557 452
484 572 555 452
484 571 556 453
482 570 557 453
483 570 558 454
483 571 557 453
481 569 558 453
479 566 557 453
479 567 556 452
478 566 555 452
479 567 555 451
480 567 553 450
481 568 552 449
481 568 553 450
481 567 553 450
477 564 550 448
480 567 552 449
480 568 554 451
480 566 553 450
477 564 552 449
477 564 552 449
477 564 551 448
476 564 551 448
476 563 551 448
478 565 549 447
479 566 548 446
478 565 548 446
478 564 547 445
479 565 547 445
479 565 547 445
478 564 549 446
476 562 548 445
477 563 547 445
476 563 548 446
475 562 547 445
473 560 545 443
473 559 545 443
474 560 547 445
474 560 543 443
475 561 541 440
475 561 544 443
477 563 543 442
476 562 542 441
474 560 541 440
474 560 543 441
474 560 542 441
473 558 544 443
471 556 540 438
471 556 542 440
471 557 541 441
468 553 541 441
468 552 540 440
470 556 538 437
472 558 535 435
471 556 538 437
471 556 537 437
473 558 534 435
472 558 537 436
471 555 539 438
469 553 538 437
471 556 537 436
468 553 537 437
466 550 537 437
464 548 535 435
463 547 536 435
464 548 536 436
465 549 532 434
468 552 528 430
468 552 530 432
468 553 532 432
468 553 530 432
468 553 531 432
468 553 533 434
466 551 532 433
464 548 531 432
463 547 531 432
464 548 530 431
463 547 530 431
461 545 529 431
460 543 527 429
461 545 528 431
464 547 526 429
464 547 523 427
464 548 524 427
465 549 524 427
465 549 523 427
465 549 523 427
463 547 524 427
463 547 524 427
462 545 524 428
459 542 525 429
457 540 524 427
457 540 523 427
457 539 522 426
454 537 522 426
455 538 520 424
459 543 518 423
459 542 519 424
457 540 520 424
459 542 519 423
460 543 517 423
461 544 518 423
456 539 519 424
455 538 518 423
455 538 519 423
454 537 518 424
451 534 518 423
451 534 516 421
451 534 514 420
450 533 514 420
449 532 513 420
451 534 511 418
454 537 510 417
453 537 512 419
451 534 512 419
453 536 508 416
454 537 510 418
453 536 513 420
449 532 511 418
449 531 509 416
449 531 510 417
448 530 490 406
447 529 471 395
445 527 535 433
444 525 545 440
443 524 548 442
445 526 544 439
447 529 543 438
447 529 543 438
446 528 546 440
448 530 543 438
449 532 542 437
449 532 543 437
448 530 544 439
445 526 543 438
444 525 544 438
444 525 550 450
442 523 544 457
439 519 537 456
438 518 535 454
439 518 535 454
438 518 535 455
439 519 536 454
443 524 536 453
442 524 539 456
442 523 507 450
441 522 510 449
445 527 542 450
444 525 550 449
441 521 554 452
439 520 555 452
439 519 555 452
438 518 557 454
435 513 557 454
431 508 554 452
432 510 578 474
432 510 586 483
430 507 581 481
434 513 570 472
436 515 585 484
437 517 585 484
459 537 584 483
462 539 585 483
460 513 585 483
457 506 585 484
463 534 585 484
466 541 585 484
469 548 585 483
469 551 585 484
442 525 585 484
412 498 585 484
392 480 584 483
347 437 584 483
296 385 583 483
303 393 585 484
304 393 584 483
284 370 583 482
025 037 583 482
074 102 583 482
395 522 584 483
352 481 583 482
328 455 583 482
374 506 584 482
417 549 583 482
448 574 583 482
472 586 583 482
480 582 583 483
482 578 582 482
479 572 584 482
478 566 583 482
473 574 582 481
465 569 582 481
467 570 582 481
468 571 581 480
472 574 582 481
474 574 582 481
474 573 582 481
474 574 581 480
475 575 581 480
474 575 582 481
473 573 582 481
471 570 582 481
471 571 581 480
471 571 582 481
470 569 582 481
469 568 581 480
469 568 582 481
468 568 582 480
467 566 581 480
468 567 580 480
470 569 581 480
470 570 579 479
471 571 579 479
471 570 580 479
472 572 579 478
472 572 578 478
472 571 577 478
471 569 579 478
470 569 581 479
470 569 580 479
469 569 580 479
467 566 580 479
466 564 580 479
466 565 581 479
467 566 578 478
465 563 580 478
464 562 580 478
464 564 578 478
466 563 577 477
468 566 577 477
468 566 578 477
467 567 578 478
467 565 578 477
468 566 575 475
469 567 577 477
468 566 578 477
467 564 579 478
465 562 577 477
464 562 576 476
464 562 577 477
464 561 578 477
462 559 577 476
463 560 577 477
461 558 576 476
460 555 576 476
460 556 576 476
461 560 576 476
462 560 574 475
462 558 574 475
464 561 575 475
464 561 576 476
464 561 575 475
466 562 575 475
465 561 575 475
464 561 576 476
464 560 575 476
462 559 576 475
462 558 574 474
461 558 576 475
459 555 575 475
459 554 574 474
459 555 575 475
458 555 574 474
457 553 574 474
456 551 574 474
457 552 574 474
458 554 574 474
459 554 572 473
460 556 572 473
461 557 573 474
461 558 573 473
460 556 571 472
460 556 571 472
461 557 572 473
460 556 573 473
460 557 572 473
457 551 572 473
458 553 571 472
457 552 570 472
457 552 571 472
456 550 571 472
454 549 572 472
452 547 571 472
452 546 571 472
451 545 570 471
452 547 570 471
455 549 565 468
456 550 567 468
455 549 567 469
456 551 569 471
456 551 569 471
456 551 568 470
458 553 568 470
457 552 568 470
457 552 568 470
455 549 569 470
453 547 567 470
452 546 567 469
452 546 567 469
452 546 567 469
450 543 567 469
447 541 568 470
447 541 567 470
446 539 565 468
445 538 566 468
445 538 565 468
447 541 564 468
448 541 563 467
450 543 563 466
450 544 563 466
449 544 563 467
449 542 564 468
449 542 564 467
452 545 563 467
450 544 563 467
450 543 562 466
447 540 547 457
445 539 559 460
446 539 560 461
445 537 562 465
444 536 563 467
443 536 562 466
443 536 563 466
440 532 562 466
440 531 562 466
438 530 561 465
438 529 557 463
438 528 551 460
440 532 558 462
442 534 555 458
444 537 555 458
441 533 556 462
442 534 543 454
443 536 556 460
444 537 552 457
444 535 553 460
444 536 554 458
443 535 555 458
441 533 558 462
439 530 559 464
441 533 558 463
439 531 557 462
436 525 555 461
438 529 558 463
434 523 556 461
434 524 555 460
434 523 555 461
434 523 555 461
432 521 554 461
432 521 545 455
432 520 552 458
436 526 550 457
437 527 551 458
436 526 547 452
438 528 548 452
436 526 552 459
439 530 546 456
439 530 547 451
438 528 548 454
437 528 551 457
438 529 552 459
434 523 552 459
432 520 554 459
432 521 552 458
433 522 550 456
431 520 549 456
429 516 552 458
430 517 551 458
427 514 550 457
422 508 549 456
425 512 549 456
423 509 548 455
424 510 547 455
424 509 549 456
425 512 547 455
429 516 546 454
431 518 532 446
430 517 545 453
429 516 543 451
430 518 545 454
432 520 544 451
430 517 534 439
432 520 543 452
431 519 543 451
429 516 545 452
427 514 546 454
424 510 547 454
424 510 540 452
424 510 541 451
422 506 539 445
422 506 542 447
419 504 542 450
418 503 545 452
419 503 543 451
418 502 542 450
415 499 541 450
415 498 542 450
416 500 540 449
415 499 538 448
421 506 539 448
420 505 536 446
421 507 540 448
422 507 538 447
422 508 539 448
422 507 540 449
422 507 538 447
423 508 537 446
424 510 537 446
423 508 538 448
419 504 539 448
418 502 538 447
417 501 539 448
416 499 538 447
415 498 536 446
414 497 535 445
414 497 536 446
410 492 538 447
409 491 538 447
409 491 538 447
407 489 535 445
406 487 533 444
403 484 534 444
404 484 534 445
407 489 532 443
407 488 532 443
411 494 530 441
413 496 529 441
411 494 530 441
412 494 531 442
411 493 530 442
413 496 531 442
414 498 529 441
414 497 529 441
415 498 529 440
414 498 530 442
412 495 531 442
408 489 531 442
406 486 531 442
408 490 531 441
406 486 528 440
405 485 527 439
405 485 527 439
403 483 528 440
400 479 528 440
399 477 527 439
398 475 526 439
398 477 525 438
396 473 525 438
395 471 525 437
395 471 525 438
396 473 526 438
397 474 523 436
400 478 521 435
402 481 520 434
402 481 521 435
403 482 520 434
402 481 521 435
402 480 521 435
401 480 521 435
402 481 518 433
403 483 518 433
404 484 518 433
403 482 519 434
400 478 520 434
398 476 522 435
397 474 520 434
395 471 520 434
394 470 518 432
394 471 515 431
394 470 516 432
389 464 518 433
389 463 518 432
387 461 518 433
388 462 517 432
385 459 515 430
384 458 513 429
382 455 514 429
380 453 513 429
379 452 514 430
381 454 513 429
384 457 511 428
386 460 510 427
388 463 509 426
389 464 509 426
387 462 509 426
388 464 510 427
388 463 511 428
386 460 511 427
388 463 508 426
390 466 507 425
391 467 507 424
389 465 507 425
389 465 508 426
386 461 508 426
384 457 508 425
383 457 508 425
382 455 508 425
380 452 505 424
377 449 505 423
376 447 504 423
377 449 505 424
375 445 506 424
372 443 505 423
371 441 505 423
371 441 506 424
370 439 502 422
368 436 502 421
366 434 501 420
365 433 502 420
364 431 501 420
365 433 501 420
367 436 500 419
369 439 498 419
371 441 497 418
373 444 496 417
373 444 496 418
373 444 496 418
371 441 497 418
372 442 497 418
372 442 499 420
375 446 496 418
372 443 494 416
373 443 492 415
375 446 492 415
373 443 494 416
370 440 503 421
369 438 543 449
370 439 551 462
367 435 528 461
363 430 551 459
363 430 547 450
363 430 546 450
362 428 546 449
360 426 545 449
359 424 547 450
358 423 548 451
356 421 548 453
354 418 550 456
353 417 549 456
354 418 542 452
353 417 536 447
350 414 545 453
350 414 546 452
348 411 542 445
350 413 537 441
350 414 547 452
415 494 545 451
432 513 544 451
442 522 544 450
446 522 544 450
450 520 545 451
453 519 544 451
451 520 543 450
451 522 544 450
451 523 544 451
441 515 543 450
457 530 543 450
463 542 541 448
459 549 541 448
450 552 542 449
450 551 542 449
450 552 542 449
451 554 543 450
450 554 543 450
450 554 542 449
449 554 542 449
449 554 542 449
450 554 540 447
451 554 539 446
450 554 539 446
448 554 539 447
449 554 539 447
450 555 540 447
449 555 541 448
449 556 540 448
449 555 539 447
450 555 537 445
450 555 537 445
448 554 537 445
448 554 538 446
450 556 537 445
449 555 537 445
448 555 537 445
449 554 537 445
450 554 536 444
449 554 534 443
447 553 532 442
449 553 532 442
451 554 532 442
448 552 532 442
448 551 533 443
449 552 533 443
449 552 533 442
448 552 533 443
447 552 532 442
449 551 530 440
449 551 530 440
449 553 531 441
449 552 530 440
448 550 530 440
449 551 530 440
448 551 531 440
448 552 531 441
448 552 531 441
449 553 532 441
448 553 532 441
447 551 530 440
449 551 529 439
448 551 529 439
447 551 528 438
447 552 528 438
447 551 529 439
446 551 528 438
446 551 530 439
446 550 528 438
446 550 528 437
444 550 527 437
444 550 527 437
446 550 526 437
446 551 525 436
446 551 525 436
444 551 525 436
444 549 525 436
445 549 525 436
445 551 524 435
445 550 524 435
445 549 524 436
444 549 523 434
445 549 520 432
445 548 519 432
447 549 519 432
446 549 518 431
445 549 519 431
445 549 519 432
446 548 520 432
444 547 520 432
444 549 519 431
444 548 520 432
446 548 519 432
444 547 517 430
445 548 515 429
444 547 515 428
445 546 514 428
445 547 515 429
445 548 515 429
445 548 516 429
445 547 517 429
444 547 517 430
443 546 516 429
443 546 518 431
443 546 517 430
443 547 516 429
442 546 516 430
443 546 515 429
443 546 513 427
441 546 513 427
442 546 513 427
441 546 512 426
442 546 512 426
440 546 512 427
440 546 514 428
440 544 513 427
441 545 513 427
439 544 513 427
439 546 513 426
440 545 511 425
439 543 511 425
438 543 511 425
438 544 508 423
437 543 508 423
438 542 506 421
435 541 508 422
436 541 508 423
437 541 507 422
436 541 508 423
435 541 508 423
435 541 507 422
438 542 506 421
437 541 506 421
436 541 504 420
437 542 503 420
438 542 500 417
438 542 501 417
437 541 501 418
438 541 499 417
438 541 502 418
438 541 502 418
438 541 501 418
438 540 501 418
438 541 500 417
438 541 502 418
436 540 501 417
438 540 501 417
438 540 498 415
438 541 499 416
437 540 498 416
438 541 496 414
439 541 497 415
437 540 497 415
437 540 496 414
438 539 497 414
437 540 498 415
435 539 497 414
435 538 497 414
436 538 498 415
435 538 497 415
434 539 498 415
435 539 498 415
436 537 498 416
434 537 497 414
434 538 495 412
433 537 493 412
435 537 493 411
433 536 492 411
433 537 491 410
433 536 491 410
434 535 492 411
433 535 492 412
431 535 492 412
432 535 493 412
432 535 492 410
431 534 492 411
430 535 491 411
430 534 492 411
431 534 489 409
430 534 489 409
430 534 489 409
430 533 488 408
430 532 486 406
429 532 487 407
428 532 487 408
428 531 485 406
428 531 484 406
428 531 485 406
426 529 485 406
427 529 485 406
427 530 485 406
426 530 484 405
427 530 483 405
427 530 483 405
427 529 483 405
427 531 483 405
428 530 480 403
429 530 479 402
428 530 479 402
428 531 478 402
429 531 478 401
429 530 478 401
429 531 477 400
429 531 476 400
429 530 477 401
430 531 475 399
428 530 476 399
428 531 476 400
429 531 476 400
429 530 475 399
428 530 477 400
427 529 476 400
428 529 475 399
427 528 475 398
427 529 475 399
427 529 473 398
428 528 473 398
427 528 472 397
427 529 471 397
427 529 470 396
427 528 471 396
428 529 470 395
427 529 469 395
427 527 468 395
429 528 469 395
426 527 470 396
425 527 467 394
426 527 468 395
427 527 469 395
426 527 469 395
424 526 469 395
425 526 469 395
425 525 469 395
423 524 469 395
423 525 470 396
423 524 470 396
423 523 468 394
422 523 467 394
421 522 467 393
423 524 467 393
423 523 466 392
422 523 464 392
420 521 464 392
421 522 463 391
420 521 464 392
420 521 461 390
419 522 460 389
421 521 460 390
420 520 460 389
420 521 461 390
419 520 461 390
419 519 460 388
418 518 460 389
417 518 461 390
418 519 461 390
418 518 459 388
418 518 458 388
417 517 457 386
417 517 459 388
416 515 458 387
417 516 458 387
417 517 458 388
417 516 458 388
418 518 457 386
416 517 457 386
415 516 456 385
415 514 456 386
417 516 453 384
413 513 454 384
412 511 454 384
414 512 452 383
415 514 451 382
413 513 450 381
414 513 449 381
413 512 449 381
413 510 450 381
413 512 449 381
412 510 448 380
412 510 447 379
412 511 447 379
410 510 446 378
410 509 447 378
411 509 445 377
411 509 445 377
409 508 446 378
409 507 446 378
410 507 445 377
409 507 444 376
409 507 443 376
409 508 444 377
408 506 441 375
409 508 441 375
410 509 441 375
410 507 442 375
409 506 440 373
408 505 441 374
408 506 439 373
409 506 441 374
409 505 441 374
409 506 438 372
409 506 444 379
408 505 449 387
409 506 449 389
409 506 457 394
409 507 498 420
410 507 520 437
410 507 522 443
410 507 513 441
410 507 519 443
410 506 524 445
410 506 529 447
409 506 529 446
410 507 529 443
410 506 532 445
409 505 531 445
412 504 531 445
415 500 530 444
411 487 529 444
406 503 530 444
387 498 529 443
409 515 530 444
415 515 529 443
402 462 529 443
393 449 529 444
410 488 530 444
410 512 530 443
405 514 529 443
405 514 530 444
406 515 529 443
408 515 529 443
405 514 529 443
403 513 529 443
404 513 529 443
404 512 529 444
404 512 528 442
405 514 529 443
404 511 529 443
406 513 528 442
403 512 528 442
403 511 528 442
405 511 529 443
405 512 528 442
403 511 527 441
404 512 528 441
403 510 527 441
404 510 527 441
402 510 527 441
401 509 527 441
405 512 527 441
404 511 526 440
402 510 526 440
402 509 526 439
403 510 526 440
402 509 527 441
401 508 526 440
401 508 527 440
403 509 525 439
402 509 527 440
400 508 525 438
401 508 526 439
402 509 526 439
402 509 525 438
401 510 526 439
401 508 525 439
402 508 526 439
401 507 526 438
400 507 525 438
400 507 525 437
402 508 524 437
399 506 525 437
398 505 525 437
399 506 524 436
402 507 524 437
400 506 524 437
399 506 524 437
401 507 524 437
400 506 525 437
398 504 524 436
398 505 523 435
400 505 523 436
399 505 523 436
398 505 523 436
397 504 523 436
399 505 523 436
398 504 522 435
395 503 522 435
396 503 522 435
399 505 524 436
397 503 523 436
396 503 523 436
395 502 523 436
397 503 522 435
397 503 522 435
395 502 522 435
396 503 523 436
397 503 521 434
395 501 521 434
394 501 521 434
395 501 522 435
396 501 520 433
395 501 521 434
394 500 520 433
395 501 520 433
397 501 520 433
395 501 519 432
394 500 518 432
393 499 518 432
396 500 519 432
394 499 519 432
392 497 518 431
393 497 517 431
395 499 519 432
393 498 519 432
393 498 520 434
393 498 519 432
393 498 519 432
392 498 519 432
392 497 519 432
393 497 519 432
392 496 519 432
390 495 519 432
391 496 519 432
393 497 518 431
391 496 517 430
391 496 517 431
391 496 518 431
392 496 517 431
391 496 517 431
390 495 517 430
390 495 518 431
392 496 518 431
390 494 517 431
389 494 516 430
390 493 516 430
390 494 516 430
388 493 515 429
387 493 517 430
390 495 517 430
389 494 517 430
388 492 516 429
388 493 513 427
389 493 513 427
389 493 514 428
386 490 512 427
387 492 512 427
389 493 513 427
386 490 513 427
384 490 513 427
385 490 512 427
387 490 512 426
389 492 511 425
386 490 511 425
387 491 510 425
387 491 511 425
386 491 509 424
386 490 509 424
386 490 509 424
388 491 512 426
387 491 514 428
385 489 512 427
387 491 512 427
387 491 513 427
385 490 513 427
384 489 512 426
383 487 512 426
385 488 511 425
384 488 512 426
384 488 512 426
385 488 511 426
385 488 512 426
383 487 511 425
383 488 512 426
385 488 511 426
384 487 511 425
382 486 511 426
380 485 510 425
383 485 511 426
383 486 511 425
382 486 511 425
382 485 511 426
381 483 511 426
380 483 510 425
378 482 511 425
379 483 510 425
379 481 511 425
379 481 511 425
377 480 512 426
376 480 511 425
378 480 511 425
378 481 510 424
377 480 512 426
376 479 512 426
376 479 510 424
378 480 510 424
379 482 510 424
378 481 510 424
378 480 511 425
376 478 509 424
373 475 509 424
375 477 508 423
376 478 509 424
376 478 509 423
374 477 508 423
373 475 508 423
375 477 509 423
374 476 508 423
370 473 508 422
369 471 509 423
369 471 507 422
368 470 506 422
365 467 507 422
366 466 508 422
365 466 506 422
362 463 506 422
360 462 508 423
367 467 507 422
375 476 508 423
373 474 507 422
373 475 508 423
378 479 507 423
379 481 508 423
377 479 507 423
377 479 506 421
377 478 506 422
378 479 506 421
379 481 506 421
378 480 506 421
378 479 506 422
379 480 506 421
378 481 506 421
378 480 504 420
378 478 504 420
376 477 505 420
373 474 504 420
372 473 504 419
372 472 504 420
368 469 502 418
367 468 504 420
369 469 504 420
368 468 503 419
365 466 504 420
363 464 504 420
362 461 504 420
361 460 504 420
368 468 505 421
372 474 504 420
396 480 503 420
395 492 503 419
373 474 504 420
367 467 504 420
366 465 503 419
364 463 503 420
365 466 503 419
368 468 502 418
368 468 502 419
369 468 501 418
369 469 501 418
370 470 501 418
371 471 500 417
370 470 499 416
367 468 499 417
369 469 499 417
371 471 498 416
367 467 497 415
365 465 498 416
368 467 498 416
370 469 498 416
366 466 498 416
366 466 499 417
365 464 499 417
366 465 498 416
365 464 499 417
364 463 498 416
367 467 497 415
366 465 499 417
365 464 497 416
362 462 498 417
363 462 497 416
366 465 496 415
363 462 496 415
364 463 496 415
363 461 497 416
364 463 495 415
363 462 495 415
363 461 495 415
363 462 495 415
364 463 495 415
362 461 495 415
359 457 494 414
356 453 493 414
355 453 495 415
358 457 495 415
357 455 495 415
354 451 494 415
351 448 494 415
350 448 493 414
349 447 494 415
348 444 493 414
345 442 493 414
347 444 493 414
360 457 491 413
370 467 492 414
386 484 493 414
361 461 491 414
353 450 490 413
350 447 493 415
348 445 493 415
349 446 491 414
350 447 491 413
351 447 491 414
351 449 493 415
351 449 492 415
353 449 490 413
353 450 490 413
357 455 489 412
376 472 490 414
388 475 488 412
391 471 487 411
389 463 488 412
396 476 488 412
397 478 489 413
398 476 488 413
400 474 493 417
394 469 524 446
387 467 492 416
410 472 490 414
414 474 490 414
415 469 487 412
414 467 488 413
416 469 489 413
416 469 488 413
416 469 486 412
415 464 486 412
411 458 484 410
408 455 484 410
407 455 485 411
404 453 485 411
406 454 483 410
405 454 484 410
405 455 483 409
406 456 482 409
408 459 483 409
404 454 484 410
403 454 482 410
403 454 483 410
406 457 484 411
404 455 481 409
405 455 480 408
405 457 482 409
406 457 480 408
406 457 479 407
405 456 482 409
405 457 479 407
406 458 478 407
406 458 477 406
404 456 474 404
403 456 471 399
404 457 478 408
404 457 471 405
404 457 486 416
405 459 497 426
405 459 478 421
405 459 496 428
404 458 498 429
405 458 499 428
406 460 499 427
404 457 497 426
404 458 498 426
406 462 498 427
405 460 498 427
402 455 498 428
404 457 497 427
404 458 496 425
403 457 496 425
403 457 496 426
404 457 494 423
403 457 496 425
402 456 497 426
402 455 497 426
403 456 497 425
404 457 497 426
403 458 497 425
401 454 496 425
404 456 496 425
403 456 495 424
402 455 495 424
401 454 495 424
402 454 496 425
402 454 494 423
401 454 496 424
402 454 496 424
402 453 495 423
402 454 494 422
400 452 495 423
402 453 494 422
401 453 494 422
401 453 495 423
400 453 495 423
402 455 495 423
403 456 495 423
402 455 493 421
399 453 493 421
402 455 493 422
402 456 493 421
401 454 493 421
402 456 490 419
400 454 492 420
402 457 489 418
400 455 492 420
399 455 491 420
400 456 492 420
400 457 492 421
399 457 491 420
400 458 491 420
400 458 491 420
400 458 491 420
399 458 491 420
399 457 490 419
399 458 490 419
400 457 490 419
398 455 491 420
398 456 493 421
399 458 490 419
400 458 491 420
399 457 491 420
398 455 491 419
