# realtime, hour, min, alt, baseline, rate, SC
44668.419444445 22 04 10.06 46.93 102.85 0.81
44668.420138890 22 05 10.27 47.24 105.90 0.80
44668.420833334 22 06 10.48 47.55 108.94 0.80
44668.421527778 22 07 10.69 47.86 111.99 0.80
44668.422222223 22 08 10.90 48.18 115.04 0.80
44668.422916667 22 09 11.11 48.49 118.04 0.79
44668.423611112 22 10 11.32 48.80 121.00 0.79
44668.424305556 22 11 11.53 49.12 123.96 0.79
44668.425000001 22 12 11.74 49.43 126.92 0.79
44668.425694445 22 13 11.95 49.75 129.89 0.78
44668.426388890 22 14 12.16 50.07 132.63 0.78
44668.427083334 22 15 12.38 50.38 135.31 0.78
44668.427777778 22 16 12.59 50.70 137.99 0.78
44668.428472223 22 17 12.80 51.02 140.67 0.77
44668.429166667 22 18 13.01 51.34 143.35 0.77
44668.429861112 22 19 13.22 51.66 145.94 0.77
44668.430555556 22 20 13.43 51.98 148.54 0.77
44668.431250001 22 21 13.64 52.30 151.13 0.76
44668.431944445 22 22 13.86 52.63 153.72 0.76
44668.432638890 22 23 14.07 52.95 156.26 0.76
44668.433333334 22 24 14.28 53.27 158.66 0.76
44668.434027779 22 25 14.49 53.59 161.07 0.75
44668.434722223 22 26 14.71 53.92 163.48 0.75
44668.435416667 22 27 14.92 54.24 165.89 0.75
44668.436111112 22 28 15.13 54.57 168.18 0.75
44668.436805556 22 29 15.34 54.89 170.40 0.74
44668.437500001 22 30 15.56 55.21 172.62 0.74
44668.438194445 22 31 15.77 55.54 174.84 0.74
44668.438888890 22 32 15.98 55.86 177.06 0.73
44668.439583334 22 33 16.20 56.19 179.11 0.73
44668.440277779 22 34 16.41 56.52 181.14 0.73
44668.440972223 22 35 16.62 56.84 183.17 0.73
44668.441666667 22 36 16.84 57.17 185.20 0.72
44668.442361112 22 37 17.05 57.49 187.24 0.72
44668.443055556 22 38 17.27 57.82 189.28 0.72
44668.443750001 22 39 17.48 58.14 191.31 0.72
44668.444444445 22 40 17.69 58.47 193.35 0.71
44668.445138890 22 41 17.91 58.80 195.39 0.71
44668.445833334 22 42 18.12 59.12 197.26 0.71
44668.446527779 22 43 18.34 59.45 199.01 0.70
44668.447222223 22 44 18.55 59.78 200.76 0.70
44668.447916667 22 45 18.77 60.10 202.51 0.70
44668.448611112 22 46 18.98 60.43 204.26 0.70
44668.449305556 22 47 19.19 60.75 206.02 0.69
44668.450000001 22 48 19.41 61.08 207.77 0.69
44668.450694445 22 49 19.62 61.40 209.52 0.69
44668.451388890 22 50 19.84 61.73 211.28 0.68
44668.452083334 22 51 20.06 62.06 212.99 0.68
44668.452777779 22 52 20.27 62.38 214.55 0.68
44668.453472223 22 53 20.49 62.71 216.11 0.68
44668.454166667 22 54 20.70 63.03 217.67 0.67
44668.454861112 22 55 20.92 63.36 219.24 0.67
44668.455555556 22 56 21.13 63.68 220.80 0.67
44668.456250001 22 57 21.35 64.01 222.37 0.67
44668.456944445 22 58 21.56 64.33 223.93 0.66
44668.457638890 22 59 21.78 64.65 225.50 0.66
44668.458333334 23 00 22.00 64.98 227.06 0.66
44668.459027779 23 01 22.21 65.30 228.44 0.65
44668.459722223 23 02 22.43 65.62 229.81 0.65
44668.460416667 23 03 22.65 65.95 231.19 0.65
44668.461111112 23 04 22.86 66.27 232.56 0.65
44668.461805556 23 05 23.08 66.59 233.93 0.64
44668.462500001 23 06 23.29 66.91 235.31 0.64
44668.463194445 23 07 23.51 67.23 236.68 0.64
44668.463888890 23 08 23.73 67.55 238.06 0.63
44668.464583334 23 09 23.95 67.87 239.43 0.63
44668.465277779 23 10 24.16 68.19 240.74 0.63
44668.465972223 23 11 24.38 68.51 242.02 0.63
44668.466666668 23 12 24.60 68.83 243.30 0.62
44668.467361112 23 13 24.81 69.15 244.58 0.62
44668.468055556 23 14 25.03 69.47 245.84 0.62
44668.468750001 23 15 25.25 69.79 247.03 0.61
44668.469444445 23 16 25.47 70.10 248.21 0.61
44668.470138890 23 17 25.68 70.42 249.39 0.61
44668.470833334 23 18 25.90 70.74 250.58 0.61
44668.471527779 23 19 26.12 71.05 251.71 0.60
44668.472222223 23 20 26.34 71.37 252.79 0.60
44668.472916668 23 21 26.55 71.68 253.88 0.60
44668.473611112 23 22 26.77 72.00 254.97 0.59
44668.474305556 23 23 26.99 72.31 256.05 0.59
44668.475000001 23 24 27.21 72.62 257.14 0.59
44668.475694445 23 25 27.43 72.94 258.23 0.59
44668.476388890 23 26 27.65 73.25 259.32 0.58
44668.477083334 23 27 27.86 73.56 260.41 0.58
44668.477777779 23 28 28.08 73.87 261.46 0.58
44668.478472223 23 29 28.30 74.18 262.45 0.57
44668.479166668 23 30 28.52 74.49 263.44 0.57
44668.479861112 23 31 28.74 74.80 264.43 0.57
44668.480555556 23 32 28.96 75.11 265.42 0.57
44668.481250001 23 33 29.18 75.42 266.41 0.56
44668.481944445 23 34 29.39 75.72 267.41 0.56
44668.482638890 23 35 29.61 76.03 268.40 0.56
44668.483333334 23 36 29.83 76.33 269.39 0.55
44668.484027779 23 37 30.05 76.64 270.36 0.55
44668.484722223 23 38 30.27 76.94 271.26 0.55
44668.485416668 23 39 30.49 77.25 272.15 0.55
44668.486111112 23 40 30.71 77.55 273.05 0.54
44668.486805556 23 41 30.93 77.85 273.94 0.54
44668.487500001 23 42 31.15 78.15 274.77 0.54
44668.488194445 23 43 31.37 78.45 275.56 0.54
44668.488888890 23 44 31.59 78.75 276.36 0.53
44668.489583334 23 45 31.81 79.05 277.16 0.53
44668.490277779 23 46 32.03 79.35 277.97 0.53
44668.490972223 23 47 32.25 79.65 278.86 0.52
44668.491666668 23 48 32.47 79.94 279.76 0.52
44668.492361112 23 49 32.69 80.24 280.66 0.52
44668.493055556 23 50 32.91 80.54 281.56 0.52
44668.493750001 23 51 33.13 80.83 282.34 0.51
44668.494444445 23 52 33.35 81.12 283.04 0.51
44668.495138890 23 53 33.57 81.42 283.74 0.51
44668.495833334 23 54 33.79 81.71 284.43 0.51
44668.496527779 23 55 34.01 82.00 285.14 0.50
44668.497222223 23 56 34.23 82.29 285.94 0.50
44668.497916668 23 57 34.45 82.58 286.74 0.50
44668.498611112 23 58 34.67 82.87 287.54 0.50
44668.499305557 23 59 34.89 83.15 288.34 0.49
44668.500000001 00 00 35.11 83.44 289.09 0.49
44668.500694445 00 01 35.33 83.73 289.79 0.49
44668.501388890 00 02 35.55 84.01 290.49 0.49
44668.502083334 00 03 35.77 84.30 291.19 0.48
44668.502777779 00 04 35.99 84.58 291.89 0.48
44668.503472223 00 05 36.21 84.86 292.49 0.48
44668.504166668 00 06 36.43 85.14 293.09 0.48
44668.504861112 00 07 36.66 85.43 293.69 0.47
44668.505555557 00 08 36.88 85.70 294.30 0.47
44668.506250001 00 09 37.10 85.98 294.94 0.47
44668.506944445 00 10 37.32 86.26 295.64 0.47
44668.507638890 00 11 37.54 86.54 296.35 0.46
44668.508333334 00 12 37.76 86.81 297.05 0.46
44668.509027779 00 13 37.98 87.09 297.75 0.46
44668.509722223 00 14 38.20 87.36 298.36 0.46
44668.510416668 00 15 38.43 87.64 298.96 0.45
44668.511111112 00 16 38.65 87.91 299.57 0.45
44668.511805557 00 17 38.87 88.18 300.17 0.45
44668.512500001 00 18 39.09 88.45 300.73 0.45
44668.513194445 00 19 39.31 88.72 301.23 0.44
44668.513888890 00 20 39.53 88.99 301.73 0.44
44668.514583334 00 21 39.76 89.26 302.24 0.44
44668.515277779 00 22 39.98 89.52 302.74 0.44
44668.515972223 00 23 40.20 89.79 303.33 0.43
44668.516666668 00 24 40.42 90.05 303.94 0.43
44668.517361112 00 25 40.64 90.32 304.54 0.43
44668.518055557 00 26 40.87 90.58 305.15 0.43
44668.518750001 00 27 41.09 90.84 305.71 0.43
44668.519444445 00 28 41.31 91.10 306.21 0.42
44668.520138890 00 29 41.53 91.36 306.72 0.42
44668.520833334 00 30 41.76 91.62 307.22 0.42
44668.521527779 00 31 41.98 91.88 307.72 0.42
44668.522222223 00 32 42.20 92.13 308.23 0.41
44668.522916668 00 33 42.42 92.39 308.73 0.41
44668.523611112 00 34 42.64 92.64 309.24 0.41
44668.524305557 00 35 42.87 92.89 309.74 0.41
44668.525000001 00 36 43.09 93.15 310.24 0.41
44668.525694445 00 37 43.31 93.40 310.75 0.40
44668.526388890 00 38 43.54 93.65 311.25 0.40
44668.527083334 00 39 43.76 93.90 311.76 0.40
44668.527777779 00 40 43.98 94.14 312.26 0.40
44668.528472223 00 41 44.20 94.39 312.68 0.40
44668.529166668 00 42 44.43 94.64 313.08 0.39
44668.529861112 00 43 44.65 94.88 313.48 0.39
44668.530555557 00 44 44.87 95.13 313.89 0.39
44668.531250001 00 45 45.09 95.37 314.34 0.39
44668.531944446 00 46 45.32 95.61 314.84 0.38
44668.532638890 00 47 45.54 95.85 315.35 0.38
44668.533333334 00 48 45.76 96.09 315.85 0.38
44668.534027779 00 49 45.99 96.33 316.36 0.38
44668.534722223 00 50 46.21 96.56 316.77 0.38
44668.535416668 00 51 46.43 96.80 317.17 0.37
44668.536111112 00 52 46.66 97.04 317.58 0.37
44668.536805557 00 53 46.88 97.27 317.98 0.37
44668.537500001 00 54 47.10 97.50 318.39 0.37
44668.538194446 00 55 47.33 97.73 318.79 0.37
44668.538888890 00 56 47.55 97.96 319.20 0.37
44668.539583334 00 57 47.77 98.19 319.60 0.36
44668.540277779 00 58 48.00 98.42 320.01 0.36
44668.540972223 00 59 48.22 98.65 320.41 0.36
44668.541666668 01 00 48.44 98.87 320.82 0.36
44668.542361112 01 01 48.67 99.10 321.22 0.36
44668.543055557 01 02 48.89 99.32 321.63 0.35
44668.543750001 01 03 49.11 99.54 321.98 0.35
44668.544444446 01 04 49.34 99.77 322.29 0.35
44668.545138890 01 05 49.56 99.99 322.59 0.35
44668.545833334 01 06 49.79 100.20 322.89 0.35
44668.546527779 01 07 50.01 100.42 323.20 0.35
44668.547222223 01 08 50.23 100.64 323.61 0.34
44668.547916668 01 09 50.46 100.85 324.01 0.34
44668.548611112 01 10 50.68 101.07 324.42 0.34
44668.549305557 01 11 50.90 101.28 324.83 0.34
44668.550000001 01 12 51.13 101.49 325.17 0.34
44668.550694446 01 13 51.35 101.70 325.48 0.33
44668.551388890 01 14 51.58 101.91 325.78 0.33
44668.552083334 01 15 51.80 102.12 326.09 0.33
44668.552777779 01 16 52.02 102.33 326.39 0.33
44668.553472223 01 17 52.25 102.54 326.70 0.33
44668.554166668 01 18 52.47 102.74 327.00 0.33
44668.554861112 01 19 52.70 102.94 327.31 0.32
44668.555555557 01 20 52.92 103.15 327.61 0.32
44668.556250001 01 21 53.14 103.35 327.92 0.32
44668.556944446 01 22 53.37 103.55 328.22 0.32
44668.557638890 01 23 53.59 103.75 328.53 0.32
44668.558333334 01 24 53.82 103.95 328.83 0.32
44668.559027779 01 25 54.04 104.14 329.14 0.32
44668.559722223 01 26 54.27 104.34 329.44 0.31
44668.560416668 01 27 54.49 104.53 329.75 0.31
44668.561111112 01 28 54.71 104.73 330.05 0.31
44668.561805557 01 29 54.94 104.92 330.36 0.31
44668.562500001 01 30 55.16 105.11 330.66 0.31
44668.563194446 01 31 55.39 105.30 330.97 0.31
44668.563888890 01 32 55.61 105.49 331.27 0.30
44668.564583334 01 33 55.84 105.67 331.58 0.30
44668.565277779 01 34 56.06 105.86 331.85 0.30
44668.565972223 01 35 56.29 106.04 332.06 0.30
44668.566666668 01 36 56.51 106.23 332.26 0.30
44668.567361112 01 37 56.74 106.41 332.47 0.30
44668.568055557 01 38 56.96 106.59 332.67 0.30
44668.568750001 01 39 57.18 106.77 332.96 0.30
44668.569444446 01 40 57.41 106.95 333.26 0.29
44668.570138890 01 41 57.63 107.12 333.57 0.29
44668.570833335 01 42 57.86 107.30 333.87 0.29
44668.571527779 01 43 58.08 107.48 334.14 0.29
44668.572222223 01 44 58.31 107.65 334.34 0.29
44668.572916668 01 45 58.53 107.82 334.55 0.29
44668.573611112 01 46 58.76 107.99 334.75 0.29
44668.574305557 01 47 58.98 108.16 334.95 0.28
44668.575000001 01 48 59.21 108.33 335.25 0.28
44668.575694446 01 49 59.43 108.50 335.56 0.28
44668.576388890 01 50 59.66 108.67 335.86 0.28
44668.577083335 01 51 59.88 108.83 336.17 0.28
44668.577777779 01 52 60.11 108.99 336.43 0.28
44668.578472223 01 53 60.33 109.16 336.63 0.28
44668.579166668 01 54 60.55 109.32 336.83 0.28
44668.579861112 01 55 60.78 109.48 337.04 0.27
44668.580555557 01 56 61.00 109.64 337.24 0.27
44668.581250001 01 57 61.23 109.79 337.45 0.27
44668.581944446 01 58 61.45 109.95 337.65 0.27
44668.582638890 01 59 61.68 110.11 337.85 0.27
44668.583333335 02 00 61.90 110.26 338.06 0.27
44668.584027779 02 01 62.13 110.41 338.26 0.27
44668.584722223 02 02 62.35 110.56 338.46 0.27
44668.585416668 02 03 62.58 110.72 338.67 0.27
44668.586111112 02 04 62.80 110.86 338.87 0.26
44668.586805557 02 05 63.03 111.01 339.08 0.26
44668.587500001 02 06 63.25 111.16 339.28 0.26
44668.588194446 02 07 63.48 111.30 339.48 0.26
44668.588888890 02 08 63.70 111.45 339.69 0.26
44668.589583335 02 09 63.93 111.59 339.89 0.26
44668.590277779 02 10 64.15 111.73 340.03 0.26
44668.590972223 02 11 64.38 111.87 340.13 0.26
44668.591666668 02 12 64.60 112.01 340.23 0.26
44668.592361112 02 13 64.83 112.15 340.33 0.26
44668.593055557 02 14 65.05 112.29 340.46 0.25
44668.593750001 02 15 65.28 112.42 340.66 0.25
44668.594444446 02 16 65.50 112.56 340.87 0.25
44668.595138890 02 17 65.73 112.69 341.07 0.25
44668.595833335 02 18 65.95 112.82 341.27 0.25
44668.596527779 02 19 66.18 112.95 341.48 0.25
44668.597222223 02 20 66.40 113.08 341.68 0.25
44668.597916668 02 21 66.63 113.21 341.88 0.25
44668.598611112 02 22 66.85 113.34 342.09 0.25
44668.599305557 02 23 67.07 113.46 342.26 0.25
44668.600000001 02 24 67.30 113.59 342.36 0.25
44668.600694446 02 25 67.52 113.71 342.46 0.24
44668.601388890 02 26 67.75 113.83 342.56 0.24
44668.602083335 02 27 67.97 113.95 342.67 0.24
44668.602777779 02 28 68.20 114.07 342.86 0.24
44668.603472224 02 29 68.42 114.19 343.06 0.24
44668.604166668 02 30 68.65 114.31 343.26 0.24
44668.604861112 02 31 68.87 114.42 343.47 0.24
44668.605555557 02 32 69.10 114.54 343.63 0.24
44668.606250001 02 33 69.32 114.65 343.73 0.24
44668.606944446 02 34 69.54 114.76 343.83 0.24
44668.607638890 02 35 69.77 114.88 343.93 0.24
44668.608333335 02 36 69.99 114.99 344.03 0.24
44668.609027779 02 37 70.22 115.09 344.14 0.23
44668.609722224 02 38 70.44 115.20 344.24 0.23
44668.610416668 02 39 70.67 115.31 344.34 0.23
44668.611111112 02 40 70.89 115.41 344.44 0.23
44668.611805557 02 41 71.12 115.52 344.59 0.23
44668.612500001 02 42 71.34 115.62 344.80 0.23
44668.613194446 02 43 71.56 115.72 345.00 0.23
44668.613888890 02 44 71.79 115.82 345.20 0.23
44668.614583335 02 45 72.01 115.92 345.40 0.23
44668.615277779 02 46 72.24 116.02 345.50 0.23
44668.615972224 02 47 72.46 116.11 345.61 0.23
44668.616666668 02 48 72.68 116.21 345.71 0.23
44668.617361112 02 49 72.91 116.30 345.81 0.23
44668.618055557 02 50 73.13 116.40 345.91 0.23
44668.618750001 02 51 73.35 116.49 346.01 0.23
44668.619444446 02 52 73.58 116.58 346.11 0.22
44668.620138890 02 53 73.80 116.67 346.21 0.22
44668.620833335 02 54 74.02 116.76 346.31 0.22
44668.621527779 02 55 74.25 116.84 346.42 0.22
44668.622222224 02 56 74.47 116.93 346.52 0.22
44668.622916668 02 57 74.69 117.01 346.62 0.22
44668.623611112 02 58 74.92 117.10 346.72 0.22
44668.624305557 02 59 75.14 117.18 346.82 0.22
44668.625000001 03 00 75.36 117.26 346.92 0.22
44668.625694446 03 01 75.58 117.34 347.02 0.22
44668.626388890 03 02 75.81 117.42 347.12 0.22
44668.627083335 03 03 76.03 117.50 347.22 0.22
44668.627777779 03 04 76.25 117.58 347.32 0.22
44668.628472224 03 05 76.47 117.65 347.42 0.22
44668.629166668 03 06 76.69 117.72 347.52 0.22
44668.629861112 03 07 76.91 117.80 347.62 0.22
44668.630555557 03 08 77.14 117.87 347.66 0.22
44668.631250001 03 09 77.36 117.94 347.66 0.22
44668.631944446 03 10 77.58 118.01 347.66 0.22
44668.632638890 03 11 77.80 118.08 347.66 0.21
44668.633333335 03 12 78.02 118.15 347.67 0.21
44668.634027779 03 13 78.24 118.21 347.77 0.21
44668.634722224 03 14 78.46 118.28 347.87 0.21
44668.635416668 03 15 78.68 118.34 347.97 0.21
44668.636111113 03 16 78.90 118.40 348.07 0.21
44668.636805557 03 17 79.12 118.47 348.17 0.21
44668.637500001 03 18 79.34 118.53 348.27 0.21
44668.638194446 03 19 79.55 118.59 348.37 0.21
44668.638888890 03 20 79.77 118.64 348.47 0.21
44668.639583335 03 21 79.99 118.70 348.56 0.21
44668.640277779 03 22 80.21 118.76 348.57 0.21
44668.640972224 03 23 80.42 118.81 348.57 0.21
44668.641666668 03 24 80.64 118.87 348.57 0.21
44668.642361113 03 25 80.85 118.92 348.57 0.21
44668.643055557 03 26 81.07 118.97 348.60 0.21
44668.643750001 03 27 81.28 119.02 348.70 0.21
44668.644444446 03 28 81.50 119.07 348.79 0.21
44668.645138890 03 29 81.71 119.12 348.89 0.21
44668.645833335 03 30 81.92 119.17 348.99 0.21
44668.646527779 03 31 82.13 119.21 349.02 0.21
44668.647222224 03 32 82.34 119.26 349.02 0.21
44668.647916668 03 33 82.55 119.30 349.02 0.21
44668.648611113 03 34 82.76 119.34 349.02 0.21
44668.649305557 03 35 82.97 119.39 349.02 0.21
44668.650000001 03 36 83.17 119.43 349.10 0.21
44668.650694446 03 37 83.38 119.47 349.19 0.21
44668.651388890 03 38 83.58 119.51 349.29 0.21
44668.652083335 03 39 83.78 119.54 349.38 0.21
44668.652777779 03 40 83.98 119.58 349.47 0.21
44668.653472224 03 41 84.18 119.62 349.48 0.21
44668.654166668 03 42 84.37 119.65 349.48 0.20
44668.654861113 03 43 84.56 119.68 349.48 0.20
44668.655555557 03 44 84.75 119.72 349.48 0.20
44668.656250001 03 45 84.94 119.75 349.48 0.20
44668.656944446 03 46 85.12 119.78 349.48 0.20
44668.657638890 03 47 85.30 119.81 349.48 0.20
44668.658333335 03 48 85.47 119.84 349.48 0.20
44668.659027779 03 49 85.64 119.86 349.48 0.20
44668.659722224 03 50 85.81 119.89 349.48 0.20
44668.660416668 03 51 85.96 119.91 349.48 0.20
44668.661111113 03 52 86.12 119.94 349.53 0.20
44668.661805557 03 53 86.26 119.96 349.59 0.20
44668.662500001 03 54 86.39 119.99 349.65 0.20
44668.663194446 03 55 86.52 120.01 349.71 0.20
44668.663888890 03 56 86.63 120.03 349.76 0.20
44668.664583335 03 57 86.73 120.05 349.81 0.20
44668.665277779 03 58 86.82 120.06 349.85 0.20
44668.665972224 03 59 86.90 120.08 349.88 0.20
44668.666666668 04 00 86.95 120.10 349.91 0.20
44668.667361113 04 01 87.00 120.11 349.93 0.20
44668.668055557 04 02 87.02 120.13 349.93 0.20
44668.668750002 04 03 87.03 120.14 349.93 0.20
44668.669444446 04 04 87.03 120.16 349.93 0.20
44668.670138890 04 05 87.00 120.17 349.93 0.20
44668.670833335 04 06 86.96 120.18 349.91 0.20
44668.671527779 04 07 86.90 120.19 349.88 0.20
44668.672222224 04 08 86.82 120.20 349.85 0.20
44668.672916668 04 09 86.74 120.20 349.81 0.20
44668.673611113 04 10 86.63 120.21 349.76 0.20
44668.674305557 04 11 86.52 120.22 349.71 0.20
44668.675000002 04 12 86.40 120.22 349.66 0.20
44668.675694446 04 13 86.26 120.23 349.60 0.20
44668.676388890 04 14 86.12 120.23 349.53 0.20
44668.677083335 04 15 85.97 120.23 349.48 0.20
44668.677777779 04 16 85.81 120.24 349.48 0.20
44668.678472224 04 17 85.65 120.24 349.48 0.20
44668.679166668 04 18 85.48 120.24 349.48 0.20
44668.679861113 04 19 85.31 120.24 349.48 0.20
44668.680555557 04 20 85.13 120.23 349.48 0.20
44668.681250002 04 21 84.95 120.23 349.48 0.20
44668.681944446 04 22 84.76 120.23 349.48 0.20
44668.682638890 04 23 84.57 120.22 349.48 0.20
44668.683333335 04 24 84.38 120.22 349.48 0.20
44668.684027779 04 25 84.18 120.21 349.48 0.20
44668.684722224 04 26 83.99 120.21 349.47 0.20
44668.685416668 04 27 83.79 120.20 349.38 0.20
44668.686111113 04 28 83.59 120.19 349.29 0.20
