# year, month, day, hour, min, alt, bl13, bl14, bl34, moon 
2023 05 06 17 00 -31.98 0.00 0.00 0.00 0.00
2023 05 06 17 01 -31.85 0.00 0.00 0.00 0.00
2023 05 06 17 02 -31.72 0.00 0.00 0.00 0.00
2023 05 06 17 03 -31.59 0.00 0.00 0.00 0.00
2023 05 06 17 04 -31.46 0.00 0.00 0.00 0.00
2023 05 06 17 05 -31.33 0.00 0.00 0.00 0.00
2023 05 06 17 06 -31.20 0.00 0.00 0.00 0.00
2023 05 06 17 07 -31.07 0.00 0.00 0.00 0.00
2023 05 06 17 08 -30.94 0.00 0.00 0.00 0.00
2023 05 06 17 09 -30.81 0.00 0.00 0.00 0.00
2023 05 06 17 10 -30.68 0.00 0.00 0.00 0.00
2023 05 06 17 11 -30.54 0.00 0.00 0.00 0.00
2023 05 06 17 12 -30.41 0.00 0.00 0.00 0.00
2023 05 06 17 13 -30.27 0.00 0.00 0.00 0.00
2023 05 06 17 14 -30.14 0.00 0.00 0.00 0.00
2023 05 06 17 15 -30.00 0.00 0.00 0.00 0.00
2023 05 06 17 16 -29.86 0.00 0.00 0.00 0.00
2023 05 06 17 17 -29.72 0.00 0.00 0.00 0.00
2023 05 06 17 18 -29.59 0.00 0.00 0.00 0.00
2023 05 06 17 19 -29.45 0.00 0.00 0.00 0.00
2023 05 06 17 20 -29.31 0.00 0.00 0.00 0.00
2023 05 06 17 21 -29.17 0.00 0.00 0.00 0.00
2023 05 06 17 22 -29.02 0.00 0.00 0.00 0.00
2023 05 06 17 23 -28.88 0.00 0.00 0.00 0.00
2023 05 06 17 24 -28.74 0.00 0.00 0.00 0.00
2023 05 06 17 25 -28.60 0.00 0.00 0.00 0.00
2023 05 06 17 26 -28.45 0.00 0.00 0.00 0.00
2023 05 06 17 27 -28.31 0.00 0.00 0.00 0.00
2023 05 06 17 28 -28.16 0.00 0.00 0.00 0.00
2023 05 06 17 29 -28.02 0.00 0.00 0.00 0.00
2023 05 06 17 30 -27.87 0.00 0.00 0.00 0.00
2023 05 06 17 31 -27.73 0.00 0.00 0.00 0.00
2023 05 06 17 32 -27.58 0.00 0.00 0.00 0.00
2023 05 06 17 33 -27.43 0.00 0.00 0.00 0.00
2023 05 06 17 34 -27.28 0.00 0.00 0.00 0.00
2023 05 06 17 35 -27.13 0.00 0.00 0.00 0.00
2023 05 06 17 36 -26.98 0.00 0.00 0.00 0.00
2023 05 06 17 37 -26.83 0.00 0.00 0.00 0.00
2023 05 06 17 38 -26.68 0.00 0.00 0.00 0.00
2023 05 06 17 39 -26.53 0.00 0.00 0.00 0.00
2023 05 06 17 40 -26.38 0.00 0.00 0.00 0.00
2023 05 06 17 41 -26.23 0.00 0.00 0.00 0.00
2023 05 06 17 42 -26.07 0.00 0.00 0.00 0.00
2023 05 06 17 43 -25.92 0.00 0.00 0.00 0.00
2023 05 06 17 44 -25.77 0.00 0.00 0.00 0.00
2023 05 06 17 45 -25.61 0.00 0.00 0.00 0.00
2023 05 06 17 46 -25.46 0.00 0.00 0.00 0.00
2023 05 06 17 47 -25.30 0.00 0.00 0.00 0.00
2023 05 06 17 48 -25.14 0.00 0.00 0.00 0.00
2023 05 06 17 49 -24.99 0.00 0.00 0.00 0.00
2023 05 06 17 50 -24.83 0.00 0.00 0.00 0.00
2023 05 06 17 51 -24.67 0.00 0.00 0.00 0.00
2023 05 06 17 52 -24.51 0.00 0.00 0.00 0.00
2023 05 06 17 53 -24.36 0.00 0.00 0.00 0.00
2023 05 06 17 54 -24.20 0.00 0.00 0.00 0.00
2023 05 06 17 55 -24.04 0.00 0.00 0.00 0.00
2023 05 06 17 56 -23.88 0.00 0.00 0.00 0.00
2023 05 06 17 57 -23.72 0.00 0.00 0.00 0.00
2023 05 06 17 58 -23.55 0.00 0.00 0.00 0.00
2023 05 06 17 59 -23.39 0.00 0.00 0.00 0.00
2023 05 06 18 00 -23.23 0.00 0.00 0.00 0.00
2023 05 06 18 01 -23.07 0.00 0.00 0.00 0.00
2023 05 06 18 02 -22.90 0.00 0.00 0.00 0.00
2023 05 06 18 03 -22.74 0.00 0.00 0.00 0.00
2023 05 06 18 04 -22.58 0.00 0.00 0.00 0.00
2023 05 06 18 05 -22.41 0.00 0.00 0.00 0.00
2023 05 06 18 06 -22.25 0.00 0.00 0.00 0.00
2023 05 06 18 07 -22.08 0.00 0.00 0.00 0.00
2023 05 06 18 08 -21.91 0.00 0.00 0.00 0.00
2023 05 06 18 09 -21.75 0.00 0.00 0.00 0.00
2023 05 06 18 10 -21.58 0.00 0.00 0.00 0.00
2023 05 06 18 11 -21.41 0.00 0.00 0.00 0.00
2023 05 06 18 12 -21.25 0.00 0.00 0.00 0.00
2023 05 06 18 13 -21.08 0.00 0.00 0.00 0.00
2023 05 06 18 14 -20.91 0.00 0.00 0.00 0.00
2023 05 06 18 15 -20.74 0.00 0.00 0.00 0.00
2023 05 06 18 16 -20.57 0.00 0.00 0.00 0.00
2023 05 06 18 17 -20.40 0.00 0.00 0.00 0.00
2023 05 06 18 18 -20.23 0.00 0.00 0.00 0.00
2023 05 06 18 19 -20.06 0.00 0.00 0.00 0.00
2023 05 06 18 20 -19.89 0.00 0.00 0.00 0.00
2023 05 06 18 21 -19.72 0.00 0.00 0.00 0.00
2023 05 06 18 22 -19.54 0.00 0.00 0.00 0.00
2023 05 06 18 23 -19.37 0.00 0.00 0.00 0.00
2023 05 06 18 24 -19.20 0.00 0.00 0.00 0.00
2023 05 06 18 25 -19.02 0.00 0.00 0.00 0.00
2023 05 06 18 26 -18.85 0.00 0.00 0.00 0.00
2023 05 06 18 27 -18.68 0.00 0.00 0.00 0.00
2023 05 06 18 28 -18.50 0.00 0.00 0.00 0.00
2023 05 06 18 29 -18.33 0.00 0.00 0.00 0.00
2023 05 06 18 30 -18.15 0.00 0.00 0.00 0.00
2023 05 06 18 31 -17.98 0.00 0.00 0.00 0.00
2023 05 06 18 32 -17.80 0.00 0.00 0.00 0.00
2023 05 06 18 33 -17.62 0.00 0.00 0.00 0.00
2023 05 06 18 34 -17.45 0.00 0.00 0.00 0.00
2023 05 06 18 35 -17.27 0.00 0.00 0.00 0.00
2023 05 06 18 36 -17.09 0.00 0.00 0.00 0.00
2023 05 06 18 37 -16.91 0.00 0.00 0.00 0.00
2023 05 06 18 38 -16.74 0.00 0.00 0.00 0.00
2023 05 06 18 39 -16.56 0.00 0.00 0.00 0.00
2023 05 06 18 40 -16.38 0.00 0.00 0.00 0.00
2023 05 06 18 41 -16.20 0.00 0.00 0.00 0.00
2023 05 06 18 42 -16.02 0.00 0.00 0.00 0.00
2023 05 06 18 43 -15.84 0.00 0.00 0.00 0.00
2023 05 06 18 44 -15.66 0.00 0.00 0.00 0.00
2023 05 06 18 45 -15.48 0.00 0.00 0.00 0.00
2023 05 06 18 46 -15.30 0.00 0.00 0.00 0.00
2023 05 06 18 47 -15.11 0.00 0.00 0.00 0.00
2023 05 06 18 48 -14.93 0.00 0.00 0.00 0.00
2023 05 06 18 49 -14.75 0.00 0.00 0.00 0.00
2023 05 06 18 50 -14.57 0.00 0.00 0.00 0.00
2023 05 06 18 51 -14.39 0.00 0.00 0.00 0.00
2023 05 06 18 52 -14.20 0.00 0.00 0.00 0.00
2023 05 06 18 53 -14.02 0.00 0.00 0.00 0.00
2023 05 06 18 54 -13.84 0.00 0.00 0.00 0.00
2023 05 06 18 55 -13.65 0.00 0.00 0.00 0.00
2023 05 06 18 56 -13.47 0.00 0.00 0.00 0.00
2023 05 06 18 57 -13.28 0.00 0.00 0.00 0.00
2023 05 06 18 58 -13.10 0.00 0.00 0.00 0.00
2023 05 06 18 59 -12.91 0.00 0.00 0.00 0.00
2023 05 06 19 00 -12.73 0.00 0.00 0.00 0.00
2023 05 06 19 01 -12.54 0.00 0.00 0.00 0.00
2023 05 06 19 02 -12.35 0.00 0.00 0.00 0.00
2023 05 06 19 03 -12.17 0.00 0.00 0.00 0.00
2023 05 06 19 04 -11.98 0.00 0.00 0.00 0.00
2023 05 06 19 05 -11.79 0.00 0.00 0.00 0.00
2023 05 06 19 06 -11.61 0.00 0.00 0.00 0.00
2023 05 06 19 07 -11.42 0.00 0.00 0.00 0.00
2023 05 06 19 08 -11.23 0.00 0.00 0.00 0.00
2023 05 06 19 09 -11.04 0.00 0.00 0.00 0.00
2023 05 06 19 10 -10.85 0.00 0.00 0.00 0.00
2023 05 06 19 11 -10.66 0.00 0.00 0.00 0.00
2023 05 06 19 12 -10.47 0.00 0.00 0.00 0.00
2023 05 06 19 13 -10.28 0.00 0.00 0.00 0.00
2023 05 06 19 14 -10.09 0.00 0.00 0.00 0.00
2023 05 06 19 15 -9.90 0.00 0.00 0.00 0.00
2023 05 06 19 16 -9.71 0.00 0.00 0.00 0.00
2023 05 06 19 17 -9.52 0.00 0.00 0.00 0.00
2023 05 06 19 18 -9.33 0.00 0.00 0.00 0.00
2023 05 06 19 19 -9.14 0.00 0.00 0.00 0.00
2023 05 06 19 20 -8.95 0.00 0.00 0.00 0.00
2023 05 06 19 21 -8.76 0.00 0.00 0.00 0.00
2023 05 06 19 22 -8.57 0.00 0.00 0.00 0.00
2023 05 06 19 23 -8.37 0.00 0.00 0.00 0.00
2023 05 06 19 24 -8.18 0.00 0.00 0.00 0.00
2023 05 06 19 25 -7.99 0.00 0.00 0.00 0.00
2023 05 06 19 26 -7.80 0.00 0.00 0.00 0.00
2023 05 06 19 27 -7.60 0.00 0.00 0.00 0.00
2023 05 06 19 28 -7.41 0.00 0.00 0.00 0.00
2023 05 06 19 29 -7.22 0.00 0.00 0.00 0.00
2023 05 06 19 30 -7.02 0.00 0.00 0.00 0.00
2023 05 06 19 31 -6.83 0.00 0.00 0.00 0.00
2023 05 06 19 32 -6.63 0.00 0.00 0.00 0.00
2023 05 06 19 33 -6.44 0.00 0.00 0.00 0.00
2023 05 06 19 34 -6.24 0.00 0.00 0.00 0.00
2023 05 06 19 35 -6.05 0.00 0.00 0.00 0.00
2023 05 06 19 36 -5.85 0.00 0.00 0.00 0.00
2023 05 06 19 37 -5.66 0.00 0.00 0.00 0.00
2023 05 06 19 38 -5.46 0.00 0.00 0.00 0.00
2023 05 06 19 39 -5.26 0.00 0.00 0.00 0.00
2023 05 06 19 40 -5.07 0.00 0.00 0.00 0.00
2023 05 06 19 41 -4.87 0.00 0.00 0.00 0.00
2023 05 06 19 42 -4.67 0.00 0.00 0.00 0.00
2023 05 06 19 43 -4.48 0.00 0.00 0.00 0.00
2023 05 06 19 44 -4.28 0.00 0.00 0.00 0.00
2023 05 06 19 45 -4.08 0.00 0.00 0.00 0.00
2023 05 06 19 46 -3.88 0.00 0.00 0.00 0.00
2023 05 06 19 47 -3.69 0.00 0.00 0.00 0.00
2023 05 06 19 48 -3.49 0.00 0.00 0.00 0.00
2023 05 06 19 49 -3.29 0.00 0.00 0.00 0.00
2023 05 06 19 50 -3.09 0.00 0.00 0.00 0.00
2023 05 06 19 51 -2.89 0.00 0.00 0.00 0.00
2023 05 06 19 52 -2.69 0.00 0.00 0.00 0.00
2023 05 06 19 53 -2.49 0.00 0.00 0.00 0.00
2023 05 06 19 54 -2.29 0.00 0.00 0.00 0.00
2023 05 06 19 55 -2.10 0.00 0.00 0.00 0.00
2023 05 06 19 56 -1.90 0.00 0.00 0.00 0.00
2023 05 06 19 57 -1.70 0.00 0.00 0.00 0.00
2023 05 06 19 58 -1.49 0.00 0.00 0.00 0.00
2023 05 06 19 59 -1.29 0.00 0.00 0.00 0.00
2023 05 06 20 00 -1.09 0.00 0.00 0.00 0.00
2023 05 06 20 01 -0.89 0.00 0.00 0.00 0.00
2023 05 06 20 02 -0.69 0.00 0.00 0.00 0.00
2023 05 06 20 03 -0.49 0.00 0.00 0.00 0.00
2023 05 06 20 04 -0.29 0.00 0.00 0.00 0.00
2023 05 06 20 05 -0.09 0.00 0.00 0.00 0.00
2023 05 06 20 06 0.11 0.00 0.00 0.00 0.00
2023 05 06 20 07 0.32 0.00 0.00 0.00 0.00
2023 05 06 20 08 0.52 0.00 0.00 0.00 0.00
2023 05 06 20 09 0.72 0.00 0.00 0.00 0.00
2023 05 06 20 10 0.92 0.00 0.00 0.00 0.00
2023 05 06 20 11 1.13 0.00 0.00 0.00 0.00
2023 05 06 20 12 1.33 0.00 0.00 0.00 0.00
2023 05 06 20 13 1.53 0.00 0.00 0.00 0.00
2023 05 06 20 14 1.74 0.00 0.00 0.00 0.00
2023 05 06 20 15 1.94 0.00 0.00 0.00 0.00
2023 05 06 20 16 2.14 0.00 0.00 0.00 0.00
2023 05 06 20 17 2.35 0.00 0.00 0.00 0.00
2023 05 06 20 18 2.55 0.00 0.00 0.00 0.00
2023 05 06 20 19 2.76 0.00 0.00 0.00 0.00
2023 05 06 20 20 2.96 0.00 0.00 0.00 0.00
2023 05 06 20 21 3.16 0.00 0.00 0.00 0.00
2023 05 06 20 22 3.37 0.00 0.00 0.00 0.00
2023 05 06 20 23 3.57 0.00 0.00 0.00 0.00
2023 05 06 20 24 3.78 0.00 0.00 0.00 0.00
2023 05 06 20 25 3.99 0.00 0.00 0.00 0.00
2023 05 06 20 26 4.19 0.00 0.00 0.00 0.00
2023 05 06 20 27 4.40 0.00 0.00 0.00 0.00
2023 05 06 20 28 4.60 0.00 0.00 0.00 0.00
2023 05 06 20 29 4.81 0.00 0.00 0.00 0.00
2023 05 06 20 30 5.01 0.00 0.00 0.00 0.00
2023 05 06 20 31 5.22 0.00 0.00 0.00 0.00
2023 05 06 20 32 5.43 0.00 0.00 0.00 0.00
2023 05 06 20 33 5.63 0.00 0.00 0.00 0.00
2023 05 06 20 34 5.84 0.00 0.00 0.00 0.00
2023 05 06 20 35 6.05 0.00 0.00 0.00 0.00
2023 05 06 20 36 6.25 0.00 0.00 0.00 0.00
2023 05 06 20 37 6.46 0.00 0.00 0.00 0.00
2023 05 06 20 38 6.67 0.00 0.00 0.00 0.00
2023 05 06 20 39 6.88 0.00 0.00 0.00 0.00
2023 05 06 20 40 7.08 0.00 0.00 0.00 0.00
2023 05 06 20 41 7.29 0.00 0.00 0.00 0.00
2023 05 06 20 42 7.50 0.00 0.00 0.00 0.00
2023 05 06 20 43 7.71 0.00 0.00 0.00 0.00
2023 05 06 20 44 7.92 0.00 0.00 0.00 0.00
2023 05 06 20 45 8.12 0.00 0.00 0.00 0.00
2023 05 06 20 46 8.33 0.00 0.00 0.00 0.00
2023 05 06 20 47 8.54 0.00 0.00 0.00 0.00
2023 05 06 20 48 8.75 0.00 0.00 0.00 0.00
2023 05 06 20 49 8.96 0.00 0.00 0.00 0.00
2023 05 06 20 50 9.17 0.00 0.00 0.00 0.00
2023 05 06 20 51 9.38 0.00 0.00 0.00 0.00
2023 05 06 20 52 9.59 0.00 0.00 0.00 0.00
2023 05 06 20 53 9.80 0.00 0.00 0.00 0.00
2023 05 06 20 54 10.01 74.31 112.69 46.86 40.09
2023 05 06 20 55 10.22 74.30 112.63 47.16 40.11
2023 05 06 20 56 10.43 74.29 112.58 47.47 40.13
2023 05 06 20 57 10.64 74.29 112.53 47.79 40.15
2023 05 06 20 58 10.85 74.30 112.48 48.10 40.18
2023 05 06 20 59 11.06 74.32 112.43 48.41 40.20
2023 05 06 21 00 11.27 74.34 112.38 48.72 40.22
2023 05 06 21 01 11.48 74.36 112.33 49.04 40.24
2023 05 06 21 02 11.69 74.39 112.29 49.36 40.27
2023 05 06 21 03 11.90 74.43 112.24 49.67 40.29
2023 05 06 21 04 12.11 74.47 112.19 49.99 40.31
2023 05 06 21 05 12.32 74.52 112.14 50.31 40.33
2023 05 06 21 06 12.53 74.58 112.10 50.62 40.35
2023 05 06 21 07 12.74 74.64 112.05 50.94 40.37
2023 05 06 21 08 12.96 74.71 112.00 51.26 40.40
2023 05 06 21 09 13.17 74.78 111.96 51.58 40.42
2023 05 06 21 10 13.38 74.86 111.91 51.90 40.44
2023 05 06 21 11 13.59 74.94 111.87 52.22 40.46
2023 05 06 21 12 13.80 75.03 111.82 52.55 40.48
2023 05 06 21 13 14.02 75.13 111.78 52.87 40.50
2023 05 06 21 14 14.23 75.23 111.74 53.19 40.52
2023 05 06 21 15 14.44 75.34 111.69 53.51 40.54
2023 05 06 21 16 14.65 75.45 111.65 53.84 40.56
2023 05 06 21 17 14.86 75.57 111.61 54.16 40.58
2023 05 06 21 18 15.08 75.70 111.57 54.49 40.60
2023 05 06 21 19 15.29 75.83 111.53 54.81 40.62
2023 05 06 21 20 15.50 75.97 111.49 55.13 40.64
2023 05 06 21 21 15.72 76.11 111.45 55.46 40.66
2023 05 06 21 22 15.93 76.25 111.41 55.78 40.68
2023 05 06 21 23 16.14 76.41 111.37 56.11 40.70
2023 05 06 21 24 16.36 76.56 111.33 56.43 40.72
2023 05 06 21 25 16.57 76.73 111.29 56.76 40.74
2023 05 06 21 26 16.78 76.89 111.26 57.09 40.76
2023 05 06 21 27 17.00 77.07 111.22 57.41 40.78
2023 05 06 21 28 17.21 77.25 111.19 57.74 40.80
2023 05 06 21 29 17.42 77.43 111.15 58.06 40.82
2023 05 06 21 30 17.64 77.62 111.12 58.39 40.84
2023 05 06 21 31 17.85 77.81 111.08 58.72 40.86
2023 05 06 21 32 18.07 78.01 111.05 59.04 40.88
2023 05 06 21 33 18.28 78.22 111.01 59.37 40.90
2023 05 06 21 34 18.50 78.42 110.98 59.69 40.92
2023 05 06 21 35 18.71 78.64 110.95 60.02 40.94
2023 05 06 21 36 18.93 78.86 110.92 60.35 40.96
2023 05 06 21 37 19.14 79.08 110.89 60.67 40.98
2023 05 06 21 38 19.36 79.31 110.86 61.00 40.99
2023 05 06 21 39 19.57 79.54 110.83 61.32 41.01
2023 05 06 21 40 19.79 79.78 110.80 61.65 41.03
2023 05 06 21 41 20.00 80.02 110.77 61.98 41.05
2023 05 06 21 42 20.22 80.26 110.74 62.30 41.07
2023 05 06 21 43 20.43 80.51 110.72 62.63 41.09
2023 05 06 21 44 20.65 80.77 110.69 62.95 41.10
2023 05 06 21 45 20.86 81.03 110.66 63.28 41.12
2023 05 06 21 46 21.08 81.29 110.64 63.60 41.14
2023 05 06 21 47 21.29 81.56 110.61 63.92 41.16
2023 05 06 21 48 21.51 81.83 110.59 64.25 41.18
2023 05 06 21 49 21.73 82.10 110.57 64.57 41.20
2023 05 06 21 50 21.94 82.38 110.54 64.90 41.21
2023 05 06 21 51 22.16 82.66 110.52 65.22 41.23
2023 05 06 21 52 22.37 82.95 110.50 65.54 41.25
2023 05 06 21 53 22.59 83.24 110.48 65.87 41.27
2023 05 06 21 54 22.81 83.53 110.46 66.19 41.28
2023 05 06 21 55 23.02 83.83 110.44 66.51 41.30
2023 05 06 21 56 23.24 84.13 110.42 66.83 41.32
2023 05 06 21 57 23.46 84.44 110.40 67.15 41.34
2023 05 06 21 58 23.67 84.75 110.39 67.47 41.35
2023 05 06 21 59 23.89 85.06 110.37 67.79 41.37
2023 05 06 22 00 24.11 85.37 110.35 68.11 41.39
2023 05 06 22 01 24.32 85.69 110.34 68.43 41.41
2023 05 06 22 02 24.54 86.01 110.32 68.75 41.42
2023 05 06 22 03 24.76 86.34 110.31 69.07 41.44
2023 05 06 22 04 24.98 86.66 110.30 69.39 41.46
2023 05 06 22 05 25.19 86.99 110.28 69.71 41.47
2023 05 06 22 06 25.41 87.33 110.27 70.03 41.49
2023 05 06 22 07 25.63 87.66 110.26 70.34 41.51
2023 05 06 22 08 25.85 88.00 110.25 70.66 41.53
2023 05 06 22 09 26.06 88.35 110.24 70.98 41.54
2023 05 06 22 10 26.28 88.69 110.23 71.29 41.56
2023 05 06 22 11 26.50 89.04 110.22 71.61 41.58
2023 05 06 22 12 26.72 89.39 110.21 71.92 41.59
2023 05 06 22 13 26.94 89.74 110.21 72.23 41.61
2023 05 06 22 14 27.15 90.10 110.20 72.55 41.63
2023 05 06 22 15 27.37 90.45 110.19 72.86 41.64
2023 05 06 22 16 27.59 90.81 110.19 73.17 41.66
2023 05 06 22 17 27.81 91.18 110.18 73.48 41.68
2023 05 06 22 18 28.03 91.54 110.18 73.79 41.69
2023 05 06 22 19 28.24 91.91 110.18 74.10 41.71
2023 05 06 22 20 28.46 92.28 110.17 74.41 41.72
2023 05 06 22 21 28.68 92.65 110.17 74.72 41.74
2023 05 06 22 22 28.90 93.02 110.17 75.03 41.76
2023 05 06 22 23 29.12 93.40 110.17 75.34 41.77
2023 05 06 22 24 29.34 93.77 110.17 75.65 41.79
2023 05 06 22 25 29.56 94.15 110.17 75.95 41.81
2023 05 06 22 26 29.78 94.53 110.17 76.26 41.82
2023 05 06 22 27 30.00 94.92 110.18 76.56 41.84
2023 05 06 22 28 30.21 95.30 110.18 76.87 41.86
2023 05 06 22 29 30.43 95.69 110.18 77.17 41.87
2023 05 06 22 30 30.65 96.07 110.19 77.47 41.89
2023 05 06 22 31 30.87 96.46 110.19 77.78 41.91
2023 05 06 22 32 31.09 96.86 110.20 78.08 41.92
2023 05 06 22 33 31.31 97.25 110.21 78.38 41.94
2023 05 06 22 34 31.53 97.64 110.21 78.68 41.95
2023 05 06 22 35 31.75 98.04 110.22 78.98 41.97
2023 05 06 22 36 31.97 98.43 110.23 79.28 41.99
2023 05 06 22 37 32.19 98.83 110.24 79.57 42.00
2023 05 06 22 38 32.41 99.23 110.25 79.87 42.02
2023 05 06 22 39 32.63 99.63 110.26 80.17 42.04
2023 05 06 22 40 32.85 100.03 110.27 80.46 42.05
2023 05 06 22 41 33.07 100.44 110.28 80.76 42.07
2023 05 06 22 42 33.29 100.84 110.30 81.05 42.09
2023 05 06 22 43 33.51 101.25 110.31 81.34 42.10
2023 05 06 22 44 33.73 101.65 110.32 81.64 42.12
2023 05 06 22 45 33.95 102.06 110.34 81.93 42.14
2023 05 06 22 46 34.17 102.47 110.36 82.22 42.15
2023 05 06 22 47 34.39 102.88 110.37 82.51 42.17
2023 05 06 22 48 34.61 103.28 110.39 82.80 42.19
2023 05 06 22 49 34.83 103.70 110.41 83.08 42.20
2023 05 06 22 50 35.05 104.11 110.42 83.37 42.22
2023 05 06 22 51 35.27 104.52 110.44 83.66 42.24
2023 05 06 22 52 35.50 104.93 110.46 83.94 42.25
2023 05 06 22 53 35.72 105.34 110.48 84.23 42.27
2023 05 06 22 54 35.94 105.76 110.50 84.51 42.29
2023 05 06 22 55 36.16 106.17 110.52 84.79 42.31
2023 05 06 22 56 36.38 106.59 110.55 85.07 42.32
2023 05 06 22 57 36.60 107.00 110.57 85.36 42.34
2023 05 06 22 58 36.82 107.42 110.59 85.64 42.36
2023 05 06 22 59 37.04 107.83 110.62 85.91 42.38
2023 05 06 23 00 37.26 108.25 110.64 86.19 42.40
2023 05 06 23 01 37.48 108.67 110.67 86.47 42.41
2023 05 06 23 02 37.71 109.09 110.69 86.75 42.43
2023 05 06 23 03 37.93 109.50 110.72 87.02 42.45
2023 05 06 23 04 38.15 109.92 110.75 87.30 42.47
2023 05 06 23 05 38.37 110.34 110.77 87.57 42.49
2023 05 06 23 06 38.59 110.76 110.80 87.84 42.51
2023 05 06 23 07 38.81 111.17 110.83 88.11 42.53
2023 05 06 23 08 39.04 111.59 110.86 88.38 42.55
2023 05 06 23 09 39.26 112.01 110.89 88.65 42.57
2023 05 06 23 10 39.48 112.43 110.92 88.92 42.59
2023 05 06 23 11 39.70 112.85 110.95 89.19 42.61
2023 05 06 23 12 39.92 113.27 110.99 89.46 42.64
2023 05 06 23 13 40.14 113.68 111.02 89.72 42.66
2023 05 06 23 14 40.37 114.10 111.05 89.99 42.68
2023 05 06 23 15 40.59 114.52 111.09 90.25 42.70
2023 05 06 23 16 40.81 114.94 111.12 90.51 42.73
2023 05 06 23 17 41.03 115.36 111.15 90.78 42.75
2023 05 06 23 18 41.25 115.77 111.19 91.04 42.78
2023 05 06 23 19 41.48 116.19 111.23 91.30 42.80
2023 05 06 23 20 41.70 116.61 111.26 91.55 42.83
2023 05 06 23 21 41.92 117.02 111.30 91.81 42.86
2023 05 06 23 22 42.14 117.44 111.34 92.07 42.89
2023 05 06 23 23 42.37 117.86 111.38 92.32 42.92
2023 05 06 23 24 42.59 118.27 111.41 92.58 42.95
2023 05 06 23 25 42.81 118.69 111.45 92.83 42.98
2023 05 06 23 26 43.03 119.10 111.49 93.08 43.02
2023 05 06 23 27 43.26 119.52 111.53 93.34 43.05
2023 05 06 23 28 43.48 119.93 111.57 93.59 43.09
2023 05 06 23 29 43.70 120.34 111.62 93.84 43.13
2023 05 06 23 30 43.92 120.76 111.66 94.08 43.17
2023 05 06 23 31 44.15 121.17 111.70 94.33 43.22
2023 05 06 23 32 44.37 121.58 111.74 94.58 43.27
2023 05 06 23 33 44.59 121.99 111.79 94.82 43.32
2023 05 06 23 34 44.82 122.40 111.83 95.07 43.38
2023 05 06 23 35 45.04 122.81 111.87 95.31 43.44
2023 05 06 23 36 45.26 123.22 111.92 95.55 43.51
2023 05 06 23 37 45.48 123.63 111.96 95.79 43.59
2023 05 06 23 38 45.71 124.03 112.01 96.03 43.67
2023 05 06 23 39 45.93 124.44 112.06 96.27 43.77
2023 05 06 23 40 46.15 124.85 112.10 96.51 43.87
2023 05 06 23 41 46.38 125.25 112.15 96.74 44.00
2023 05 06 23 42 46.60 125.66 112.20 96.98 44.14
2023 05 06 23 43 46.82 126.06 112.24 97.21 44.32
2023 05 06 23 44 47.05 126.46 112.29 97.44 44.52
2023 05 06 23 45 47.27 126.86 112.34 97.68 44.78
2023 05 06 23 46 47.49 127.26 112.39 97.91 45.11
2023 05 06 23 47 47.72 127.66 112.44 98.14 45.54
2023 05 06 23 48 47.94 128.06 112.49 98.36 46.12
2023 05 06 23 49 48.16 128.46 112.54 98.59 46.97
2023 05 06 23 50 48.39 128.86 112.59 98.82 48.30
2023 05 06 23 51 48.61 129.25 112.64 99.04 50.61
2023 05 06 23 52 48.83 129.65 112.69 99.27 55.34
2023 05 06 23 53 49.06 130.04 112.74 99.49 67.43
2023 05 06 23 54 49.28 130.43 112.80 99.71 99.56
2023 05 06 23 55 49.51 130.82 112.85 99.93 129.61
2023 05 06 23 56 49.73 131.21 112.90 100.15 137.45
2023 05 06 23 57 49.95 131.60 112.95 100.37 139.01
2023 05 06 23 58 50.18 131.99 113.01 100.59 139.25
2023 05 06 23 59 50.40 132.38 113.06 100.80 139.18
2023 05 07 00 00 50.62 132.76 113.12 101.02 139.04
2023 05 07 00 01 50.85 133.15 113.17 101.23 138.88
2023 05 07 00 02 51.07 133.53 113.22 101.44 138.74
2023 05 07 00 03 51.30 133.91 113.28 101.65 138.61
2023 05 07 00 04 51.52 134.29 113.33 101.86 138.49
2023 05 07 00 05 51.74 134.67 113.39 102.07 138.39
2023 05 07 00 06 51.97 135.05 113.45 102.28 138.29
2023 05 07 00 07 52.19 135.42 113.50 102.48 138.21
2023 05 07 00 08 52.42 135.80 113.56 102.69 138.13
2023 05 07 00 09 52.64 136.17 113.61 102.89 138.06
2023 05 07 00 10 52.86 136.55 113.67 103.10 138.00
2023 05 07 00 11 53.09 136.92 113.73 103.30 137.94
2023 05 07 00 12 53.31 137.29 113.78 103.50 137.89
2023 05 07 00 13 53.54 137.65 113.84 103.70 137.84
2023 05 07 00 14 53.76 138.02 113.90 103.90 137.79
2023 05 07 00 15 53.99 138.38 113.96 104.09 137.75
2023 05 07 00 16 54.21 138.75 114.02 104.29 137.71
2023 05 07 00 17 54.43 139.11 114.07 104.48 137.67
2023 05 07 00 18 54.66 139.47 114.13 104.68 137.63
2023 05 07 00 19 54.88 139.83 114.19 104.87 137.59
2023 05 07 00 20 55.11 140.19 114.25 105.06 137.56
2023 05 07 00 21 55.33 140.54 114.31 105.25 137.53
2023 05 07 00 22 55.56 140.90 114.37 105.44 137.49
2023 05 07 00 23 55.78 141.25 114.43 105.63 137.46
2023 05 07 00 24 56.00 141.60 114.48 105.81 137.43
2023 05 07 00 25 56.23 141.95 114.54 106.00 137.41
2023 05 07 00 26 56.45 142.30 114.60 106.18 137.38
2023 05 07 00 27 56.68 142.64 114.66 106.36 137.35
2023 05 07 00 28 56.90 142.99 114.72 106.54 137.32
2023 05 07 00 29 57.13 143.33 114.78 106.72 137.30
2023 05 07 00 30 57.35 143.67 114.84 106.90 137.27
2023 05 07 00 31 57.58 144.01 114.90 107.08 137.25
2023 05 07 00 32 57.80 144.35 114.96 107.26 137.22
2023 05 07 00 33 58.03 144.69 115.02 107.43 137.20
2023 05 07 00 34 58.25 145.02 115.08 107.61 137.18
2023 05 07 00 35 58.48 145.35 115.14 107.78 137.15
2023 05 07 00 36 58.70 145.68 115.20 107.95 137.13
2023 05 07 00 37 58.92 146.01 115.26 108.12 137.11
2023 05 07 00 38 59.15 146.34 115.32 108.29 137.08
2023 05 07 00 39 59.37 146.66 115.38 108.46 137.06
2023 05 07 00 40 59.60 146.99 115.44 108.62 137.04
2023 05 07 00 41 59.82 147.31 115.50 108.79 137.02
2023 05 07 00 42 60.05 147.63 115.56 108.95 136.99
2023 05 07 00 43 60.27 147.95 115.62 109.12 136.97
2023 05 07 00 44 60.50 148.26 115.68 109.28 136.95
2023 05 07 00 45 60.72 148.58 115.74 109.44 136.93
2023 05 07 00 46 60.95 148.89 115.80 109.60 136.91
2023 05 07 00 47 61.17 149.20 115.86 109.76 136.88
2023 05 07 00 48 61.40 149.51 115.92 109.91 136.86
2023 05 07 00 49 61.62 149.81 115.98 110.07 136.84
2023 05 07 00 50 61.85 150.12 116.04 110.22 136.82
2023 05 07 00 51 62.07 150.42 116.10 110.38 136.79
2023 05 07 00 52 62.30 150.72 116.16 110.53 136.77
2023 05 07 00 53 62.52 151.02 116.22 110.68 136.75
2023 05 07 00 54 62.75 151.31 116.28 110.83 136.73
2023 05 07 00 55 62.97 151.61 116.34 110.98 136.70
2023 05 07 00 56 63.20 151.90 116.40 111.12 136.68
2023 05 07 00 57 63.42 152.19 116.46 111.27 136.66
2023 05 07 00 58 63.65 152.48 116.52 111.41 136.64
2023 05 07 00 59 63.87 152.77 116.57 111.56 136.61
2023 05 07 01 00 64.10 153.05 116.63 111.70 136.59
2023 05 07 01 01 64.32 153.33 116.69 111.84 136.57
2023 05 07 01 02 64.55 153.61 116.75 111.98 136.54
2023 05 07 01 03 64.77 153.89 116.81 112.12 136.52
2023 05 07 01 04 64.99 154.17 116.86 112.25 136.49
2023 05 07 01 05 65.22 154.44 116.92 112.39 136.47
2023 05 07 01 06 65.44 154.71 116.98 112.52 136.44
2023 05 07 01 07 65.67 154.98 117.04 112.66 136.42
2023 05 07 01 08 65.89 155.25 117.09 112.79 136.39
2023 05 07 01 09 66.12 155.51 117.15 112.92 136.36
2023 05 07 01 10 66.34 155.78 117.21 113.05 136.34
2023 05 07 01 11 66.57 156.04 117.26 113.18 136.31
2023 05 07 01 12 66.79 156.30 117.32 113.31 136.28
2023 05 07 01 13 67.02 156.55 117.37 113.43 136.25
2023 05 07 01 14 67.24 156.81 117.43 113.56 136.23
2023 05 07 01 15 67.47 157.06 117.48 113.68 136.20
2023 05 07 01 16 67.69 157.31 117.54 113.80 136.17
2023 05 07 01 17 67.92 157.56 117.59 113.92 136.14
2023 05 07 01 18 68.14 157.80 117.65 114.04 136.11
2023 05 07 01 19 68.37 158.05 117.70 114.16 136.07
2023 05 07 01 20 68.59 158.29 117.76 114.28 136.04
2023 05 07 01 21 68.81 158.53 117.81 114.40 136.01
2023 05 07 01 22 69.04 158.76 117.86 114.51 135.98
2023 05 07 01 23 69.26 159.00 117.91 114.62 135.94
2023 05 07 01 24 69.49 159.23 117.97 114.74 135.91
2023 05 07 01 25 69.71 159.46 118.02 114.85 135.87
2023 05 07 01 26 69.94 159.69 118.07 114.96 135.84
2023 05 07 01 27 70.16 159.91 118.12 115.07 135.80
2023 05 07 01 28 70.39 160.13 118.17 115.18 135.76
2023 05 07 01 29 70.61 160.35 118.22 115.28 135.72
2023 05 07 01 30 70.83 160.57 118.27 115.39 135.68
2023 05 07 01 31 71.06 160.79 118.32 115.49 135.64
2023 05 07 01 32 71.28 161.00 118.37 115.59 135.60
2023 05 07 01 33 71.51 161.21 118.42 115.70 135.55
2023 05 07 01 34 71.73 161.42 118.47 115.80 135.51
2023 05 07 01 35 71.95 161.63 118.52 115.90 135.46
2023 05 07 01 36 72.18 161.83 118.56 115.99 135.42
2023 05 07 01 37 72.40 162.03 118.61 116.09 135.37
2023 05 07 01 38 72.63 162.23 118.66 116.19 135.32
2023 05 07 01 39 72.85 162.43 118.70 116.28 135.27
2023 05 07 01 40 73.07 162.62 118.75 116.37 135.22
2023 05 07 01 41 73.30 162.82 118.79 116.47 135.16
2023 05 07 01 42 73.52 163.01 118.84 116.56 135.10
2023 05 07 01 43 73.74 163.19 118.88 116.65 135.05
2023 05 07 01 44 73.97 163.38 118.92 116.74 134.99
2023 05 07 01 45 74.19 163.56 118.97 116.82 134.93
2023 05 07 01 46 74.41 163.74 119.01 116.91 134.86
2023 05 07 01 47 74.64 163.92 119.05 116.99 134.80
2023 05 07 01 48 74.86 164.09 119.09 117.08 134.73
2023 05 07 01 49 75.08 164.27 119.13 117.16 134.66
2023 05 07 01 50 75.30 164.44 119.17 117.24 134.58
2023 05 07 01 51 75.53 164.61 119.21 117.32 134.51
2023 05 07 01 52 75.75 164.77 119.25 117.40 134.43
2023 05 07 01 53 75.97 164.93 119.29 117.48 134.35
2023 05 07 01 54 76.19 165.09 119.33 117.56 134.26
2023 05 07 01 55 76.42 165.25 119.37 117.63 134.17
2023 05 07 01 56 76.64 165.41 119.40 117.71 134.08
2023 05 07 01 57 76.86 165.56 119.44 117.78 133.99
2023 05 07 01 58 77.08 165.71 119.48 117.85 133.89
2023 05 07 01 59 77.30 165.86 119.51 117.92 133.78
2023 05 07 02 00 77.52 166.01 119.55 117.99 133.67
2023 05 07 02 01 77.74 166.15 119.58 118.06 133.56
2023 05 07 02 02 77.96 166.29 119.61 118.13 133.44
2023 05 07 02 03 78.18 166.43 119.65 118.20 133.32
2023 05 07 02 04 78.40 166.56 119.68 118.26 133.19
2023 05 07 02 05 78.62 166.70 119.71 118.33 133.05
2023 05 07 02 06 78.84 166.83 119.74 118.39 132.91
2023 05 07 02 07 79.06 166.96 119.77 118.45 132.76
2023 05 07 02 08 79.28 167.08 119.80 118.51 132.61
2023 05 07 02 09 79.50 167.20 119.83 118.57 132.44
2023 05 07 02 10 79.72 167.32 119.86 118.63 132.27
2023 05 07 02 11 79.93 167.44 119.88 118.69 132.09
2023 05 07 02 12 80.15 167.56 119.91 118.74 131.89
2023 05 07 02 13 80.37 167.67 119.93 118.80 131.69
2023 05 07 02 14 80.58 167.78 119.96 118.85 131.48
2023 05 07 02 15 80.80 167.89 119.98 118.91 131.25
2023 05 07 02 16 81.01 167.99 120.01 118.96 131.01
2023 05 07 02 17 81.23 168.10 120.03 119.01 130.75
2023 05 07 02 18 81.44 168.20 120.05 119.06 130.48
2023 05 07 02 19 81.66 168.29 120.07 119.11 130.20
2023 05 07 02 20 81.87 168.39 120.10 119.15 129.89
2023 05 07 02 21 82.08 168.48 120.12 119.20 129.56
2023 05 07 02 22 82.29 168.57 120.13 119.25 129.22
2023 05 07 02 23 82.50 168.66 120.15 119.29 128.84
2023 05 07 02 24 82.71 168.74 120.17 119.33 128.45
2023 05 07 02 25 82.92 168.83 120.19 119.38 128.02
2023 05 07 02 26 83.12 168.91 120.20 119.42 127.56
2023 05 07 02 27 83.33 168.98 120.22 119.46 127.07
2023 05 07 02 28 83.53 169.06 120.23 119.50 126.54
2023 05 07 02 29 83.73 169.13 120.25 119.53 125.96
2023 05 07 02 30 83.93 169.20 120.26 119.57 125.35
2023 05 07 02 31 84.13 169.26 120.27 119.61 124.68
2023 05 07 02 32 84.32 169.33 120.28 119.64 123.95
2023 05 07 02 33 84.52 169.39 120.29 119.68 123.16
2023 05 07 02 34 84.71 169.45 120.30 119.71 122.30
2023 05 07 02 35 84.89 169.50 120.31 119.74 121.37
2023 05 07 02 36 85.08 169.56 120.32 119.77 120.35
2023 05 07 02 37 85.26 169.61 120.33 119.80 119.24
2023 05 07 02 38 85.43 169.66 120.33 119.83 118.03
2023 05 07 02 39 85.60 169.70 120.34 119.86 116.70
2023 05 07 02 40 85.77 169.75 120.34 119.88 115.25
2023 05 07 02 41 85.93 169.79 120.34 119.91 113.66
2023 05 07 02 42 86.08 169.82 120.35 119.93 111.93
2023 05 07 02 43 86.22 169.86 120.35 119.96 110.03
2023 05 07 02 44 86.36 169.89 120.35 119.98 107.96
2023 05 07 02 45 86.49 169.92 120.35 120.00 105.72
2023 05 07 02 46 86.60 169.95 120.35 120.02 103.29
2023 05 07 02 47 86.71 169.97 120.35 120.04 100.68
2023 05 07 02 48 86.80 170.00 120.34 120.06 97.89
2023 05 07 02 49 86.88 170.02 120.34 120.08 94.92
2023 05 07 02 50 86.94 170.03 120.34 120.09 91.82
2023 05 07 02 51 86.99 170.05 120.33 120.11 88.59
2023 05 07 02 52 87.02 170.06 120.32 120.13 85.28
2023 05 07 02 53 87.03 170.07 120.32 120.14 81.93
2023 05 07 02 54 87.03 170.08 120.31 120.15 78.59
2023 05 07 02 55 87.01 170.08 120.30 120.16 75.30
2023 05 07 02 56 86.97 170.08 120.29 120.18 72.12
2023 05 07 02 57 86.92 170.08 120.28 120.19 69.08
2023 05 07 02 58 86.85 170.08 120.26 120.19 66.21
2023 05 07 02 59 86.76 170.07 120.25 120.20 63.53
2023 05 07 03 00 86.66 170.06 120.24 120.21 61.05
2023 05 07 03 01 86.55 170.05 120.22 120.22 58.78
2023 05 07 03 02 86.43 170.03 120.21 120.22 56.72
2023 05 07 03 03 86.30 170.02 120.19 120.23 54.86
2023 05 07 03 04 86.16 170.00 120.17 120.23 53.19
2023 05 07 03 05 86.01 169.97 120.15 120.23 51.70
2023 05 07 03 06 85.85 169.95 120.13 120.24 50.36
2023 05 07 03 07 85.69 169.92 120.11 120.24 49.17
2023 05 07 03 08 85.52 169.89 120.09 120.24 48.12
2023 05 07 03 09 85.35 169.86 120.07 120.24 47.18
2023 05 07 03 10 85.17 169.82 120.04 120.23 46.34
2023 05 07 03 11 84.99 169.79 120.02 120.23 45.60
2023 05 07 03 12 84.81 169.75 119.99 120.23 44.94
2023 05 07 03 13 84.62 169.70 119.96 120.23 44.36
2023 05 07 03 14 84.43 169.66 119.93 120.22 43.84
2023 05 07 03 15 84.23 169.61 119.90 120.21 43.38
2023 05 07 03 16 84.04 169.56 119.87 120.21 42.96
2023 05 07 03 17 83.84 169.50 119.84 120.20 42.60
2023 05 07 03 18 83.64 169.45 119.81 120.19 42.27
2023 05 07 03 19 83.44 169.39 119.78 120.18 41.97
2023 05 07 03 20 83.23 169.33 119.74 120.17 41.71
2023 05 07 03 21 83.03 169.26 119.71 120.16 41.48
2023 05 07 03 22 82.82 169.20 119.67 120.15 41.26
2023 05 07 03 23 82.61 169.13 119.63 120.14 41.07
2023 05 07 03 24 82.40 169.06 119.59 120.13 40.90
2023 05 07 03 25 82.19 168.98 119.55 120.11 40.75
2023 05 07 03 26 81.98 168.90 119.51 120.10 40.61
2023 05 07 03 27 81.77 168.83 119.47 120.08 40.48
2023 05 07 03 28 81.56 168.74 119.43 120.07 40.37
2023 05 07 03 29 81.35 168.66 119.38 120.05 40.27
2023 05 07 03 30 81.13 168.57 119.34 120.03 40.17
2023 05 07 03 31 80.92 168.48 119.29 120.01 40.09
2023 05 07 03 32 80.70 168.39 119.24 119.99 40.01
2023 05 07 03 33 80.49 168.29 119.19 119.97 39.94
2023 05 07 03 34 80.27 168.20 119.14 119.95 39.87
2023 05 07 03 35 80.05 168.10 119.09 119.93 39.82
2023 05 07 03 36 79.84 167.99 119.04 119.91 39.76
2023 05 07 03 37 79.62 167.89 118.99 119.89 39.71
2023 05 07 03 38 79.40 167.78 118.93 119.86 39.67
2023 05 07 03 39 79.18 167.67 118.88 119.84 39.63
2023 05 07 03 40 78.96 167.56 118.82 119.82 39.59
2023 05 07 03 41 78.74 167.44 118.76 119.79 39.55
2023 05 07 03 42 78.52 167.33 118.70 119.76 39.52
2023 05 07 03 43 78.30 167.21 118.64 119.74 39.49
2023 05 07 03 44 78.08 167.08 118.58 119.71 39.47
2023 05 07 03 45 77.86 166.96 118.52 119.68 39.44
2023 05 07 03 46 77.64 166.83 118.46 119.65 39.42
2023 05 07 03 47 77.42 166.70 118.39 119.62 39.39
2023 05 07 03 48 77.20 166.57 118.33 119.59 39.37
2023 05 07 03 49 76.98 166.43 118.26 119.56 39.36
2023 05 07 03 50 76.76 166.29 118.19 119.53 39.34
2023 05 07 03 51 76.54 166.15 118.12 119.50 39.32
2023 05 07 03 52 76.31 166.01 118.05 119.47 39.31
2023 05 07 03 53 76.09 165.86 117.98 119.43 39.29
2023 05 07 03 54 75.87 165.72 117.91 119.40 39.28
2023 05 07 03 55 75.65 165.57 117.83 119.37 39.27
2023 05 07 03 56 75.43 165.41 117.76 119.33 39.25
2023 05 07 03 57 75.20 165.26 117.68 119.30 39.24
2023 05 07 03 58 74.98 165.10 117.60 119.26 39.23
2023 05 07 03 59 74.76 164.94 117.53 119.22 39.22
2023 05 07 04 00 74.54 164.78 117.45 119.19 39.21
2023 05 07 04 01 74.31 164.61 117.36 119.15 39.20
2023 05 07 04 02 74.09 164.45 117.28 119.11 39.19
2023 05 07 04 03 73.87 164.28 117.20 119.07 39.18
2023 05 07 04 04 73.64 164.10 117.11 119.03 39.17
2023 05 07 04 05 73.42 163.93 117.03 118.99 39.17
2023 05 07 04 06 73.20 163.75 116.94 118.95 39.16
2023 05 07 04 07 72.97 163.57 116.85 118.91 39.15
2023 05 07 04 08 72.75 163.39 116.76 118.87 39.14
2023 05 07 04 09 72.52 163.20 116.67 118.83 39.13
2023 05 07 04 10 72.30 163.02 116.58 118.79 39.13
2023 05 07 04 11 72.08 162.83 116.49 118.74 39.12
2023 05 07 04 12 71.85 162.64 116.39 118.70 39.11
2023 05 07 04 13 71.63 162.44 116.30 118.66 39.10
2023 05 07 04 14 71.41 162.25 116.20 118.61 39.10
2023 05 07 04 15 71.18 162.05 116.10 118.57 39.09
2023 05 07 04 16 70.96 161.85 116.00 118.52 39.08
2023 05 07 04 17 70.73 161.64 115.90 118.48 39.08
2023 05 07 04 18 70.51 161.44 115.80 118.43 39.07
2023 05 07 04 19 70.28 161.23 115.70 118.39 39.06
2023 05 07 04 20 70.06 161.02 115.59 118.34 39.05
2023 05 07 04 21 69.84 160.81 115.49 118.29 39.05
2023 05 07 04 22 69.61 160.59 115.38 118.25 39.04
2023 05 07 04 23 69.39 160.37 115.27 118.20 39.03
2023 05 07 04 24 69.16 160.15 115.16 118.15 39.03
2023 05 07 04 25 68.94 159.93 115.05 118.10 39.02
2023 05 07 04 26 68.71 159.71 114.94 118.05 39.01
2023 05 07 04 27 68.49 159.48 114.83 118.00 39.00
2023 05 07 04 28 68.26 159.25 114.71 117.95 39.00
2023 05 07 04 29 68.04 159.02 114.60 117.90 38.99
2023 05 07 04 30 67.81 158.79 114.48 117.85 38.98
2023 05 07 04 31 67.59 158.55 114.37 117.80 38.97
2023 05 07 04 32 67.37 158.32 114.25 117.75 38.96
2023 05 07 04 33 67.14 158.08 114.13 117.70 38.96
2023 05 07 04 34 66.92 157.83 114.00 117.65 38.95
2023 05 07 04 35 66.69 0.00 0.00 0.00 0.00
2023 05 07 04 36 66.47 0.00 0.00 0.00 0.00
2023 05 07 04 37 66.24 0.00 0.00 0.00 0.00
2023 05 07 04 38 66.02 0.00 0.00 0.00 0.00
2023 05 07 04 39 65.79 0.00 0.00 0.00 0.00
2023 05 07 04 40 65.57 0.00 0.00 0.00 0.00
2023 05 07 04 41 65.34 0.00 0.00 0.00 0.00
2023 05 07 04 42 65.12 0.00 0.00 0.00 0.00
2023 05 07 04 43 64.89 0.00 0.00 0.00 0.00
2023 05 07 04 44 64.67 0.00 0.00 0.00 0.00
2023 05 07 04 45 64.44 0.00 0.00 0.00 0.00
2023 05 07 04 46 64.22 0.00 0.00 0.00 0.00
2023 05 07 04 47 63.99 0.00 0.00 0.00 0.00
2023 05 07 04 48 63.77 0.00 0.00 0.00 0.00
2023 05 07 04 49 63.54 0.00 0.00 0.00 0.00
2023 05 07 04 50 63.32 0.00 0.00 0.00 0.00
2023 05 07 04 51 63.09 0.00 0.00 0.00 0.00
2023 05 07 04 52 62.87 0.00 0.00 0.00 0.00
2023 05 07 04 53 62.64 0.00 0.00 0.00 0.00
2023 05 07 04 54 62.42 0.00 0.00 0.00 0.00
2023 05 07 04 55 62.19 0.00 0.00 0.00 0.00
2023 05 07 04 56 61.97 0.00 0.00 0.00 0.00
2023 05 07 04 57 61.74 0.00 0.00 0.00 0.00
2023 05 07 04 58 61.52 0.00 0.00 0.00 0.00
2023 05 07 04 59 61.30 0.00 0.00 0.00 0.00
