# year, month, day, hour, min, alt, bl13, bl14, bl34, moon 
2023 05 10 17 00 -29.90 0.00 0.00 0.00 0.00
2023 05 10 17 01 -29.76 0.00 0.00 0.00 0.00
2023 05 10 17 02 -29.62 0.00 0.00 0.00 0.00
2023 05 10 17 03 -29.48 0.00 0.00 0.00 0.00
2023 05 10 17 04 -29.35 0.00 0.00 0.00 0.00
2023 05 10 17 05 -29.20 0.00 0.00 0.00 0.00
2023 05 10 17 06 -29.06 0.00 0.00 0.00 0.00
2023 05 10 17 07 -28.92 0.00 0.00 0.00 0.00
2023 05 10 17 08 -28.78 0.00 0.00 0.00 0.00
2023 05 10 17 09 -28.64 0.00 0.00 0.00 0.00
2023 05 10 17 10 -28.49 0.00 0.00 0.00 0.00
2023 05 10 17 11 -28.35 0.00 0.00 0.00 0.00
2023 05 10 17 12 -28.20 0.00 0.00 0.00 0.00
2023 05 10 17 13 -28.06 0.00 0.00 0.00 0.00
2023 05 10 17 14 -27.91 0.00 0.00 0.00 0.00
2023 05 10 17 15 -27.77 0.00 0.00 0.00 0.00
2023 05 10 17 16 -27.62 0.00 0.00 0.00 0.00
2023 05 10 17 17 -27.47 0.00 0.00 0.00 0.00
2023 05 10 17 18 -27.32 0.00 0.00 0.00 0.00
2023 05 10 17 19 -27.17 0.00 0.00 0.00 0.00
2023 05 10 17 20 -27.03 0.00 0.00 0.00 0.00
2023 05 10 17 21 -26.88 0.00 0.00 0.00 0.00
2023 05 10 17 22 -26.72 0.00 0.00 0.00 0.00
2023 05 10 17 23 -26.57 0.00 0.00 0.00 0.00
2023 05 10 17 24 -26.42 0.00 0.00 0.00 0.00
2023 05 10 17 25 -26.27 0.00 0.00 0.00 0.00
2023 05 10 17 26 -26.12 0.00 0.00 0.00 0.00
2023 05 10 17 27 -25.96 0.00 0.00 0.00 0.00
2023 05 10 17 28 -25.81 0.00 0.00 0.00 0.00
2023 05 10 17 29 -25.65 0.00 0.00 0.00 0.00
2023 05 10 17 30 -25.50 0.00 0.00 0.00 0.00
2023 05 10 17 31 -25.34 0.00 0.00 0.00 0.00
2023 05 10 17 32 -25.19 0.00 0.00 0.00 0.00
2023 05 10 17 33 -25.03 0.00 0.00 0.00 0.00
2023 05 10 17 34 -24.87 0.00 0.00 0.00 0.00
2023 05 10 17 35 -24.72 0.00 0.00 0.00 0.00
2023 05 10 17 36 -24.56 0.00 0.00 0.00 0.00
2023 05 10 17 37 -24.40 0.00 0.00 0.00 0.00
2023 05 10 17 38 -24.24 0.00 0.00 0.00 0.00
2023 05 10 17 39 -24.08 0.00 0.00 0.00 0.00
2023 05 10 17 40 -23.92 0.00 0.00 0.00 0.00
2023 05 10 17 41 -23.76 0.00 0.00 0.00 0.00
2023 05 10 17 42 -23.60 0.00 0.00 0.00 0.00
2023 05 10 17 43 -23.44 0.00 0.00 0.00 0.00
2023 05 10 17 44 -23.27 0.00 0.00 0.00 0.00
2023 05 10 17 45 -23.11 0.00 0.00 0.00 0.00
2023 05 10 17 46 -22.95 0.00 0.00 0.00 0.00
2023 05 10 17 47 -22.79 0.00 0.00 0.00 0.00
2023 05 10 17 48 -22.62 0.00 0.00 0.00 0.00
2023 05 10 17 49 -22.46 0.00 0.00 0.00 0.00
2023 05 10 17 50 -22.29 0.00 0.00 0.00 0.00
2023 05 10 17 51 -22.13 0.00 0.00 0.00 0.00
2023 05 10 17 52 -21.96 0.00 0.00 0.00 0.00
2023 05 10 17 53 -21.79 0.00 0.00 0.00 0.00
2023 05 10 17 54 -21.63 0.00 0.00 0.00 0.00
2023 05 10 17 55 -21.46 0.00 0.00 0.00 0.00
2023 05 10 17 56 -21.29 0.00 0.00 0.00 0.00
2023 05 10 17 57 -21.12 0.00 0.00 0.00 0.00
2023 05 10 17 58 -20.95 0.00 0.00 0.00 0.00
2023 05 10 17 59 -20.79 0.00 0.00 0.00 0.00
2023 05 10 18 00 -20.62 0.00 0.00 0.00 0.00
2023 05 10 18 01 -20.45 0.00 0.00 0.00 0.00
2023 05 10 18 02 -20.28 0.00 0.00 0.00 0.00
2023 05 10 18 03 -20.11 0.00 0.00 0.00 0.00
2023 05 10 18 04 -19.93 0.00 0.00 0.00 0.00
2023 05 10 18 05 -19.76 0.00 0.00 0.00 0.00
2023 05 10 18 06 -19.59 0.00 0.00 0.00 0.00
2023 05 10 18 07 -19.42 0.00 0.00 0.00 0.00
2023 05 10 18 08 -19.25 0.00 0.00 0.00 0.00
2023 05 10 18 09 -19.07 0.00 0.00 0.00 0.00
2023 05 10 18 10 -18.90 0.00 0.00 0.00 0.00
2023 05 10 18 11 -18.72 0.00 0.00 0.00 0.00
2023 05 10 18 12 -18.55 0.00 0.00 0.00 0.00
2023 05 10 18 13 -18.38 0.00 0.00 0.00 0.00
2023 05 10 18 14 -18.20 0.00 0.00 0.00 0.00
2023 05 10 18 15 -18.02 0.00 0.00 0.00 0.00
2023 05 10 18 16 -17.85 0.00 0.00 0.00 0.00
2023 05 10 18 17 -17.67 0.00 0.00 0.00 0.00
2023 05 10 18 18 -17.50 0.00 0.00 0.00 0.00
2023 05 10 18 19 -17.32 0.00 0.00 0.00 0.00
2023 05 10 18 20 -17.14 0.00 0.00 0.00 0.00
2023 05 10 18 21 -16.96 0.00 0.00 0.00 0.00
2023 05 10 18 22 -16.78 0.00 0.00 0.00 0.00
2023 05 10 18 23 -16.61 0.00 0.00 0.00 0.00
2023 05 10 18 24 -16.43 0.00 0.00 0.00 0.00
2023 05 10 18 25 -16.25 0.00 0.00 0.00 0.00
2023 05 10 18 26 -16.07 0.00 0.00 0.00 0.00
2023 05 10 18 27 -15.89 0.00 0.00 0.00 0.00
2023 05 10 18 28 -15.71 0.00 0.00 0.00 0.00
2023 05 10 18 29 -15.53 0.00 0.00 0.00 0.00
2023 05 10 18 30 -15.35 0.00 0.00 0.00 0.00
2023 05 10 18 31 -15.16 0.00 0.00 0.00 0.00
2023 05 10 18 32 -14.98 0.00 0.00 0.00 0.00
2023 05 10 18 33 -14.80 0.00 0.00 0.00 0.00
2023 05 10 18 34 -14.62 0.00 0.00 0.00 0.00
2023 05 10 18 35 -14.44 0.00 0.00 0.00 0.00
2023 05 10 18 36 -14.25 0.00 0.00 0.00 0.00
2023 05 10 18 37 -14.07 0.00 0.00 0.00 0.00
2023 05 10 18 38 -13.89 0.00 0.00 0.00 0.00
2023 05 10 18 39 -13.70 0.00 0.00 0.00 0.00
2023 05 10 18 40 -13.52 0.00 0.00 0.00 0.00
2023 05 10 18 41 -13.33 0.00 0.00 0.00 0.00
2023 05 10 18 42 -13.15 0.00 0.00 0.00 0.00
2023 05 10 18 43 -12.96 0.00 0.00 0.00 0.00
2023 05 10 18 44 -12.78 0.00 0.00 0.00 0.00
2023 05 10 18 45 -12.59 0.00 0.00 0.00 0.00
2023 05 10 18 46 -12.40 0.00 0.00 0.00 0.00
2023 05 10 18 47 -12.22 0.00 0.00 0.00 0.00
2023 05 10 18 48 -12.03 0.00 0.00 0.00 0.00
2023 05 10 18 49 -11.84 0.00 0.00 0.00 0.00
2023 05 10 18 50 -11.66 0.00 0.00 0.00 0.00
2023 05 10 18 51 -11.47 0.00 0.00 0.00 0.00
2023 05 10 18 52 -11.28 0.00 0.00 0.00 0.00
2023 05 10 18 53 -11.09 0.00 0.00 0.00 0.00
2023 05 10 18 54 -10.90 0.00 0.00 0.00 0.00
2023 05 10 18 55 -10.72 0.00 0.00 0.00 0.00
2023 05 10 18 56 -10.53 0.00 0.00 0.00 0.00
2023 05 10 18 57 -10.34 0.00 0.00 0.00 0.00
2023 05 10 18 58 -10.15 0.00 0.00 0.00 0.00
2023 05 10 18 59 -9.96 0.00 0.00 0.00 0.00
2023 05 10 19 00 -9.77 0.00 0.00 0.00 0.00
2023 05 10 19 01 -9.58 0.00 0.00 0.00 0.00
2023 05 10 19 02 -9.39 0.00 0.00 0.00 0.00
2023 05 10 19 03 -9.19 0.00 0.00 0.00 0.00
2023 05 10 19 04 -9.00 0.00 0.00 0.00 0.00
2023 05 10 19 05 -8.81 0.00 0.00 0.00 0.00
2023 05 10 19 06 -8.62 0.00 0.00 0.00 0.00
2023 05 10 19 07 -8.43 0.00 0.00 0.00 0.00
2023 05 10 19 08 -8.23 0.00 0.00 0.00 0.00
2023 05 10 19 09 -8.04 0.00 0.00 0.00 0.00
2023 05 10 19 10 -7.85 0.00 0.00 0.00 0.00
2023 05 10 19 11 -7.66 0.00 0.00 0.00 0.00
2023 05 10 19 12 -7.46 0.00 0.00 0.00 0.00
2023 05 10 19 13 -7.27 0.00 0.00 0.00 0.00
2023 05 10 19 14 -7.07 0.00 0.00 0.00 0.00
2023 05 10 19 15 -6.88 0.00 0.00 0.00 0.00
2023 05 10 19 16 -6.69 0.00 0.00 0.00 0.00
2023 05 10 19 17 -6.49 0.00 0.00 0.00 0.00
2023 05 10 19 18 -6.30 0.00 0.00 0.00 0.00
2023 05 10 19 19 -6.10 0.00 0.00 0.00 0.00
2023 05 10 19 20 -5.91 0.00 0.00 0.00 0.00
2023 05 10 19 21 -5.71 0.00 0.00 0.00 0.00
2023 05 10 19 22 -5.51 0.00 0.00 0.00 0.00
2023 05 10 19 23 -5.32 0.00 0.00 0.00 0.00
2023 05 10 19 24 -5.12 0.00 0.00 0.00 0.00
2023 05 10 19 25 -4.93 0.00 0.00 0.00 0.00
2023 05 10 19 26 -4.73 0.00 0.00 0.00 0.00
2023 05 10 19 27 -4.53 0.00 0.00 0.00 0.00
2023 05 10 19 28 -4.33 0.00 0.00 0.00 0.00
2023 05 10 19 29 -4.14 0.00 0.00 0.00 0.00
2023 05 10 19 30 -3.94 0.00 0.00 0.00 0.00
2023 05 10 19 31 -3.74 0.00 0.00 0.00 0.00
2023 05 10 19 32 -3.54 0.00 0.00 0.00 0.00
2023 05 10 19 33 -3.34 0.00 0.00 0.00 0.00
2023 05 10 19 34 -3.15 0.00 0.00 0.00 0.00
2023 05 10 19 35 -2.95 0.00 0.00 0.00 0.00
2023 05 10 19 36 -2.75 0.00 0.00 0.00 0.00
2023 05 10 19 37 -2.55 0.00 0.00 0.00 0.00
2023 05 10 19 38 -2.35 0.00 0.00 0.00 0.00
2023 05 10 19 39 -2.15 0.00 0.00 0.00 0.00
2023 05 10 19 40 -1.95 0.00 0.00 0.00 0.00
2023 05 10 19 41 -1.75 0.00 0.00 0.00 0.00
2023 05 10 19 42 -1.55 0.00 0.00 0.00 0.00
2023 05 10 19 43 -1.35 0.00 0.00 0.00 0.00
2023 05 10 19 44 -1.15 0.00 0.00 0.00 0.00
2023 05 10 19 45 -0.95 0.00 0.00 0.00 0.00
2023 05 10 19 46 -0.75 0.00 0.00 0.00 0.00
2023 05 10 19 47 -0.55 0.00 0.00 0.00 0.00
2023 05 10 19 48 -0.34 0.00 0.00 0.00 0.00
2023 05 10 19 49 -0.14 0.00 0.00 0.00 0.00
2023 05 10 19 50 0.06 0.00 0.00 0.00 0.00
2023 05 10 19 51 0.26 0.00 0.00 0.00 0.00
2023 05 10 19 52 0.46 0.00 0.00 0.00 0.00
2023 05 10 19 53 0.67 0.00 0.00 0.00 0.00
2023 05 10 19 54 0.87 0.00 0.00 0.00 0.00
2023 05 10 19 55 1.07 0.00 0.00 0.00 0.00
2023 05 10 19 56 1.27 0.00 0.00 0.00 0.00
2023 05 10 19 57 1.48 0.00 0.00 0.00 0.00
2023 05 10 19 58 1.68 0.00 0.00 0.00 0.00
2023 05 10 19 59 1.88 0.00 0.00 0.00 0.00
2023 05 10 20 00 2.09 0.00 0.00 0.00 0.00
2023 05 10 20 01 2.29 0.00 0.00 0.00 0.00
2023 05 10 20 02 2.50 0.00 0.00 0.00 0.00
2023 05 10 20 03 2.70 0.00 0.00 0.00 0.00
2023 05 10 20 04 2.90 0.00 0.00 0.00 0.00
2023 05 10 20 05 3.11 0.00 0.00 0.00 0.00
2023 05 10 20 06 3.31 0.00 0.00 0.00 0.00
2023 05 10 20 07 3.52 0.00 0.00 0.00 0.00
2023 05 10 20 08 3.72 0.00 0.00 0.00 0.00
2023 05 10 20 09 3.93 0.00 0.00 0.00 0.00
2023 05 10 20 10 4.13 0.00 0.00 0.00 0.00
2023 05 10 20 11 4.34 0.00 0.00 0.00 0.00
2023 05 10 20 12 4.55 0.00 0.00 0.00 0.00
2023 05 10 20 13 4.75 0.00 0.00 0.00 0.00
2023 05 10 20 14 4.96 0.00 0.00 0.00 0.00
2023 05 10 20 15 5.16 0.00 0.00 0.00 0.00
2023 05 10 20 16 5.37 0.00 0.00 0.00 0.00
2023 05 10 20 17 5.58 0.00 0.00 0.00 0.00
2023 05 10 20 18 5.78 0.00 0.00 0.00 0.00
2023 05 10 20 19 5.99 0.00 0.00 0.00 0.00
2023 05 10 20 20 6.20 0.00 0.00 0.00 0.00
2023 05 10 20 21 6.40 0.00 0.00 0.00 0.00
2023 05 10 20 22 6.61 0.00 0.00 0.00 0.00
2023 05 10 20 23 6.82 0.00 0.00 0.00 0.00
2023 05 10 20 24 7.03 0.00 0.00 0.00 0.00
2023 05 10 20 25 7.23 0.00 0.00 0.00 0.00
2023 05 10 20 26 7.44 0.00 0.00 0.00 0.00
2023 05 10 20 27 7.65 0.00 0.00 0.00 0.00
2023 05 10 20 28 7.86 0.00 0.00 0.00 0.00
2023 05 10 20 29 8.07 0.00 0.00 0.00 0.00
2023 05 10 20 30 8.28 0.00 0.00 0.00 0.00
2023 05 10 20 31 8.48 0.00 0.00 0.00 0.00
2023 05 10 20 32 8.69 0.00 0.00 0.00 0.00
2023 05 10 20 33 8.90 0.00 0.00 0.00 0.00
2023 05 10 20 34 9.11 0.00 0.00 0.00 0.00
2023 05 10 20 35 9.32 0.00 0.00 0.00 0.00
2023 05 10 20 36 9.53 0.00 0.00 0.00 0.00
2023 05 10 20 37 9.74 0.00 0.00 0.00 0.00
2023 05 10 20 38 9.95 0.00 0.00 0.00 0.00
2023 05 10 20 39 10.16 74.30 112.65 47.08 0.00
2023 05 10 20 40 10.37 74.29 112.60 47.39 0.00
2023 05 10 20 41 10.58 74.29 112.55 47.70 0.00
2023 05 10 20 42 10.79 74.30 112.50 48.01 0.00
2023 05 10 20 43 11.00 74.31 112.45 48.33 0.00
2023 05 10 20 44 11.21 74.33 112.40 48.64 0.00
2023 05 10 20 45 11.42 74.35 112.35 48.95 0.00
2023 05 10 20 46 11.63 74.38 112.30 49.27 0.00
2023 05 10 20 47 11.84 74.42 112.25 49.58 0.00
2023 05 10 20 48 12.05 74.46 112.20 49.90 0.00
2023 05 10 20 49 12.26 74.51 112.16 50.22 0.00
2023 05 10 20 50 12.47 74.56 112.11 50.54 0.00
2023 05 10 20 51 12.69 74.62 112.06 50.86 0.00
2023 05 10 20 52 12.90 74.69 112.02 51.17 0.00
2023 05 10 20 53 13.11 74.76 111.97 51.49 0.00
2023 05 10 20 54 13.32 74.84 111.93 51.82 0.00
2023 05 10 20 55 13.53 74.92 111.88 52.14 0.00
2023 05 10 20 56 13.74 75.01 111.84 52.46 0.00
2023 05 10 20 57 13.96 75.10 111.79 52.78 0.00
2023 05 10 20 58 14.17 75.20 111.75 53.10 14.08
2023 05 10 20 59 14.38 75.31 111.71 53.42 14.10
2023 05 10 21 00 14.59 75.42 111.66 53.75 14.12
2023 05 10 21 01 14.81 75.54 111.62 54.07 14.13
2023 05 10 21 02 15.02 75.66 111.58 54.40 14.15
2023 05 10 21 03 15.23 75.79 111.54 54.72 14.17
2023 05 10 21 04 15.44 75.93 111.50 55.04 14.19
2023 05 10 21 05 15.66 76.07 111.46 55.37 14.21
2023 05 10 21 06 15.87 76.21 111.42 55.69 14.23
2023 05 10 21 07 16.08 76.36 111.38 56.02 14.25
2023 05 10 21 08 16.30 76.52 111.34 56.35 14.26
2023 05 10 21 09 16.51 76.68 111.31 56.67 14.28
2023 05 10 21 10 16.72 76.85 111.27 57.00 14.30
2023 05 10 21 11 16.94 77.02 111.23 57.32 14.32
2023 05 10 21 12 17.15 77.20 111.20 57.65 14.34
2023 05 10 21 13 17.37 77.38 111.16 57.97 14.36
2023 05 10 21 14 17.58 77.57 111.12 58.30 14.37
2023 05 10 21 15 17.79 77.76 111.09 58.63 14.39
2023 05 10 21 16 18.01 77.96 111.06 58.95 14.41
2023 05 10 21 17 18.22 78.16 111.02 59.28 14.43
2023 05 10 21 18 18.44 78.37 110.99 59.60 14.45
2023 05 10 21 19 18.65 78.58 110.96 59.93 14.46
2023 05 10 21 20 18.87 78.80 110.93 60.26 14.48
2023 05 10 21 21 19.08 79.02 110.90 60.58 14.50
2023 05 10 21 22 19.30 79.24 110.87 60.91 14.52
2023 05 10 21 23 19.51 79.47 110.84 61.23 14.53
2023 05 10 21 24 19.73 79.71 110.81 61.56 14.55
2023 05 10 21 25 19.94 79.95 110.78 61.89 14.57
2023 05 10 21 26 20.16 80.19 110.75 62.21 14.59
2023 05 10 21 27 20.37 80.44 110.72 62.54 14.60
2023 05 10 21 28 20.59 80.70 110.70 62.86 14.62
2023 05 10 21 29 20.80 80.95 110.67 63.19 14.64
2023 05 10 21 30 21.02 81.22 110.65 63.51 14.66
2023 05 10 21 31 21.23 81.48 110.62 63.84 14.67
2023 05 10 21 32 21.45 81.75 110.60 64.16 14.69
2023 05 10 21 33 21.67 82.02 110.57 64.48 14.71
2023 05 10 21 34 21.88 82.30 110.55 64.81 14.72
2023 05 10 21 35 22.10 82.58 110.53 65.13 14.74
2023 05 10 21 36 22.31 82.87 110.51 65.45 14.76
2023 05 10 21 37 22.53 83.16 110.49 65.78 14.77
2023 05 10 21 38 22.75 83.45 110.47 66.10 14.79
2023 05 10 21 39 22.96 83.75 110.45 66.42 14.81
2023 05 10 21 40 23.18 84.05 110.43 66.74 14.82
2023 05 10 21 41 23.40 84.35 110.41 67.06 14.84
2023 05 10 21 42 23.61 84.66 110.39 67.39 14.86
2023 05 10 21 43 23.83 84.97 110.37 67.71 14.87
2023 05 10 21 44 24.05 85.28 110.36 68.03 14.89
2023 05 10 21 45 24.26 85.60 110.34 68.35 14.91
2023 05 10 21 46 24.48 85.92 110.33 68.67 14.92
2023 05 10 21 47 24.70 86.25 110.31 68.98 14.94
2023 05 10 21 48 24.92 86.57 110.30 69.30 14.96
2023 05 10 21 49 25.13 86.90 110.29 69.62 14.97
2023 05 10 21 50 25.35 87.24 110.27 69.94 14.99
2023 05 10 21 51 25.57 87.57 110.26 70.26 15.00
2023 05 10 21 52 25.79 87.91 110.25 70.57 15.02
2023 05 10 21 53 26.00 88.25 110.24 70.89 15.04
2023 05 10 21 54 26.22 88.59 110.23 71.20 15.05
2023 05 10 21 55 26.44 88.94 110.22 71.52 15.07
2023 05 10 21 56 26.66 89.29 110.21 71.83 15.08
2023 05 10 21 57 26.88 89.64 110.21 72.15 15.10
2023 05 10 21 58 27.09 90.00 110.20 72.46 15.11
2023 05 10 21 59 27.31 90.35 110.19 72.77 15.13
2023 05 10 22 00 27.53 90.71 110.19 73.09 15.15
2023 05 10 22 01 27.75 91.08 110.18 73.40 15.16
2023 05 10 22 02 27.97 91.44 110.18 73.71 15.18
2023 05 10 22 03 28.18 91.81 110.18 74.02 15.19
2023 05 10 22 04 28.40 92.17 110.17 74.33 15.21
2023 05 10 22 05 28.62 92.55 110.17 74.64 15.22
2023 05 10 22 06 28.84 92.92 110.17 74.95 15.24
2023 05 10 22 07 29.06 93.29 110.17 75.25 15.25
2023 05 10 22 08 29.28 93.67 110.17 75.56 15.27
2023 05 10 22 09 29.50 94.05 110.17 75.87 15.28
2023 05 10 22 10 29.72 94.43 110.17 76.17 15.30
2023 05 10 22 11 29.94 94.81 110.18 76.48 15.31
2023 05 10 22 12 30.15 95.19 110.18 76.78 15.33
2023 05 10 22 13 30.37 95.58 110.18 77.09 15.34
2023 05 10 22 14 30.59 95.97 110.19 77.39 15.36
2023 05 10 22 15 30.81 96.36 110.19 77.69 15.37
2023 05 10 22 16 31.03 96.75 110.20 77.99 15.38
2023 05 10 22 17 31.25 97.14 110.20 78.30 15.40
2023 05 10 22 18 31.47 97.53 110.21 78.60 15.41
2023 05 10 22 19 31.69 97.93 110.22 78.90 15.43
2023 05 10 22 20 31.91 98.32 110.23 79.19 15.44
2023 05 10 22 21 32.13 98.72 110.24 79.49 15.46
2023 05 10 22 22 32.35 99.12 110.25 79.79 15.47
2023 05 10 22 23 32.57 99.52 110.26 80.09 15.49
2023 05 10 22 24 32.79 99.92 110.27 80.38 15.50
2023 05 10 22 25 33.01 100.33 110.28 80.68 15.51
2023 05 10 22 26 33.23 100.73 110.29 80.97 15.53
2023 05 10 22 27 33.45 101.13 110.31 81.26 15.54
2023 05 10 22 28 33.67 101.54 110.32 81.56 15.56
2023 05 10 22 29 33.89 101.95 110.34 81.85 15.57
2023 05 10 22 30 34.11 102.35 110.35 82.14 15.58
2023 05 10 22 31 34.33 102.76 110.37 82.43 15.60
2023 05 10 22 32 34.55 103.17 110.38 82.72 15.61
2023 05 10 22 33 34.77 103.58 110.40 83.00 15.62
2023 05 10 22 34 34.99 103.99 110.42 83.29 15.64
2023 05 10 22 35 35.21 104.41 110.44 83.58 15.65
2023 05 10 22 36 35.43 104.82 110.46 83.86 15.66
2023 05 10 22 37 35.66 105.23 110.48 84.15 15.68
2023 05 10 22 38 35.88 105.64 110.50 84.43 15.69
2023 05 10 22 39 36.10 106.06 110.52 84.72 15.70
2023 05 10 22 40 36.32 106.47 110.54 85.00 15.72
2023 05 10 22 41 36.54 106.89 110.56 85.28 15.73
2023 05 10 22 42 36.76 107.30 110.59 85.56 15.74
2023 05 10 22 43 36.98 107.72 110.61 85.84 15.76
2023 05 10 22 44 37.20 108.14 110.63 86.12 15.77
2023 05 10 22 45 37.42 108.55 110.66 86.39 15.78
2023 05 10 22 46 37.65 108.97 110.69 86.67 15.79
2023 05 10 22 47 37.87 109.39 110.71 86.95 15.81
2023 05 10 22 48 38.09 109.81 110.74 87.22 15.82
2023 05 10 22 49 38.31 110.22 110.77 87.49 15.83
2023 05 10 22 50 38.53 110.64 110.80 87.77 15.85
2023 05 10 22 51 38.75 111.06 110.82 88.04 15.86
2023 05 10 22 52 38.97 111.48 110.85 88.31 15.87
2023 05 10 22 53 39.20 111.90 110.88 88.58 15.88
2023 05 10 22 54 39.42 112.31 110.91 88.85 15.89
2023 05 10 22 55 39.64 112.73 110.95 89.12 15.91
2023 05 10 22 56 39.86 113.15 110.98 89.38 15.92
2023 05 10 22 57 40.08 113.57 111.01 89.65 15.93
2023 05 10 22 58 40.31 113.99 111.04 89.91 15.94
2023 05 10 22 59 40.53 114.41 111.08 90.18 15.96
2023 05 10 23 00 40.75 114.82 111.11 90.44 15.97
2023 05 10 23 01 40.97 115.24 111.15 90.70 15.98
2023 05 10 23 02 41.19 115.66 111.18 90.96 15.99
2023 05 10 23 03 41.42 116.08 111.22 91.22 16.00
2023 05 10 23 04 41.64 116.49 111.25 91.48 16.02
2023 05 10 23 05 41.86 116.91 111.29 91.74 16.03
2023 05 10 23 06 42.08 117.33 111.33 92.00 16.04
2023 05 10 23 07 42.30 117.74 111.37 92.25 16.05
2023 05 10 23 08 42.53 118.16 111.40 92.51 16.06
2023 05 10 23 09 42.75 118.57 111.44 92.76 16.07
2023 05 10 23 10 42.97 118.99 111.48 93.01 16.08
2023 05 10 23 11 43.19 119.40 111.52 93.27 16.10
2023 05 10 23 12 43.42 119.82 111.56 93.52 16.11
2023 05 10 23 13 43.64 120.23 111.60 93.77 16.12
2023 05 10 23 14 43.86 120.64 111.65 94.02 16.13
2023 05 10 23 15 44.09 121.05 111.69 94.26 16.14
2023 05 10 23 16 44.31 121.47 111.73 94.51 16.15
2023 05 10 23 17 44.53 121.88 111.77 94.75 16.16
2023 05 10 23 18 44.75 122.29 111.82 95.00 16.17
2023 05 10 23 19 44.98 122.70 111.86 95.24 16.18
2023 05 10 23 20 45.20 123.11 111.91 95.48 16.19
2023 05 10 23 21 45.42 123.51 111.95 95.72 16.21
2023 05 10 23 22 45.65 123.92 112.00 95.96 16.22
2023 05 10 23 23 45.87 124.33 112.04 96.20 16.23
2023 05 10 23 24 46.09 124.74 112.09 96.44 16.24
2023 05 10 23 25 46.32 125.14 112.14 96.68 16.25
2023 05 10 23 26 46.54 125.54 112.18 96.91 16.26
2023 05 10 23 27 46.76 125.95 112.23 97.15 16.27
2023 05 10 23 28 46.99 126.35 112.28 97.38 16.28
2023 05 10 23 29 47.21 126.75 112.33 97.61 16.29
2023 05 10 23 30 47.43 127.15 112.38 97.84 16.30
2023 05 10 23 31 47.66 127.55 112.43 98.07 16.31
2023 05 10 23 32 47.88 127.95 112.48 98.30 16.32
2023 05 10 23 33 48.10 128.35 112.53 98.53 16.33
2023 05 10 23 34 48.33 128.75 112.58 98.76 16.34
2023 05 10 23 35 48.55 129.14 112.63 98.98 16.35
2023 05 10 23 36 48.77 129.54 112.68 99.20 16.36
2023 05 10 23 37 49.00 129.93 112.73 99.43 16.37
2023 05 10 23 38 49.22 130.32 112.78 99.65 16.38
2023 05 10 23 39 49.44 130.72 112.83 99.87 16.39
2023 05 10 23 40 49.67 131.11 112.89 100.09 16.40
2023 05 10 23 41 49.89 131.50 112.94 100.31 16.41
2023 05 10 23 42 50.11 131.88 112.99 100.53 16.42
2023 05 10 23 43 50.34 132.27 113.05 100.74 16.43
2023 05 10 23 44 50.56 132.66 113.10 100.96 16.44
2023 05 10 23 45 50.79 133.04 113.15 101.17 16.44
2023 05 10 23 46 51.01 133.42 113.21 101.38 16.45
2023 05 10 23 47 51.23 133.81 113.26 101.59 16.46
2023 05 10 23 48 51.46 134.19 113.32 101.80 16.47
2023 05 10 23 49 51.68 134.57 113.37 102.01 16.48
2023 05 10 23 50 51.91 134.94 113.43 102.22 16.49
2023 05 10 23 51 52.13 135.32 113.49 102.43 16.50
2023 05 10 23 52 52.35 135.70 113.54 102.63 16.51
2023 05 10 23 53 52.58 136.07 113.60 102.84 16.52
2023 05 10 23 54 52.80 136.44 113.65 103.04 16.53
2023 05 10 23 55 53.03 136.81 113.71 103.24 16.53
2023 05 10 23 56 53.25 137.18 113.77 103.44 16.54
2023 05 10 23 57 53.48 137.55 113.83 103.64 16.55
2023 05 10 23 58 53.70 137.92 113.88 103.84 16.56
2023 05 10 23 59 53.92 138.28 113.94 104.04 16.57
2023 05 11 00 00 54.15 138.65 114.00 104.24 16.58
2023 05 11 00 01 54.37 139.01 114.06 104.43 16.58
2023 05 11 00 02 54.60 139.37 114.12 104.62 16.59
2023 05 11 00 03 54.82 139.73 114.17 104.82 16.60
2023 05 11 00 04 55.05 140.09 114.23 105.01 16.61
2023 05 11 00 05 55.27 140.45 114.29 105.20 16.62
2023 05 11 00 06 55.49 140.80 114.35 105.39 16.63
2023 05 11 00 07 55.72 141.15 114.41 105.57 16.63
2023 05 11 00 08 55.94 141.50 114.47 105.76 16.64
2023 05 11 00 09 56.17 141.85 114.53 105.95 16.65
2023 05 11 00 10 56.39 142.20 114.59 106.13 16.66
2023 05 11 00 11 56.62 142.55 114.65 106.31 16.67
2023 05 11 00 12 56.84 142.89 114.71 106.49 16.67
2023 05 11 00 13 57.07 143.24 114.77 106.67 16.68
2023 05 11 00 14 57.29 143.58 114.83 106.85 16.69
2023 05 11 00 15 57.51 143.92 114.89 107.03 16.70
2023 05 11 00 16 57.74 144.26 114.94 107.21 16.70
2023 05 11 00 17 57.96 144.59 115.00 107.38 16.71
2023 05 11 00 18 58.19 144.93 115.06 107.56 16.72
2023 05 11 00 19 58.41 145.26 115.12 107.73 16.73
2023 05 11 00 20 58.64 145.59 115.19 107.90 16.73
2023 05 11 00 21 58.86 145.92 115.25 108.07 16.74
2023 05 11 00 22 59.09 146.25 115.31 108.24 16.75
2023 05 11 00 23 59.31 146.57 115.37 108.41 16.75
2023 05 11 00 24 59.54 146.90 115.43 108.58 16.76
2023 05 11 00 25 59.76 147.22 115.49 108.74 16.77
2023 05 11 00 26 59.99 147.54 115.55 108.91 16.78
2023 05 11 00 27 60.21 147.86 115.61 109.07 16.78
2023 05 11 00 28 60.44 148.17 115.67 109.23 16.79
2023 05 11 00 29 60.66 148.49 115.73 109.39 16.80
2023 05 11 00 30 60.89 148.80 115.79 109.55 16.80
2023 05 11 00 31 61.11 149.11 115.85 109.71 16.81
2023 05 11 00 32 61.34 149.42 115.91 109.87 16.82
2023 05 11 00 33 61.56 149.73 115.97 110.03 16.82
2023 05 11 00 34 61.79 150.03 116.03 110.18 16.83
2023 05 11 00 35 62.01 150.34 116.09 110.33 16.84
2023 05 11 00 36 62.23 150.64 116.14 110.49 16.84
2023 05 11 00 37 62.46 150.94 116.20 110.64 16.85
2023 05 11 00 38 62.68 151.23 116.26 110.79 16.86
2023 05 11 00 39 62.91 151.53 116.32 110.93 16.86
2023 05 11 00 40 63.13 151.82 116.38 111.08 16.87
2023 05 11 00 41 63.36 152.11 116.44 111.23 16.88
2023 05 11 00 42 63.58 152.40 116.50 111.37 16.88
2023 05 11 00 43 63.81 152.69 116.56 111.52 16.89
2023 05 11 00 44 64.03 152.97 116.62 111.66 16.90
2023 05 11 00 45 64.26 153.25 116.67 111.80 16.91
2023 05 11 00 46 64.48 153.54 116.73 111.94 16.91
2023 05 11 00 47 64.71 153.81 116.79 112.08 16.92
2023 05 11 00 48 64.93 154.09 116.85 112.22 16.93
2023 05 11 00 49 65.16 154.36 116.91 112.35 16.93
2023 05 11 00 50 65.38 154.64 116.96 112.49 16.94
2023 05 11 00 51 65.61 154.91 117.02 112.62 16.95
2023 05 11 00 52 65.83 155.17 117.08 112.75 16.95
2023 05 11 00 53 66.06 155.44 117.13 112.88 16.96
2023 05 11 00 54 66.28 155.70 117.19 113.01 16.97
2023 05 11 00 55 66.51 155.97 117.25 113.14 16.98
2023 05 11 00 56 66.73 156.23 117.30 113.27 16.98
2023 05 11 00 57 66.96 156.48 117.36 113.40 16.99
2023 05 11 00 58 67.18 156.74 117.41 113.52 17.00
2023 05 11 00 59 67.41 156.99 117.47 113.65 17.01
2023 05 11 01 00 67.63 157.24 117.52 113.77 17.01
2023 05 11 01 01 67.85 157.49 117.58 113.89 17.02
2023 05 11 01 02 68.08 157.74 117.63 114.01 17.03
2023 05 11 01 03 68.30 157.98 117.69 114.13 17.04
2023 05 11 01 04 68.53 158.22 117.74 114.25 17.05
2023 05 11 01 05 68.75 158.46 117.79 114.36 17.06
2023 05 11 01 06 68.98 158.70 117.85 114.48 17.06
2023 05 11 01 07 69.20 158.93 117.90 114.59 17.07
2023 05 11 01 08 69.43 159.16 117.95 114.71 17.08
2023 05 11 01 09 69.65 159.39 118.00 114.82 17.09
2023 05 11 01 10 69.88 159.62 118.06 114.93 17.10
2023 05 11 01 11 70.10 159.85 118.11 115.04 17.11
2023 05 11 01 12 70.32 160.07 118.16 115.15 17.12
2023 05 11 01 13 70.55 160.29 118.21 115.25 17.14
2023 05 11 01 14 70.77 160.51 118.26 115.36 17.15
2023 05 11 01 15 71.00 160.73 118.31 115.46 17.16
2023 05 11 01 16 71.22 160.94 118.36 115.57 17.17
2023 05 11 01 17 71.45 161.15 118.41 115.67 17.19
2023 05 11 01 18 71.67 161.36 118.45 115.77 17.20
2023 05 11 01 19 71.89 161.57 118.50 115.87 17.21
2023 05 11 01 20 72.12 161.78 118.55 115.97 17.23
2023 05 11 01 21 72.34 161.98 118.60 116.06 17.24
2023 05 11 01 22 72.56 162.18 118.64 116.16 17.26
2023 05 11 01 23 72.79 162.38 118.69 116.25 17.28
2023 05 11 01 24 73.01 162.57 118.73 116.35 17.30
2023 05 11 01 25 73.24 162.76 118.78 116.44 17.32
2023 05 11 01 26 73.46 162.95 118.82 116.53 17.34
2023 05 11 01 27 73.68 163.14 118.87 116.62 17.36
2023 05 11 01 28 73.91 163.33 118.91 116.71 17.38
2023 05 11 01 29 74.13 163.51 118.96 116.80 17.40
2023 05 11 01 30 74.35 163.69 119.00 116.89 17.43
2023 05 11 01 31 74.58 163.87 119.04 116.97 17.46
2023 05 11 01 32 74.80 164.05 119.08 117.05 17.49
2023 05 11 01 33 75.02 164.22 119.12 117.14 17.52
2023 05 11 01 34 75.24 164.39 119.16 117.22 17.55
2023 05 11 01 35 75.47 164.56 119.20 117.30 17.58
2023 05 11 01 36 75.69 164.73 119.24 117.38 17.62
2023 05 11 01 37 75.91 164.89 119.28 117.46 17.66
2023 05 11 01 38 76.13 165.05 119.32 117.54 17.70
2023 05 11 01 39 76.35 165.21 119.36 117.61 17.74
2023 05 11 01 40 76.58 165.37 119.39 117.69 17.79
2023 05 11 01 41 76.80 165.52 119.43 117.76 17.84
2023 05 11 01 42 77.02 165.67 119.47 117.83 17.90
2023 05 11 01 43 77.24 165.82 119.50 117.90 17.95
2023 05 11 01 44 77.46 165.97 119.54 117.97 18.02
2023 05 11 01 45 77.68 166.11 119.57 118.04 18.08
2023 05 11 01 46 77.90 166.25 119.60 118.11 18.15
2023 05 11 01 47 78.12 166.39 119.64 118.18 18.23
2023 05 11 01 48 78.34 166.53 119.67 118.24 18.31
2023 05 11 01 49 78.56 166.66 119.70 118.31 18.40
2023 05 11 01 50 78.78 166.79 119.73 118.37 18.50
2023 05 11 01 51 79.00 166.92 119.76 118.43 18.60
2023 05 11 01 52 79.22 167.05 119.79 118.49 18.71
2023 05 11 01 53 79.44 167.17 119.82 118.55 18.83
2023 05 11 01 54 79.66 167.29 119.85 118.61 18.96
2023 05 11 01 55 79.87 167.41 119.88 118.67 19.10
2023 05 11 01 56 80.09 167.53 119.90 118.73 19.25
2023 05 11 01 57 80.31 167.64 119.93 118.78 19.41
2023 05 11 01 58 80.52 167.75 119.95 118.84 19.59
2023 05 11 01 59 80.74 167.86 119.98 118.89 19.78
2023 05 11 02 00 80.96 167.97 120.00 118.94 19.98
2023 05 11 02 01 81.17 168.07 120.02 118.99 20.21
2023 05 11 02 02 81.38 168.17 120.05 119.04 20.45
2023 05 11 02 03 81.60 168.27 120.07 119.09 20.72
2023 05 11 02 04 81.81 168.36 120.09 119.14 21.00
2023 05 11 02 05 82.02 168.46 120.11 119.19 21.31
2023 05 11 02 06 82.23 168.55 120.13 119.23 21.65
2023 05 11 02 07 82.44 168.64 120.15 119.28 22.02
2023 05 11 02 08 82.65 168.72 120.17 119.32 22.42
2023 05 11 02 09 82.86 168.80 120.18 119.36 22.86
2023 05 11 02 10 83.06 168.88 120.20 119.41 23.34
2023 05 11 02 11 83.27 168.96 120.21 119.45 23.86
2023 05 11 02 12 83.47 169.04 120.23 119.49 24.44
2023 05 11 02 13 83.68 169.11 120.24 119.52 25.06
2023 05 11 02 14 83.88 169.18 120.26 119.56 25.74
2023 05 11 02 15 84.07 169.25 120.27 119.60 26.49
2023 05 11 02 16 84.27 169.31 120.28 119.63 27.31
2023 05 11 02 17 84.46 169.37 120.29 119.67 28.20
2023 05 11 02 18 84.65 169.43 120.30 119.70 29.18
2023 05 11 02 19 84.84 169.49 120.31 119.73 30.26
2023 05 11 02 20 85.03 169.54 120.32 119.76 31.44
2023 05 11 02 21 85.21 169.59 120.32 119.79 32.74
2023 05 11 02 22 85.38 169.64 120.33 119.82 34.16
2023 05 11 02 23 85.56 169.69 120.34 119.85 35.72
2023 05 11 02 24 85.72 169.73 120.34 119.88 37.43
2023 05 11 02 25 85.88 169.78 120.34 119.90 39.30
2023 05 11 02 26 86.04 169.81 120.35 119.93 41.35
2023 05 11 02 27 86.18 169.85 120.35 119.95 43.59
2023 05 11 02 28 86.32 169.88 120.35 119.97 46.02
2023 05 11 02 29 86.45 169.91 120.35 120.00 48.68
2023 05 11 02 30 86.57 169.94 120.35 120.02 51.55
2023 05 11 02 31 86.68 169.97 120.35 120.04 54.64
2023 05 11 02 32 86.78 169.99 120.35 120.06 57.95
2023 05 11 02 33 86.86 170.01 120.34 120.07 61.47
2023 05 11 02 34 86.93 170.03 120.34 120.09 65.18
2023 05 11 02 35 86.98 170.04 120.33 120.11 69.05
2023 05 11 02 36 87.01 170.06 120.33 120.12 73.05
2023 05 11 02 37 87.03 170.07 120.32 120.14 77.13
2023 05 11 02 38 87.03 170.07 120.31 120.15 81.24
2023 05 11 02 39 87.02 170.08 120.30 120.16 85.34
2023 05 11 02 40 86.98 170.08 120.29 120.17 89.36
2023 05 11 02 41 86.93 170.08 120.28 120.18 93.27
2023 05 11 02 42 86.87 170.08 120.27 120.19 97.03
2023 05 11 02 43 86.79 170.07 120.26 120.20 100.60
2023 05 11 02 44 86.69 170.06 120.24 120.21 103.98
2023 05 11 02 45 86.58 170.05 120.23 120.22 107.15
2023 05 11 02 46 86.47 170.04 120.21 120.22 110.10
2023 05 11 02 47 86.34 170.02 120.19 120.23 112.83
2023 05 11 02 48 86.20 170.00 120.18 120.23 115.36
2023 05 11 02 49 86.05 169.98 120.16 120.23 117.70
2023 05 11 02 50 85.90 169.96 120.14 120.24 119.84
2023 05 11 02 51 85.74 169.93 120.12 120.24 121.82
2023 05 11 02 52 85.57 169.90 120.09 120.24 123.63
2023 05 11 02 53 85.40 169.87 120.07 120.24 125.29
2023 05 11 02 54 85.22 169.83 120.05 120.24 126.82
2023 05 11 02 55 85.04 169.80 120.02 120.23 128.22
2023 05 11 02 56 84.86 169.76 120.00 120.23 129.50
2023 05 11 02 57 84.67 169.71 119.97 120.23 130.69
2023 05 11 02 58 84.48 169.67 119.94 120.22 131.77
2023 05 11 02 59 84.29 169.62 119.91 120.22 132.77
2023 05 11 03 00 84.09 169.57 119.88 120.21 133.69
2023 05 11 03 01 83.89 169.52 119.85 120.20 134.53
2023 05 11 03 02 83.69 169.46 119.82 120.19 135.31
2023 05 11 03 03 83.49 169.41 119.79 120.19 136.02
2023 05 11 03 04 83.29 169.34 119.75 120.18 136.67
2023 05 11 03 05 83.08 169.28 119.72 120.17 137.28
2023 05 11 03 06 82.88 169.22 119.68 120.15 137.83
2023 05 11 03 07 82.67 169.15 119.64 120.14 138.33
2023 05 11 03 08 82.46 169.08 119.60 120.13 138.79
2023 05 11 03 09 82.25 169.00 119.56 120.12 139.21
2023 05 11 03 10 82.04 168.93 119.52 120.10 139.59
2023 05 11 03 11 81.83 168.85 119.48 120.09 139.94
2023 05 11 03 12 81.62 168.77 119.44 120.07 140.25
2023 05 11 03 13 81.40 168.68 119.39 120.05 140.53
2023 05 11 03 14 81.19 168.60 119.35 120.04 140.78
2023 05 11 03 15 80.98 168.51 119.30 120.02 140.99
2023 05 11 03 16 80.76 168.42 119.26 120.00 141.18
2023 05 11 03 17 80.55 168.32 119.21 119.98 141.34
2023 05 11 03 18 80.33 168.22 119.16 119.96 141.47
2023 05 11 03 19 80.11 168.13 119.11 119.94 141.57
2023 05 11 03 20 79.90 168.02 119.06 119.92 141.64
2023 05 11 03 21 79.68 167.92 119.00 119.89 141.69
2023 05 11 03 22 79.46 167.81 118.95 119.87 141.70
2023 05 11 03 23 79.24 167.70 118.89 119.85 141.69
2023 05 11 03 24 79.02 167.59 118.84 119.82 141.65
2023 05 11 03 25 78.80 167.48 118.78 119.80 141.59
2023 05 11 03 26 78.58 167.36 118.72 119.77 141.49
2023 05 11 03 27 78.36 167.24 118.66 119.75 141.36
2023 05 11 03 28 78.14 167.12 118.60 119.72 141.19
2023 05 11 03 29 77.92 166.99 118.54 119.69 140.99
2023 05 11 03 30 77.70 166.87 118.47 119.66 140.75
2023 05 11 03 31 77.48 166.74 118.41 119.63 140.47
2023 05 11 03 32 77.26 166.60 118.34 119.60 140.15
2023 05 11 03 33 77.04 166.47 118.28 119.57 139.78
2023 05 11 03 34 76.82 166.33 118.21 119.54 139.36
2023 05 11 03 35 76.60 166.19 118.14 119.51 138.88
2023 05 11 03 36 76.38 166.05 118.07 119.48 138.35
2023 05 11 03 37 76.15 165.90 118.00 119.44 137.74
2023 05 11 03 38 75.93 165.76 117.93 119.41 137.05
2023 05 11 03 39 75.71 165.61 117.85 119.38 136.28
2023 05 11 03 40 75.49 165.46 117.78 119.34 135.41
2023 05 11 03 41 75.26 165.30 117.70 119.31 134.43
2023 05 11 03 42 75.04 165.14 117.63 119.27 133.33
2023 05 11 03 43 74.82 164.98 117.55 119.23 132.08
2023 05 11 03 44 74.60 164.82 117.47 119.20 130.66
2023 05 11 03 45 74.37 164.66 117.39 119.16 129.06
2023 05 11 03 46 74.15 164.49 117.30 119.12 127.23
2023 05 11 03 47 73.93 164.32 117.22 119.08 125.15
2023 05 11 03 48 73.70 164.15 117.14 119.04 122.77
2023 05 11 03 49 73.48 163.98 117.05 119.00 120.05
2023 05 11 03 50 73.26 163.80 116.96 118.96 116.93
2023 05 11 03 51 73.03 163.62 116.88 118.92 113.36
2023 05 11 03 52 72.81 163.44 116.79 118.88 109.30
2023 05 11 03 53 72.59 163.26 116.70 118.84 104.69
2023 05 11 03 54 72.36 163.07 116.61 118.80 99.52
2023 05 11 03 55 72.14 162.88 116.51 118.76 93.82
2023 05 11 03 56 71.91 162.69 116.42 118.71 87.65
2023 05 11 03 57 71.69 162.50 116.32 118.67 81.15
2023 05 11 03 58 71.47 162.30 116.23 118.63 74.50
2023 05 11 03 59 71.24 162.10 116.13 118.58 67.94
2023 05 11 04 00 71.02 161.90 116.03 118.54 61.65
2023 05 11 04 01 70.79 161.70 115.93 118.49 55.81
2023 05 11 04 02 70.57 161.49 115.83 118.45 50.52
2023 05 11 04 03 70.35 161.29 115.73 118.40 45.82
2023 05 11 04 04 70.12 161.08 115.62 118.35 41.71
2023 05 11 04 05 69.90 160.87 115.52 118.31 38.15
2023 05 11 04 06 69.67 160.65 115.41 118.26 35.09
2023 05 11 04 07 69.45 160.43 115.30 118.21 32.48
2023 05 11 04 08 69.22 160.22 115.19 118.16 30.25
2023 05 11 04 09 69.00 159.99 115.08 118.12 28.36
2023 05 11 04 10 68.77 159.77 114.97 118.07 26.76
2023 05 11 04 11 68.55 159.54 114.86 118.02 25.41
2023 05 11 04 12 68.33 159.32 114.75 117.97 24.26
2023 05 11 04 13 68.10 159.09 114.63 117.92 23.29
2023 05 11 04 14 67.88 158.85 114.52 117.87 22.47
2023 05 11 04 15 67.65 158.62 114.40 117.82 21.79
2023 05 11 04 16 67.43 158.38 114.28 117.77 21.20
2023 05 11 04 17 67.20 158.14 114.16 117.72 20.72
2023 05 11 04 18 66.98 157.90 114.04 117.66 20.30
2023 05 11 04 19 66.75 157.66 113.92 117.61 19.96
2023 05 11 04 20 66.53 157.41 113.79 117.56 19.67
2023 05 11 04 21 66.30 157.16 113.67 117.51 19.43
2023 05 11 04 22 66.08 156.91 113.54 117.46 19.22
2023 05 11 04 23 65.85 156.66 113.41 117.40 19.05
2023 05 11 04 24 65.63 156.40 113.28 117.35 18.91
2023 05 11 04 25 65.40 156.15 113.15 117.30 18.79
2023 05 11 04 26 65.18 155.89 113.02 117.24 18.70
2023 05 11 04 27 64.95 155.63 112.89 117.19 18.62
2023 05 11 04 28 64.73 155.36 112.76 117.13 18.55
2023 05 11 04 29 64.50 155.10 112.62 117.08 18.50
2023 05 11 04 30 64.28 154.83 112.49 117.03 18.46
2023 05 11 04 31 64.06 154.56 112.35 116.97 18.43
2023 05 11 04 32 63.83 154.29 112.21 116.92 18.41
2023 05 11 04 33 63.61 154.02 112.07 116.86 18.39
2023 05 11 04 34 63.38 153.74 111.93 116.81 18.38
2023 05 11 04 35 63.16 153.46 111.79 116.75 18.37
2023 05 11 04 36 62.93 153.18 111.64 116.70 18.37
2023 05 11 04 37 62.71 0.00 0.00 0.00 0.00
2023 05 11 04 38 62.48 0.00 0.00 0.00 0.00
2023 05 11 04 39 62.26 0.00 0.00 0.00 0.00
2023 05 11 04 40 62.03 0.00 0.00 0.00 0.00
2023 05 11 04 41 61.81 0.00 0.00 0.00 0.00
2023 05 11 04 42 61.58 0.00 0.00 0.00 0.00
2023 05 11 04 43 61.36 0.00 0.00 0.00 0.00
2023 05 11 04 44 61.13 0.00 0.00 0.00 0.00
2023 05 11 04 45 60.91 0.00 0.00 0.00 0.00
2023 05 11 04 46 60.68 0.00 0.00 0.00 0.00
2023 05 11 04 47 60.46 0.00 0.00 0.00 0.00
2023 05 11 04 48 60.23 0.00 0.00 0.00 0.00
2023 05 11 04 49 60.01 0.00 0.00 0.00 0.00
2023 05 11 04 50 59.78 0.00 0.00 0.00 0.00
2023 05 11 04 51 59.56 0.00 0.00 0.00 0.00
2023 05 11 04 52 59.33 0.00 0.00 0.00 0.00
2023 05 11 04 53 59.11 0.00 0.00 0.00 0.00
2023 05 11 04 54 58.88 0.00 0.00 0.00 0.00
2023 05 11 04 55 58.66 0.00 0.00 0.00 0.00
2023 05 11 04 56 58.44 0.00 0.00 0.00 0.00
2023 05 11 04 57 58.21 0.00 0.00 0.00 0.00
2023 05 11 04 58 57.99 0.00 0.00 0.00 0.00
2023 05 11 04 59 57.76 0.00 0.00 0.00 0.00
