# Time, baseline, baseline error
4.466654822717094794e+04 1.161511730769230724e+02 1.399476854391065728e-01
4.466657230129644449e+04 1.165037692307692367e+02 6.574736478621268088e-02
4.466659637538822426e+04 1.166097307692307368e+02 9.860791403363091887e-03
4.466662045914882037e+04 1.164752884615384687e+02 7.457516511198114539e-02
4.466664454123840551e+04 1.160958269230769275e+02 1.488380923577245496e-01
4.466732024662585172e+04 9.306290806754221023e+01 3.646933069228972535e+00
4.466735246107323474e+04 9.934962476547842414e+01 1.246842860984112011e+00
4.466737714057227276e+04 1.033506191369606029e+02 1.064774633453734465e+00
4.466740184470678651e+04 1.067281988742964387e+02 8.884734794443955863e-01
4.466742725606226304e+04 1.095758724202626553e+02 7.168758037884727097e-01
4.466745195403281832e+04 1.117860037523452093e+02 5.623489799230014796e-01
4.466747663006048242e+04 1.134932082551594590e+02 4.279959273790494567e-01
4.466750130611191707e+04 1.147668480300187781e+02 3.108497845220346556e-01
4.466752598805916932e+04 1.156667542213883735e+02 2.114928835220976078e-01
4.466755067795119248e+04 1.162479549718574106e+02 1.268323184241953727e-01
4.466757538018430932e+04 1.165508818011257119e+02 4.996970101616788479e-02
4.466760006182722282e+04 1.165969418386491441e+02 2.552691244370059592e-02
4.466762477269783994e+04 1.163897373358348943e+02 9.750704238786389588e-02
4.466764949335282290e+04 1.159177673545966201e+02 1.787839008746342773e-01
4.466767418815485144e+04 1.151403189493433388e+02 2.723397536594435731e-01
4.466826257513983728e+04 8.037073913043477091e+01 5.295432352651886276e+00
4.466829334939557884e+04 8.789808695652175174e+01 1.416346430019811864e+00
4.466831467346515274e+04 9.259219565217392756e+01 1.294163891905320662e+00
4.466833599836331268e+04 9.685349999999999682e+01 1.167615616656813682e+00
