# 3, 4, A, B, 3Ax4B, 4Ax3B
4.207934811711311340e-01 3.764634579420089722e-01 4.311979934573173523e-01 3.806497156620025635e-01 3.904309868812561035e-01 4.070100933313369751e-01
4.303055629134178162e-01 3.850964829325675964e-01 4.308828338980674744e-01 3.720912709832191467e-01 3.861918300390243530e-01 4.236203804612159729e-01
4.297311604022979736e-01 3.758243471384048462e-01 4.381943494081497192e-01 3.761171922087669373e-01 3.924793377518653870e-01 4.073508828878402710e-01
4.190148785710334778e-01 3.742172941565513611e-01 4.240342602133750916e-01 4.074364528059959412e-01 3.927760943770408630e-01 4.068215191364288330e-01
4.294193536043167114e-01 3.801459074020385742e-01 4.357474297285079956e-01 4.059792309999465942e-01 3.995684534311294556e-01 4.122469201683998108e-01
4.237276688218116760e-01 3.909895569086074829e-01 4.317669570446014404e-01 3.737011924386024475e-01 3.844306990504264832e-01 4.135971516370773315e-01
4.183279722929000854e-01 3.679224103689193726e-01 4.271394386887550354e-01 3.745597600936889648e-01 3.865716606378555298e-01 4.102411493659019470e-01
4.283339157700538635e-01 3.764370456337928772e-01 4.369535669684410095e-01 3.809903189539909363e-01 4.024266824126243591e-01 4.072217270731925964e-01
4.279519617557525635e-01 3.827331587672233582e-01 4.329479113221168518e-01 3.849075734615325928e-01 3.899811580777168274e-01 4.164642095565795898e-01
4.260953143239021301e-01 4.074671491980552673e-01 4.402759671211242676e-01 3.809302672743797302e-01 4.001965746283531189e-01 4.391090571880340576e-01
4.201603680849075317e-01 3.684097900986671448e-01 4.281429573893547058e-01 3.772063925862312317e-01 3.901229426264762878e-01 4.050236567854881287e-01
4.255006834864616394e-01 3.881216421723365784e-01 4.265411943197250366e-01 3.767676278948783875e-01 3.910510241985321045e-01 4.167148470878601074e-01
4.220442473888397217e-01 3.873149305582046509e-01 4.275210201740264893e-01 3.870144486427307129e-01 3.900041431188583374e-01 4.131776466965675354e-01
4.268079996109008789e-01 3.703613951802253723e-01 4.371860250830650330e-01 3.772466257214546204e-01 4.001239687204360962e-01 4.092681407928466797e-01
4.270946606993675232e-01 3.834239393472671509e-01 4.388713464140892029e-01 3.724958375096321106e-01 4.101434350013732910e-01 4.069107770919799805e-01
4.330373927950859070e-01 3.717056289315223694e-01 4.276026785373687744e-01 3.799785673618316650e-01 3.992450609803199768e-01 4.100571945309638977e-01
4.168355092406272888e-01 3.835225850343704224e-01 4.255623370409011841e-01 3.740287572145462036e-01 3.874984756112098694e-01 4.084885492920875549e-01
4.179967194795608521e-01 3.961874172091484070e-01 4.299200698733329773e-01 3.933689743280410767e-01 3.874884545803070068e-01 4.251290485262870789e-01
4.350165650248527527e-01 3.966073691844940186e-01 4.306225106120109558e-01 3.797334805130958557e-01 4.018508642911911011e-01 4.266927763819694519e-01
4.342504218220710754e-01 3.719907253980636597e-01 4.334783181548118591e-01 3.707120940089225769e-01 3.975369781255722046e-01 4.099245741963386536e-01
4.183234274387359619e-01 3.779627382755279541e-01 4.289922490715980530e-01 3.925915062427520752e-01 3.922459483146667480e-01 4.109706729650497437e-01
4.186362400650978088e-01 3.736130893230438232e-01 4.231340065598487854e-01 4.008695110678672791e-01 3.870307654142379761e-01 4.048776254057884216e-01
4.294224455952644348e-01 3.973789513111114502e-01 4.240535572171211243e-01 3.976213186979293823e-01 3.899433836340904236e-01 4.250521212816238403e-01
4.303813725709915161e-01 3.762697800993919373e-01 4.370662197470664978e-01 3.813875466585159302e-01 3.964355587959289551e-01 4.074925556778907776e-01
4.407516494393348694e-01 3.761531412601470947e-01 4.479417204856872559e-01 3.778670355677604675e-01 4.089003056287765503e-01 4.058117792010307312e-01
4.215058311820030212e-01 3.789966180920600891e-01 4.227062314748764038e-01 3.779207915067672729e-01 3.917656466364860535e-01 4.100906476378440857e-01
4.262990504503250122e-01 3.781395033001899719e-01 4.315462708473205566e-01 3.694895282387733459e-01 3.884721547365188599e-01 4.091244190931320190e-01
4.185330495238304138e-01 3.844323754310607910e-01 4.260635748505592346e-01 3.819050639867782593e-01 3.875280544161796570e-01 4.195452481508255005e-01
4.354755580425262451e-01 3.676640242338180542e-01 4.344622045755386353e-01 3.769062459468841553e-01 3.979306295514106750e-01 4.113579913973808289e-01
4.328736662864685059e-01 3.865120187401771545e-01 4.395014792680740356e-01 3.695444017648696899e-01 3.990810364484786987e-01 4.117387533187866211e-01
4.244195297360420227e-01 3.775919601321220398e-01 4.314331337809562683e-01 3.767041489481925964e-01 3.864670544862747192e-01 4.146410524845123291e-01
4.266520217061042786e-01 3.985143825411796570e-01 4.316787421703338623e-01 3.909208998084068298e-01 3.943424299359321594e-01 4.254958778619766235e-01
4.312170296907424927e-01 3.811822831630706787e-01 4.399118199944496155e-01 3.928748518228530884e-01 4.074950888752937317e-01 4.125271737575531006e-01
4.368886351585388184e-01 3.719031065702438354e-01 4.373135045170783997e-01 3.922327235341072083e-01 4.046448692679405212e-01 4.035230726003646851e-01
4.279353842139244080e-01 3.736801072955131531e-01 4.297731071710586548e-01 3.791838884353637695e-01 3.926980122923851013e-01 4.043745994567871094e-01
4.189604893326759338e-01 3.932484984397888184e-01 4.253906384110450745e-01 3.782789036631584167e-01 3.843925893306732178e-01 4.223068431019783020e-01
4.553921893239021301e-01 3.895667195320129395e-01 4.658417776226997375e-01 3.918305039405822754e-01 4.313194006681442261e-01 4.170373082160949707e-01
4.268744587898254395e-01 3.803584352135658264e-01 4.310628026723861694e-01 3.756539523601531982e-01 3.902442380785942078e-01 4.051163792610168457e-01
4.203380271792411804e-01 3.736089542508125305e-01 4.244210571050643921e-01 3.795707598328590393e-01 3.858934715390205383e-01 4.092060029506683350e-01
4.317601025104522705e-01 3.929653018712997437e-01 4.359701275825500488e-01 3.819054365158081055e-01 3.868640214204788208e-01 4.138053208589553833e-01
4.151345416903495789e-01 3.993111103773117065e-01 4.254830628633499146e-01 3.788304701447486877e-01 3.914296254515647888e-01 4.228264838457107544e-01
4.179599136114120483e-01 3.855452314019203186e-01 4.269014671444892883e-01 3.849514573812484741e-01 3.842616081237792969e-01 4.167273268103599548e-01
4.236454144120216370e-01 3.815348446369171143e-01 4.323453083634376526e-01 3.798145428299903870e-01 3.933281823992729187e-01 4.101015999913215637e-01
4.756768420338630676e-01 3.757572174072265625e-01 4.683380573987960815e-01 3.705774992704391479e-01 4.365013167262077332e-01 4.019806534051895142e-01
4.295506700873374939e-01 3.748077154159545898e-01 4.354405775666236877e-01 3.793364390730857849e-01 3.930834680795669556e-01 4.047999903559684753e-01
4.213277995586395264e-01 3.930533677339553833e-01 4.263922199606895447e-01 3.789288550615310669e-01 3.896811977028846741e-01 4.206380620598793030e-01
4.419998452067375183e-01 3.693734481930732727e-01 4.350767284631729126e-01 4.024315997958183289e-01 3.957211971282958984e-01 4.034521058201789856e-01
4.185872897505760193e-01 3.799119964241981506e-01 4.310004413127899170e-01 3.845186531543731689e-01 3.793248906731605530e-01 4.186215996742248535e-01
4.283336549997329712e-01 3.850479796528816223e-01 4.350433126091957092e-01 3.910610079765319824e-01 3.940117731690406799e-01 4.193682968616485596e-01
4.327595978975296021e-01 3.829366341233253479e-01 4.350877553224563599e-01 3.828958049416542053e-01 3.958282619714736938e-01 4.081471264362335205e-01
4.336104169487953186e-01 3.750829026103019714e-01 4.432630166411399841e-01 3.706139326095581055e-01 4.027433693408966064e-01 4.036778584122657776e-01
4.317327588796615601e-01 3.773328289389610291e-01 4.371404647827148438e-01 3.777997940778732300e-01 3.909517452120780945e-01 4.123170301318168640e-01
4.252756759524345398e-01 3.835224360227584839e-01 4.304597526788711548e-01 3.827584162354469299e-01 3.900534659624099731e-01 4.072324931621551514e-01
4.248183593153953552e-01 4.002493619918823242e-01 4.213269427418708801e-01 3.884616494178771973e-01 3.896678984165191650e-01 4.351197555661201477e-01
4.319244250655174255e-01 3.830325230956077576e-01 4.417651891708374023e-01 3.763629868626594543e-01 3.941974788904190063e-01 4.179432243108749390e-01
4.272601380944252014e-01 3.795957937836647034e-01 4.258338734507560730e-01 3.740300610661506653e-01 3.910443931818008423e-01 4.153420031070709229e-01
4.267664253711700439e-01 4.085998609662055969e-01 4.292878508567810059e-01 4.050194099545478821e-01 3.904827684164047241e-01 4.447281733155250549e-01
4.255998507142066956e-01 3.854869678616523743e-01 4.307312890887260437e-01 3.805996105074882507e-01 3.931814804673194885e-01 4.220334440469741821e-01
4.326717182993888855e-01 3.929219022393226624e-01 4.450393840670585632e-01 3.738634660840034485e-01 3.989039361476898193e-01 4.128579795360565186e-01
4.288322478532791138e-01 3.742806240916252136e-01 4.281795024871826172e-01 3.787273913621902466e-01 3.912241756916046143e-01 4.032653942704200745e-01
4.226409643888473511e-01 3.751231357455253601e-01 4.255117103457450867e-01 3.732971474528312683e-01 3.894565626978874207e-01 4.080317541956901550e-01
4.580286517739295959e-01 3.715946897864341736e-01 4.612481966614723206e-01 3.808915615081787109e-01 4.258336871862411499e-01 4.024398699402809143e-01
4.317027702927589417e-01 3.834427893161773682e-01 4.372255131602287292e-01 3.785939887166023254e-01 4.012254998087882996e-01 4.071319848299026489e-01
4.283321648836135864e-01 3.709138929843902588e-01 4.288902133703231812e-01 3.763451054692268372e-01 3.954693675041198730e-01 4.139703139662742615e-01
4.543762654066085815e-01 3.784242272377014160e-01 4.517571255564689636e-01 3.914057090878486633e-01 4.230464622378349304e-01 4.153499007225036621e-01
4.327093437314033508e-01 3.897935524582862854e-01 4.350246116518974304e-01 4.068062454462051392e-01 3.980942443013191223e-01 4.267219826579093933e-01
4.230326786637306213e-01 3.786991909146308899e-01 4.321584105491638184e-01 3.895011171698570251e-01 3.890246525406837463e-01 4.114490374922752380e-01
4.239356145262718201e-01 3.753584995865821838e-01 4.348265379667282104e-01 3.831767663359642029e-01 3.937522321939468384e-01 4.015274718403816223e-01
4.271033778786659241e-01 3.754661977291107178e-01 4.266111180186271667e-01 3.885209932923316956e-01 3.925312310457229614e-01 4.128457978367805481e-01
4.477052018046379089e-01 3.820703923702239990e-01 4.607705771923065186e-01 3.805582225322723389e-01 4.216560721397399902e-01 4.141107574105262756e-01
4.421596229076385498e-01 3.965398669242858887e-01 4.340478405356407166e-01 3.742676973342895508e-01 3.992133587598800659e-01 4.250681027770042419e-01
4.301007464528083801e-01 3.860367462038993835e-01 4.379718378186225891e-01 3.774749860167503357e-01 4.014600813388824463e-01 4.152833670377731323e-01
4.290865734219551086e-01 3.764559701085090637e-01 4.266954213380813599e-01 3.842070698738098145e-01 3.886084631085395813e-01 4.078213497996330261e-01
4.281048849225044250e-01 3.763537853956222534e-01 4.378060996532440186e-01 3.800471127033233643e-01 4.024214297533035278e-01 4.077656194567680359e-01
4.221547022461891174e-01 3.825299069285392761e-01 4.307240992784500122e-01 3.878539428114891052e-01 3.900493308901786804e-01 4.160646349191665649e-01
4.332176968455314636e-01 3.868093714118003845e-01 4.263393953442573547e-01 4.173788800835609436e-01 3.862217068672180176e-01 4.156351462006568909e-01
4.470055922865867615e-01 3.804370015859603882e-01 4.411764070391654968e-01 3.701810166239738464e-01 4.055888205766677856e-01 4.203025624155998230e-01
4.310666397213935852e-01 3.841964900493621826e-01 4.323480650782585144e-01 3.853912279009819031e-01 3.859428316354751587e-01 4.089290276169776917e-01
4.238742217421531677e-01 3.765841573476791382e-01 4.311254248023033142e-01 3.877791017293930054e-01 3.855322673916816711e-01 4.141350463032722473e-01
4.339914396405220032e-01 3.865388408303260803e-01 4.263946041464805603e-01 3.730068355798721313e-01 3.937866538763046265e-01 4.270715638995170593e-01
4.208844527602195740e-01 3.724278137087821960e-01 4.200871661305427551e-01 3.846094012260437012e-01 3.826811164617538452e-01 4.086457565426826477e-01
4.213774949312210083e-01 3.860867768526077271e-01 4.364164546132087708e-01 3.717288002371788025e-01 3.952064737677574158e-01 4.125207290053367615e-01
4.246655106544494629e-01 3.757880255579948425e-01 4.400610551238059998e-01 3.694197908043861389e-01 3.962628915905952454e-01 4.070726409554481506e-01
4.322214424610137939e-01 3.866865113377571106e-01 4.245009273290634155e-01 3.852052986621856689e-01 3.921587765216827393e-01 4.130479320883750916e-01
4.170811921358108521e-01 3.683963418006896973e-01 4.251478612422943115e-01 3.898919373750686646e-01 3.838291019201278687e-01 4.070564359426498413e-01
4.280336573719978333e-01 4.109056293964385986e-01 4.272263124585151672e-01 3.775474429130554199e-01 3.982675075531005859e-01 4.296582937240600586e-01
4.289332032203674316e-01 3.859397768974304199e-01 4.298137500882148743e-01 3.761901333928108215e-01 3.914545476436614990e-01 4.212000966072082520e-01
4.250427708029747009e-01 3.750212863087654114e-01 4.311329126358032227e-01 3.852615132927894592e-01 3.909914568066596985e-01 4.084640741348266602e-01
4.289079084992408752e-01 3.810347616672515869e-01 4.267475754022598267e-01 3.854123875498771667e-01 3.939023613929748535e-01 4.114181175827980042e-01
4.616291448473930359e-01 3.838399797677993774e-01 4.599303379654884338e-01 3.845790028572082520e-01 4.205472394824028015e-01 4.250609502196311951e-01
4.326782375574111938e-01 3.750735148787498474e-01 4.426907002925872803e-01 3.701832517981529236e-01 4.024587571620941162e-01 4.167598113417625427e-01
4.289609938859939575e-01 3.745438903570175171e-01 4.269351065158843994e-01 3.884680941700935364e-01 3.948684781789779663e-01 4.187571629881858826e-01
4.201415181159973145e-01 3.875404223799705505e-01 4.342309758067131042e-01 4.001917317509651184e-01 3.894396871328353882e-01 4.218227043747901917e-01
4.626831039786338806e-01 3.856348618865013123e-01 4.742451384663581848e-01 3.675486892461776733e-01 4.284155368804931641e-01 4.297270625829696655e-01
4.245361313223838806e-01 3.785452619194984436e-01 4.242276400327682495e-01 3.951393067836761475e-01 3.854840248823165894e-01 4.100008681416511536e-01
4.247346520423889160e-01 3.898655250668525696e-01 4.322202876210212708e-01 3.875559940934181213e-01 3.982374072074890137e-01 4.159988090395927429e-01
4.378476738929748535e-01 3.776837512850761414e-01 4.402934759855270386e-01 3.706659004092216492e-01 3.924928605556488037e-01 4.038005322217941284e-01
4.204666987061500549e-01 3.794420138001441956e-01 4.340789467096328735e-01 3.834599256515502930e-01 3.982634842395782471e-01 4.107343032956123352e-01
4.315995052456855774e-01 3.852586448192596436e-01 4.292868822813034058e-01 3.797978907823562622e-01 3.965963423252105713e-01 4.160218685865402222e-01
4.194341599941253662e-01 3.724537789821624756e-01 4.212378710508346558e-01 3.763099014759063721e-01 3.891086205840110779e-01 4.058893397450447083e-01
4.262547940015792847e-01 3.797473758459091187e-01 4.323156177997589111e-01 3.729350119829177856e-01 3.898546844720840454e-01 4.068404436111450195e-01
4.223390668630599976e-01 3.897669911384582520e-01 4.242803156375885010e-01 3.757923841476440430e-01 3.910296037793159485e-01 4.188106209039688110e-01
4.249376431107521057e-01 3.763594105839729309e-01 4.282584413886070251e-01 3.753263875842094421e-01 3.899204730987548828e-01 4.076765105128288269e-01
4.213898256421089172e-01 3.805796802043914795e-01 4.284607991576194763e-01 3.781891241669654846e-01 3.856416419148445129e-01 4.192090779542922974e-01
4.229801148176193237e-01 3.800255432724952698e-01 4.274781048297882080e-01 3.759444877505302429e-01 3.902343660593032837e-01 4.082447290420532227e-01
4.245519265532493591e-01 3.807548061013221741e-01 4.322461411356925964e-01 3.804996982216835022e-01 3.942834958434104919e-01 4.094687476754188538e-01
4.341102764010429382e-01 3.714156150817871094e-01 4.357881844043731689e-01 4.275587573647499084e-01 4.007764160633087158e-01 4.080962389707565308e-01
4.344527795910835266e-01 3.771604225039482117e-01 4.411726444959640503e-01 4.080038890242576599e-01 4.001923650503158569e-01 4.113610088825225830e-01
4.162292927503585815e-01 3.757915273308753967e-01 4.281520098447799683e-01 3.750210627913475037e-01 3.938685357570648193e-01 4.025901108980178833e-01
4.219759255647659302e-01 3.958811610937118530e-01 4.253032431006431580e-01 3.753126040101051331e-01 3.898454457521438599e-01 4.304590448737144470e-01
4.250994697213172913e-01 3.884906694293022156e-01 4.358901083469390869e-01 4.104143753647804260e-01 3.899532184004783630e-01 4.204139485955238342e-01
4.378761723637580872e-01 3.956424817442893982e-01 4.366564750671386719e-01 3.916513174772262573e-01 3.948892652988433838e-01 4.276730865240097046e-01
4.723378643393516541e-01 3.793052956461906433e-01 4.754201322793960571e-01 3.851083666086196899e-01 4.359045252203941345e-01 4.099205136299133301e-01
4.236831888556480408e-01 3.795668855309486389e-01 4.351859167218208313e-01 3.759482875466346741e-01 3.876591846346855164e-01 4.036372527480125427e-01
4.189107194542884827e-01 3.732268139719963074e-01 4.246718809008598328e-01 3.786596283316612244e-01 3.870069980621337891e-01 4.124093428254127502e-01
4.297830536961555481e-01 3.804631531238555908e-01 4.276252537965774536e-01 3.708207979798316956e-01 3.944965079426765442e-01 4.076848924160003662e-01
4.316369071602821350e-01 3.941604495048522949e-01 4.352723807096481323e-01 3.890986740589141846e-01 3.953567519783973694e-01 4.283572360873222351e-01
4.237528517842292786e-01 3.813969343900680542e-01 4.305361211299896240e-01 3.861103579401969910e-01 3.920732438564300537e-01 4.077380523085594177e-01
4.217953234910964966e-01 3.804677352309226990e-01 4.280224815011024475e-01 3.815096244215965271e-01 3.891539946198463440e-01 4.130274802446365356e-01
4.211295396089553833e-01 3.965358436107635498e-01 4.160656407475471497e-01 3.654292225837707520e-01 3.841435536742210388e-01 4.251274839043617249e-01
4.376831650733947754e-01 3.805462270975112915e-01 4.317421838641166687e-01 3.771892562508583069e-01 3.965197503566741943e-01 4.194102436304092407e-01
4.276013374328613281e-01 3.810113668441772461e-01 4.292025044560432434e-01 3.751314058899879456e-01 3.883671760559082031e-01 4.137828573584556580e-01
4.211764782667160034e-01 4.004976525902748108e-01 4.277643561363220215e-01 3.771780058741569519e-01 3.873549401760101318e-01 4.325526952743530273e-01
4.278747737407684326e-01 3.838251903653144836e-01 4.351078718900680542e-01 3.785464912652969360e-01 3.970325738191604614e-01 4.204489663243293762e-01
4.308987408876419067e-01 3.768720105290412903e-01 4.287039116024971008e-01 3.875552117824554443e-01 3.861853480339050293e-01 4.111466184258460999e-01
4.209265485405921936e-01 3.844817727804183960e-01 4.325662553310394287e-01 3.744118288159370422e-01 3.898784890770912170e-01 4.188375920057296753e-01
4.321429133415222168e-01 3.833066672086715698e-01 4.339743778109550476e-01 3.829758986830711365e-01 3.997933492064476013e-01 4.127247631549835205e-01
4.213335365056991577e-01 3.820804879069328308e-01 4.277727380394935608e-01 3.837307170033454895e-01 3.872417286038398743e-01 4.166851192712783813e-01
4.251726716756820679e-01 3.861461952328681946e-01 4.356372728943824768e-01 3.754648566246032715e-01 3.942846134305000305e-01 4.088973999023437500e-01
4.259519651532173157e-01 3.818434104323387146e-01 4.379381984472274780e-01 3.788999468088150024e-01 3.941775485873222351e-01 4.114282503724098206e-01
4.390574991703033447e-01 3.813556954264640808e-01 4.333797097206115723e-01 3.754068166017532349e-01 3.977605327963829041e-01 4.116328805685043335e-01
4.303020983934402466e-01 3.800507634878158569e-01 4.361267387866973877e-01 3.736061975359916687e-01 3.938414901494979858e-01 4.086866602301597595e-01
4.145351797342300415e-01 3.803701698780059814e-01 4.281280562281608582e-01 3.813897818326950073e-01 3.858264163136482239e-01 4.127566888928413391e-01
4.350934550166130066e-01 3.798181563615798950e-01 4.395521059632301331e-01 3.816233202815055847e-01 4.026317968964576721e-01 4.156317561864852905e-01
4.198251292109489441e-01 3.764758631587028503e-01 4.255017638206481934e-01 3.714419901371002197e-01 3.878989443182945251e-01 4.164471849799156189e-01
4.322963953018188477e-01 3.831456601619720459e-01 4.276334866881370544e-01 3.703914210200309753e-01 3.897341713309288025e-01 4.140824452042579651e-01
4.427164793014526367e-01 3.751939907670021057e-01 4.479484260082244873e-01 3.689564764499664307e-01 4.079312086105346680e-01 4.137801751494407654e-01
4.260997846722602844e-01 3.753671050071716309e-01 4.327376559376716614e-01 3.725002333521842957e-01 3.865399584174156189e-01 4.116477072238922119e-01
4.200620949268341064e-01 3.865246102213859558e-01 4.291185736656188965e-01 3.747652843594551086e-01 3.892540931701660156e-01 4.154364392161369324e-01
4.354577139019966125e-01 3.777571022510528564e-01 4.330334067344665527e-01 3.701038658618927002e-01 3.957109898328781128e-01 4.083399102091789246e-01
4.268608614802360535e-01 4.097122699022293091e-01 4.292827472090721130e-01 3.829932957887649536e-01 3.963910415768623352e-01 4.358098655939102173e-01
4.270596802234649658e-01 3.845269232988357544e-01 4.302690923213958740e-01 3.802959993481636047e-01 3.972733020782470703e-01 4.105765745043754578e-01
4.286991432309150696e-01 3.947038576006889343e-01 4.360087960958480835e-01 3.711487725377082825e-01 3.936905786395072937e-01 4.262444004416465759e-01
4.197997972369194031e-01 3.784018382430076599e-01 4.312136769294738770e-01 3.741417825222015381e-01 3.850600495934486389e-01 4.023868218064308167e-01
4.174412041902542114e-01 3.829985484480857849e-01 4.297424107789993286e-01 3.762163594365119934e-01 3.936283662915229797e-01 4.142519831657409668e-01
4.308601841330528259e-01 3.776527568697929382e-01 4.333774000406265259e-01 3.857123851776123047e-01 3.938275203108787537e-01 4.090584069490432739e-01
4.226114228367805481e-01 3.759971261024475098e-01 4.238150641322135925e-01 3.792593255639076233e-01 3.879811242222785950e-01 4.090534523129463196e-01
4.291822761297225952e-01 3.836294636130332947e-01 4.256783053278923035e-01 3.780520707368850708e-01 3.966211155056953430e-01 4.162926599383354187e-01
4.192195460200309753e-01 3.732538595795631409e-01 4.296322911977767944e-01 3.741047531366348267e-01 3.875273838639259338e-01 4.016377031803131104e-01
4.252427443861961365e-01 3.900771960616111755e-01 4.334101080894470215e-01 3.714309632778167725e-01 3.986053168773651123e-01 4.208689928054809570e-01
4.227330908179283142e-01 3.917092084884643555e-01 4.252913594245910645e-01 3.768900409340858459e-01 3.853970766067504883e-01 4.149428009986877441e-01
4.308407381176948547e-01 3.830053657293319702e-01 4.376488924026489258e-01 3.798643872141838074e-01 3.920993581414222717e-01 4.172034561634063721e-01
4.362094402313232422e-01 3.852299228310585022e-01 4.415443167090415955e-01 3.705741837620735168e-01 4.087716713547706604e-01 4.120239242911338806e-01
4.219114407896995544e-01 3.794177249073982239e-01 4.259216412901878357e-01 3.730627521872520447e-01 3.885031864047050476e-01 4.129127785563468933e-01
4.288033768534660339e-01 3.881981968879699707e-01 4.306996241211891174e-01 3.710356727242469788e-01 3.904435411095619202e-01 4.271690547466278076e-01
4.186599329113960266e-01 3.766727447509765625e-01 4.340370744466781616e-01 3.771907463669776917e-01 3.864526376128196716e-01 4.133313894271850586e-01
4.241771250963211060e-01 3.712988272309303284e-01 4.230673611164093018e-01 3.711779415607452393e-01 3.853406384587287903e-01 4.091822355985641479e-01
4.135735705494880676e-01 3.931526839733123779e-01 4.263097047805786133e-01 3.727204352617263794e-01 3.824967518448829651e-01 4.166122525930404663e-01
4.278522357344627380e-01 3.736108541488647461e-01 4.294254630804061890e-01 3.869911655783653259e-01 3.967895731329917908e-01 4.172917082905769348e-01
4.226228967308998108e-01 3.960300609469413757e-01 4.290282726287841797e-01 3.839445486664772034e-01 3.860500082373619080e-01 4.248369857668876648e-01
4.373795166611671448e-01 3.817773610353469849e-01 4.477500170469284058e-01 3.719533979892730713e-01 4.055168479681015015e-01 4.085737466812133789e-01
4.320265352725982666e-01 3.861311823129653931e-01 4.343458637595176697e-01 3.787991032004356384e-01 3.980344161391258240e-01 4.187579825520515442e-01
4.371379315853118896e-01 3.929998725652694702e-01 4.398598521947860718e-01 3.805692493915557861e-01 4.009305313229560852e-01 4.242416471242904663e-01
4.313143342733383179e-01 3.778944537043571472e-01 4.325307160615921021e-01 3.752005100250244141e-01 3.904694318771362305e-01 4.080353304743766785e-01
4.354621097445487976e-01 3.699483349919319153e-01 4.384492337703704834e-01 3.720404580235481262e-01 4.033299162983894348e-01 4.160141199827194214e-01
4.286101832985877991e-01 3.766342997550964355e-01 4.323955252766609192e-01 3.827663511037826538e-01 3.952689841389656067e-01 4.113857448101043701e-01
4.267741739749908447e-01 3.779031708836555481e-01 4.260559752583503723e-01 4.196935519576072693e-01 3.925150260329246521e-01 4.102028533816337585e-01
4.234465956687927246e-01 3.849069029092788696e-01 4.238933324813842773e-01 3.810976818203926086e-01 3.975037857890129089e-01 4.241687059402465820e-01
4.209763184189796448e-01 3.805141150951385498e-01 4.307644814252853394e-01 3.728923946619033813e-01 3.881123289465904236e-01 4.083318635821342468e-01
4.195363074541091919e-01 3.840337693691253662e-01 4.199386760592460632e-01 3.910822793841362000e-01 3.848085179924964905e-01 4.118131473660469055e-01
4.296967387199401855e-01 3.858122974634170532e-01 4.336826503276824951e-01 3.715129569172859192e-01 3.910774365067481995e-01 4.271837696433067322e-01
4.325984045863151550e-01 3.746676445007324219e-01 4.346830397844314575e-01 4.097168147563934326e-01 3.918119892477989197e-01 4.092112928628921509e-01
4.216498136520385742e-01 3.743833675980567932e-01 4.255300760269165039e-01 3.757502138614654541e-01 3.915431722998619080e-01 4.107013717293739319e-01
4.349919408559799194e-01 3.859344869852066040e-01 4.373127222061157227e-01 4.145161062479019165e-01 4.002408683300018311e-01 4.198034852743148804e-01
4.436200112104415894e-01 3.940818831324577332e-01 4.396474361419677734e-01 3.765032812952995300e-01 4.117728769779205322e-01 4.212810844182968140e-01
4.421721026301383972e-01 3.851468861103057861e-01 4.407485201954841614e-01 3.733501955866813660e-01 4.064717516303062439e-01 4.142795875668525696e-01
4.226302728056907654e-01 3.789905831217765808e-01 4.277037829160690308e-01 3.810937330126762390e-01 3.872855007648468018e-01 4.068621993064880371e-01
4.270882159471511841e-01 3.768351674079895020e-01 4.279588907957077026e-01 3.917957469820976257e-01 3.962813317775726318e-01 4.087578505277633667e-01
4.401833936572074890e-01 3.881405293941497803e-01 4.394149407744407654e-01 3.928617760539054871e-01 4.037807136774063110e-01 4.194907099008560181e-01
4.196280613541603088e-01 3.752883151173591614e-01 4.268142953515052795e-01 3.870294615626335144e-01 3.899341449141502380e-01 4.098999500274658203e-01
4.245479777455329895e-01 3.842973336577415466e-01 4.266155138611793518e-01 3.888478502631187439e-01 3.956779837608337402e-01 4.115762189030647278e-01
4.257597774267196655e-01 3.776303678750991821e-01 4.337898641824722290e-01 3.799816220998764038e-01 3.943737596273422241e-01 4.073463380336761475e-01
4.297583177685737610e-01 3.841033950448036194e-01 4.277634993195533752e-01 3.750388324260711670e-01 3.878345340490341187e-01 4.120362177491188049e-01
4.323190823197364807e-01 3.842543810606002808e-01 4.355671629309654236e-01 3.748336434364318848e-01 3.950656577944755554e-01 4.146757721900939941e-01
4.318575188517570496e-01 3.742222860455513000e-01 4.291504994034767151e-01 3.896437957882881165e-01 3.993004932999610901e-01 4.019355028867721558e-01
4.184216260910034180e-01 3.827989846467971802e-01 4.300054162740707397e-01 3.741843998432159424e-01 3.936284780502319336e-01 4.170646890997886658e-01
4.338870570063591003e-01 3.812240809202194214e-01 4.336145892739295959e-01 3.782333806157112122e-01 3.989872708916664124e-01 4.125653207302093506e-01
4.241415485739707947e-01 3.780802711844444275e-01 4.297313839197158813e-01 3.849146887660026550e-01 3.960862383246421814e-01 4.109178110957145691e-01
4.251720756292343140e-01 3.751493617892265320e-01 4.264694079756736755e-01 3.816876560449600220e-01 3.894718736410140991e-01 4.139733314514160156e-01
4.309901967644691467e-01 3.861300274729728699e-01 4.270941019058227539e-01 3.743251785635948181e-01 3.908842056989669800e-01 4.111886769533157349e-01
4.247097671031951904e-01 3.784411773085594177e-01 4.256303235888481140e-01 3.977114707231521606e-01 3.866666182875633240e-01 4.129440337419509888e-01
4.302833601832389832e-01 3.786401823163032532e-01 4.315775260329246521e-01 3.738418221473693848e-01 3.927253186702728271e-01 4.146819561719894409e-01
4.405270144343376160e-01 3.843992576003074646e-01 4.444884881377220154e-01 3.880697488784790039e-01 4.098351299762725830e-01 4.102105647325515747e-01
4.429107531905174255e-01 3.720873221755027771e-01 4.430076479911804199e-01 3.754415735602378845e-01 4.078018665313720703e-01 4.086025059223175049e-01
4.235081374645233154e-01 3.728042915463447571e-01 4.288200289011001587e-01 3.739965334534645081e-01 3.923811763525009155e-01 4.087871313095092773e-01
4.248220846056938171e-01 3.779864311218261719e-01 4.341787099838256836e-01 3.752637282013893127e-01 3.894351050257682800e-01 4.012791067361831665e-01
4.193266853690147400e-01 3.774004429578781128e-01 4.244691506028175354e-01 3.820895403623580933e-01 3.886192664504051208e-01 4.090287908911705017e-01
4.223912209272384644e-01 3.828362375497817993e-01 4.278244450688362122e-01 3.792602568864822388e-01 3.916819393634796143e-01 4.226671904325485229e-01
4.161955788731575012e-01 3.892882168292999268e-01 4.255823045969009399e-01 4.098462313413619995e-01 3.888130187988281250e-01 4.165840148925781250e-01
4.200248792767524719e-01 3.867247700691223145e-01 4.254591092467308044e-01 3.776324540376663208e-01 3.864533081650733948e-01 4.125948622822761536e-01
4.262859374284744263e-01 3.798165917396545410e-01 4.396029934287071228e-01 3.791915997862815857e-01 4.027381539344787598e-01 4.111982136964797974e-01
4.258614033460617065e-01 3.872686251997947693e-01 4.338163509964942932e-01 3.785410895943641663e-01 3.953306004405021667e-01 4.140309244394302368e-01
4.296725243330001831e-01 3.758031129837036133e-01 4.400720819830894470e-01 3.756855428218841553e-01 3.979254513978958130e-01 4.087746143341064453e-01
4.211497679352760315e-01 3.828825801610946655e-01 4.243185743689537048e-01 3.724634647369384766e-01 3.897748142480850220e-01 4.133450612425804138e-01
4.203778505325317383e-01 3.754495829343795776e-01 4.296005144715309143e-01 3.936515375971794128e-01 3.880265727639198303e-01 4.035614430904388428e-01
4.242904111742973328e-01 3.802561014890670776e-01 4.334946721792221069e-01 3.787005320191383362e-01 3.950937092304229736e-01 4.151868447661399841e-01
4.285595566034317017e-01 3.722433745861053467e-01 4.353081434965133667e-01 3.978402540087699890e-01 3.909252211451530457e-01 4.150150343775749207e-01
4.165019467473030090e-01 3.925488889217376709e-01 4.330204799771308899e-01 3.796700388193130493e-01 3.935128450393676758e-01 4.201591387391090393e-01
4.278232902288436890e-01 3.831638768315315247e-01 4.281124845147132874e-01 3.698034957051277161e-01 3.894903883337974548e-01 4.188987985253334045e-01
4.210388287901878357e-01 3.806499019265174866e-01 4.343392699956893921e-01 3.786192461848258972e-01 3.855589032173156738e-01 4.154463857412338257e-01
4.314030706882476807e-01 3.819845244288444519e-01 4.307840019464492798e-01 3.830711171030998230e-01 3.951265290379524231e-01 4.034638777375221252e-01
4.250325635075569153e-01 3.781825676560401917e-01 4.298527911305427551e-01 3.738697990775108337e-01 3.945449739694595337e-01 4.223540052771568298e-01
4.239324107766151428e-01 3.812333568930625916e-01 4.312643408775329590e-01 4.038162901997566223e-01 3.945805132389068604e-01 4.098395258188247681e-01
4.341166466474533081e-01 3.800125420093536377e-01 4.428001120686531067e-01 3.861861303448677063e-01 3.969774395227432251e-01 4.121689870953559875e-01
4.297332838177680969e-01 3.790879622101783752e-01 4.326730594038963318e-01 3.780439123511314392e-01 3.928887099027633667e-01 4.174894094467163086e-01
4.381503537297248840e-01 3.733643889427185059e-01 4.413366690278053284e-01 3.959158435463905334e-01 4.073021560907363892e-01 4.122326150536537170e-01
4.191880673170089722e-01 3.719181567430496216e-01 4.236052185297012329e-01 3.807051107287406921e-01 3.896391764283180237e-01 4.111006110906600952e-01
4.164110869169235229e-01 3.872190415859222412e-01 4.289004579186439514e-01 3.766656666994094849e-01 3.862637281417846680e-01 4.111739993095397949e-01
4.239298775792121887e-01 3.922384232282638550e-01 4.301777482032775879e-01 3.926511853933334351e-01 3.883209824562072754e-01 4.276533797383308411e-01
4.229592904448509216e-01 3.762959316372871399e-01 4.265144839882850647e-01 3.792854398488998413e-01 3.900497034192085266e-01 4.061890393495559692e-01
4.270674288272857666e-01 3.827331587672233582e-01 4.309768602252006531e-01 3.815898299217224121e-01 3.898998349905014038e-01 4.151426255702972412e-01
4.360972344875335693e-01 3.839363902807235718e-01 4.471419379115104675e-01 3.771076723933219910e-01 4.092282056808471680e-01 4.139863699674606323e-01
4.207134246826171875e-01 3.786078095436096191e-01 4.222252592444419861e-01 3.742384538054466248e-01 3.868477046489715576e-01 4.087499901652336121e-01
4.178974032402038574e-01 3.941487893462181091e-01 4.306596145033836365e-01 4.174631461501121521e-01 3.925180435180664062e-01 4.154899716377258301e-01
4.216894879937171936e-01 3.834112361073493958e-01 4.253134131431579590e-01 3.759700059890747070e-01 3.886591270565986633e-01 4.126145318150520325e-01
4.284749180078506470e-01 3.775976970791816711e-01 4.260940477252006531e-01 3.779954090714454651e-01 3.928490728139877319e-01 4.103503748774528503e-01
4.372140020132064819e-01 3.885868191719055176e-01 4.419331625103950500e-01 3.737898543477058411e-01 4.092365875840187073e-01 4.182529821991920471e-01
4.281310364603996277e-01 3.956679627299308777e-01 4.338061437010765076e-01 3.777026385068893433e-01 3.914897888898849487e-01 4.233089089393615723e-01
4.253768175840377808e-01 3.797224164009094238e-01 4.243571311235427856e-01 3.831354901194572449e-01 3.895814344286918640e-01 4.156399890780448914e-01
4.197220131754875183e-01 3.859603032469749451e-01 4.311059787869453430e-01 3.827283531427383423e-01 3.876758739352226257e-01 4.123160988092422485e-01
4.216088727116584778e-01 3.790871426463127136e-01 4.262065887451171875e-01 3.788359835743904114e-01 3.859413042664527893e-01 4.125127196311950684e-01
4.206620156764984131e-01 3.771435469388961792e-01 4.305953532457351685e-01 3.737577050924301147e-01 3.903760388493537903e-01 4.184938967227935791e-01
4.213314503431320190e-01 4.149825125932693481e-01 4.281670600175857544e-01 3.700489923357963562e-01 3.880874440073966980e-01 4.318455234169960022e-01
4.335878789424896240e-01 3.917297720909118652e-01 4.434687644243240356e-01 3.917373344302177429e-01 4.054640606045722961e-01 4.250695556402206421e-01
4.398278519511222839e-01 3.876678273081779480e-01 4.472860321402549744e-01 3.775160387158393860e-01 4.051116853952407837e-01 4.190816730260848999e-01
4.297472164034843445e-01 3.937126696109771729e-01 4.373493418097496033e-01 3.751878812909126282e-01 3.912751376628875732e-01 4.246120527386665344e-01
4.235690087080001831e-01 3.759884089231491089e-01 4.295866936445236206e-01 3.939816355705261230e-01 3.949902206659317017e-01 4.084414988756179810e-01
4.548750072717666626e-01 3.857214376330375671e-01 4.599405080080032349e-01 3.772627934813499451e-01 4.314228147268295288e-01 4.138860851526260376e-01
4.250966385006904602e-01 4.040411859750747681e-01 4.233644157648086548e-01 3.814465552568435669e-01 3.980179876089096069e-01 4.256911575794219971e-01
4.257324337959289551e-01 3.691084310412406921e-01 4.326986521482467651e-01 3.730384632945060730e-01 3.908512368798255920e-01 4.083366692066192627e-01
4.337758198380470276e-01 3.988610580563545227e-01 4.337978735566139221e-01 3.791211545467376709e-01 3.931736946105957031e-01 4.237433150410652161e-01
4.231665655970573425e-01 3.781868144869804382e-01 4.217863455414772034e-01 3.786781057715415955e-01 3.826798126101493835e-01 4.088452830910682678e-01
4.247259721159934998e-01 3.684005513787269592e-01 4.275696352124214172e-01 3.709596768021583557e-01 3.858305513858795166e-01 4.037249088287353516e-01
4.270249605178833008e-01 3.792303800582885742e-01 4.218658059835433960e-01 3.798718750476837158e-01 3.845493122935295105e-01 4.147598519921302795e-01
4.200090840458869934e-01 3.821687400341033936e-01 4.254222288727760315e-01 3.838384523987770081e-01 3.865618258714675903e-01 4.133261740207672119e-01
4.514956846833229065e-01 3.874227032065391541e-01 4.557732492685317993e-01 3.972622379660606384e-01 4.175464436411857605e-01 4.225642979145050049e-01
4.218690842390060425e-01 3.754483908414840698e-01 4.280847311019897461e-01 3.759806975722312927e-01 3.848018497228622437e-01 4.031232744455337524e-01
4.254430159926414490e-01 3.825376555323600769e-01 4.303363338112831116e-01 3.778085857629776001e-01 3.923145309090614319e-01 4.159959033131599426e-01
4.242525249719619751e-01 3.961948305368423462e-01 4.241412132978439331e-01 3.756432980298995972e-01 3.880773112177848816e-01 4.407564550638198853e-01
4.369321465492248535e-01 4.043711349368095398e-01 4.389035701751708984e-01 3.778168931603431702e-01 3.963381797075271606e-01 4.349597543478012085e-01
4.232767969369888306e-01 3.762829303741455078e-01 4.301786795258522034e-01 3.958693891763687134e-01 3.902175650000572205e-01 4.025592282414436340e-01
4.227756708860397339e-01 3.841493278741836548e-01 4.349413141608238220e-01 3.804494813084602356e-01 3.947199136018753052e-01 4.195755347609519958e-01
4.287650063633918762e-01 3.800354152917861938e-01 4.284895211458206177e-01 3.901324793696403503e-01 3.939926624298095703e-01 4.183446988463401794e-01
4.215307906270027161e-01 3.791481629014015198e-01 4.291155561804771423e-01 3.648386150598526001e-01 3.941902518272399902e-01 4.062889888882637024e-01
4.304723069071769714e-01 3.811936452984809875e-01 4.322491213679313660e-01 3.827602043747901917e-01 3.961282968521118164e-01 4.138281196355819702e-01
4.353987798094749451e-01 3.774316608905792236e-01 4.318634793162345886e-01 4.315309599041938782e-01 3.917624801397323608e-01 4.131301492452621460e-01
4.262673109769821167e-01 3.789617493748664856e-01 4.272364452481269836e-01 3.851045668125152588e-01 3.888260200619697571e-01 4.100360721349716187e-01
4.181814193725585938e-01 4.077114537358283997e-01 4.339170828461647034e-01 3.714616596698760986e-01 3.866881132125854492e-01 4.365909844636917114e-01
4.249548912048339844e-01 3.814085200428962708e-01 4.336305335164070129e-01 3.914026916027069092e-01 3.876242041587829590e-01 3.995132446289062500e-01
4.313717037439346313e-01 3.828310593962669373e-01 4.227849096059799194e-01 3.747702389955520630e-01 3.951784968376159668e-01 4.123925045132637024e-01
4.260580614209175110e-01 3.738133236765861511e-01 4.259452223777770996e-01 3.838194161653518677e-01 3.891971334815025330e-01 4.143867641687393188e-01
4.237702116370201111e-01 3.815647959709167480e-01 4.298079013824462891e-01 3.850398585200309753e-01 3.885776922106742859e-01 4.075951129198074341e-01
4.336698353290557861e-01 3.819191455841064453e-01 4.461504891514778137e-01 3.853335976600646973e-01 4.093555361032485962e-01 4.144706204533576965e-01
4.216261208057403564e-01 3.790498897433280945e-01 4.297443851828575134e-01 3.770047053694725037e-01 3.925120830535888672e-01 4.116120561957359314e-01
4.303380846977233887e-01 3.829288482666015625e-01 4.378672689199447632e-01 3.804318234324455261e-01 3.912303969264030457e-01 4.085141792893409729e-01
4.268668964505195618e-01 3.848904371261596680e-01 4.336953908205032349e-01 3.735589981079101562e-01 3.940901160240173340e-01 4.204623401165008545e-01
4.241711646318435669e-01 3.954672068357467651e-01 4.289336875081062317e-01 3.825942054390907288e-01 3.857309743762016296e-01 4.256372153759002686e-01
4.231369495391845703e-01 3.746047988533973694e-01 4.295334592461585999e-01 3.799321502447128296e-01 3.891569375991821289e-01 4.043314978480339050e-01
4.305253177881240845e-01 3.765693306922912598e-01 4.326338693499565125e-01 4.020539298653602600e-01 3.894268721342086792e-01 4.113954305648803711e-01
4.210226237773895264e-01 3.806210309267044067e-01 4.229200258851051331e-01 4.082759842276573181e-01 3.912778571248054504e-01 4.147092625498771667e-01
4.454003274440765381e-01 3.771576285362243652e-01 4.539689794182777405e-01 3.799938783049583435e-01 4.131103307008743286e-01 4.078599065542221069e-01
4.168355092406272888e-01 3.869977965950965881e-01 4.278043285012245178e-01 3.846579417586326599e-01 3.874074295163154602e-01 4.215518385171890259e-01
4.220534116029739380e-01 3.939167782664299011e-01 4.334654659032821655e-01 3.705136850476264954e-01 3.942846134305000305e-01 4.237540438771247864e-01
4.357051476836204529e-01 3.745206072926521301e-01 4.411233216524124146e-01 3.722875192761421204e-01 4.034659266471862793e-01 4.088955000042915344e-01
4.380529746413230896e-01 3.776089474558830261e-01 4.461107775568962097e-01 3.877034410834312439e-01 4.064634814858436584e-01 4.132980853319168091e-01
4.220245033502578735e-01 3.755782172083854675e-01 4.266011342406272888e-01 3.762560337781906128e-01 3.878017887473106384e-01 4.064204543828964233e-01
4.238925129175186157e-01 3.931074962019920349e-01 4.252204298973083496e-01 4.073843359947204590e-01 3.884546086192131042e-01 4.206164926290512085e-01
4.293378815054893494e-01 3.883852809667587280e-01 4.266633838415145874e-01 3.767620027065277100e-01 3.992357477545738220e-01 4.142121970653533936e-01
4.301114752888679504e-01 3.845514357089996338e-01 4.291385784745216370e-01 3.766831755638122559e-01 3.967647626996040344e-01 4.106386750936508179e-01
4.313272610306739807e-01 3.817866370081901550e-01 4.289055988192558289e-01 4.002508893609046936e-01 3.911348059773445129e-01 4.069270566105842590e-01
4.315865412354469299e-01 3.758267313241958618e-01 4.450683668255805969e-01 3.802973404526710510e-01 3.887822851538658142e-01 4.017382115125656128e-01
4.283782467246055603e-01 3.805635124444961548e-01 4.326914623379707336e-01 3.702447563409805298e-01 3.939440101385116577e-01 4.079125449061393738e-01
4.244912043213844299e-01 3.865136951208114624e-01 4.274712875485420227e-01 3.781189024448394775e-01 3.911627456545829773e-01 4.203598573803901672e-01
4.188137128949165344e-01 3.997497260570526123e-01 4.307067394256591797e-01 4.046940058469772339e-01 3.902917355298995972e-01 4.339666664600372314e-01
4.234843328595161438e-01 3.713853657245635986e-01 4.276918247342109680e-01 3.885579854249954224e-01 3.870121389627456665e-01 4.036122933030128479e-01
4.245848208665847778e-01 3.857420012354850769e-01 4.330999776721000671e-01 3.849434852600097656e-01 3.914773464202880859e-01 4.257779195904731750e-01
4.201335459947586060e-01 3.860961273312568665e-01 4.252117127180099487e-01 3.668898716568946838e-01 3.861089795827865601e-01 4.149051010608673096e-01
4.233033582568168640e-01 3.841173648834228516e-01 4.252425208687782288e-01 3.805524110794067383e-01 3.915631771087646484e-01 4.237234219908714294e-01
4.302360862493515015e-01 3.805761784315109253e-01 4.395215585827827454e-01 3.685365617275238037e-01 3.923657909035682678e-01 4.191242158412933350e-01
4.415870830416679382e-01 3.784773871302604675e-01 4.417488723993301392e-01 3.760307282209396362e-01 4.050533100962638855e-01 4.104823246598243713e-01
4.312894120812416077e-01 3.751081600785255432e-01 4.315203055739402771e-01 3.975183144211769104e-01 3.992089256644248962e-01 4.063173756003379822e-01
4.326884075999259949e-01 3.807835280895233154e-01 4.329551756381988525e-01 3.798468038439750671e-01 3.949853777885437012e-01 4.169964417815208435e-01
4.282330721616744995e-01 3.880131989717483521e-01 4.327182471752166748e-01 3.725095838308334351e-01 3.932727128267288208e-01 4.143052920699119568e-01
4.312526807188987732e-01 3.665209189057350159e-01 4.366101697087287903e-01 3.762054443359375000e-01 3.959463164210319519e-01 4.097609594464302063e-01
4.217422381043434143e-01 3.758546710014343262e-01 4.314876347780227661e-01 3.762681037187576294e-01 3.921416029334068298e-01 4.068313539028167725e-01
4.664335399866104126e-01 3.822023421525955200e-01 4.716661944985389709e-01 3.745511174201965332e-01 4.337033256888389587e-01 4.100992903113365173e-01
4.193258285522460938e-01 3.833698108792304993e-01 4.250983893871307373e-01 3.911136463284492493e-01 3.883020952343940735e-01 4.169951751828193665e-01
4.225958883762359619e-01 3.784460946917533875e-01 4.266593605279922485e-01 4.036254063248634338e-01 3.931332379579544067e-01 4.140872135758399963e-01
4.209087044000625610e-01 3.831933438777923584e-01 4.322079941630363464e-01 3.752349689602851868e-01 3.915963321924209595e-01 4.212911427021026611e-01
4.275038838386535645e-01 3.885577619075775146e-01 4.280662536621093750e-01 3.864067420363426208e-01 3.857308626174926758e-01 4.293751716613769531e-01
4.290920868515968323e-01 3.738971054553985596e-01 4.306595772504806519e-01 3.838321194052696228e-01 3.911412507295608521e-01 4.055494815111160278e-01
4.319173842668533325e-01 3.782654553651809692e-01 4.334820434451103210e-01 3.766405954957008362e-01 3.892127051949501038e-01 4.216529801487922668e-01
4.235170409083366394e-01 3.750419616699218750e-01 4.277707263827323914e-01 3.803906589746475220e-01 3.868000581860542297e-01 4.064559191465377808e-01
4.210165888071060181e-01 3.720735013484954834e-01 4.252245649695396423e-01 3.700513765215873718e-01 3.885592892765998840e-01 4.073779657483100891e-01
4.263958334922790527e-01 3.797541558742523193e-01 4.332281649112701416e-01 3.682016208767890930e-01 3.930188715457916260e-01 4.087925702333450317e-01
4.263439774513244629e-01 3.772348165512084961e-01 4.250726476311683655e-01 3.760602697730064392e-01 3.884091973304748535e-01 4.193252325057983398e-01
4.361739009618759155e-01 3.978858143091201782e-01 4.367601498961448669e-01 3.842429816722869873e-01 4.038986191153526306e-01 4.326410219073295593e-01
4.244518280029296875e-01 3.817680850625038147e-01 4.289543256163597107e-01 4.163607209920883179e-01 3.924840316176414490e-01 4.113627597689628601e-01
4.240071773529052734e-01 3.959579393267631531e-01 4.317746311426162720e-01 3.820617124438285828e-01 3.949806466698646545e-01 4.194734245538711548e-01
4.297650232911109924e-01 3.817853331565856934e-01 4.265673458576202393e-01 3.887466341257095337e-01 3.847118094563484192e-01 4.015883058309555054e-01
4.388315603137016296e-01 3.872601315379142761e-01 4.424920678138732910e-01 3.727412968873977661e-01 4.097438231110572815e-01 4.138401895761489868e-01
4.242548719048500061e-01 3.816331550478935242e-01 4.295643046498298645e-01 3.974245861172676086e-01 3.912136331200599670e-01 4.181490838527679443e-01
4.326045140624046326e-01 3.747706487774848938e-01 4.429494589567184448e-01 4.171079024672508240e-01 4.080328717827796936e-01 4.088446125388145447e-01
4.213228076696395874e-01 3.739779442548751831e-01 4.264094308018684387e-01 3.722488135099411011e-01 3.847403451800346375e-01 4.109658673405647278e-01
4.201240465044975281e-01 3.729766234755516052e-01 4.285743832588195801e-01 3.798331320285797119e-01 3.853271529078483582e-01 4.080517590045928955e-01
4.228962212800979614e-01 3.785775229334831238e-01 4.277537018060684204e-01 3.924668580293655396e-01 3.891633078455924988e-01 4.083165526390075684e-01
4.206738248467445374e-01 4.201005399227142334e-01 4.263051599264144897e-01 3.714219480752944946e-01 3.852834179997444153e-01 4.527202621102333069e-01
4.225923493504524231e-01 3.773718327283859253e-01 4.331942647695541382e-01 3.742760419845581055e-01 3.919145464897155762e-01 4.086975380778312683e-01
4.254099726676940918e-01 3.837039694190025330e-01 4.284894466400146484e-01 3.930014371871948242e-01 3.888950496912002563e-01 4.223730787634849548e-01
4.294717684388160706e-01 3.734557330608367920e-01 4.337538778781890869e-01 3.741888329386711121e-01 3.955844789743423462e-01 4.111557081341743469e-01
4.510347545146942139e-01 3.774422779679298401e-01 4.457740113139152527e-01 3.773743286728858948e-01 4.157300665974617004e-01 4.081315547227859497e-01
4.268183186650276184e-01 3.785202279686927795e-01 4.283332452178001404e-01 3.828119859099388123e-01 3.920687735080718994e-01 4.105646163225173950e-01
4.254685342311859131e-01 4.041664674878120422e-01 4.360665380954742432e-01 3.752429783344268799e-01 3.968017548322677612e-01 4.302731901407241821e-01
4.259145259857177734e-01 3.859607502818107605e-01 4.275719821453094482e-01 3.762680292129516602e-01 3.971142694354057312e-01 4.196675866842269897e-01
4.432997852563858032e-01 3.718509897589683533e-01 4.444181919097900391e-01 3.766554221510887146e-01 4.156411066651344299e-01 4.064565896987915039e-01
4.197532311081886292e-01 3.785812482237815857e-01 4.215333610773086548e-01 3.762027621269226074e-01 3.889329358935356140e-01 4.113900661468505859e-01
4.458981379866600037e-01 3.750923275947570801e-01 4.405402392148971558e-01 3.772541135549545288e-01 4.071235656738281250e-01 4.079210758209228516e-01
4.231988638639450073e-01 4.123765975236892700e-01 4.284697398543357849e-01 3.773653134703636169e-01 3.936839848756790161e-01 4.382656142115592957e-01
4.151146858930587769e-01 3.792309015989303589e-01 4.256096854805946350e-01 3.714109212160110474e-01 3.900620341300964355e-01 4.164629802107810974e-01
4.125880450010299683e-01 3.900366649031639099e-01 4.269367083907127380e-01 3.717854246497154236e-01 3.918724879622459412e-01 4.176875948905944824e-01
4.193538799881935120e-01 3.916651755571365356e-01 4.215608164668083191e-01 4.071616381406784058e-01 3.891923651099205017e-01 4.195567220449447632e-01
4.185152426362037659e-01 3.803866356611251831e-01 4.265884682536125183e-01 3.832257166504859924e-01 3.886115178465843201e-01 4.070583358407020569e-01
4.218241199851036072e-01 3.870025277137756348e-01 4.252122342586517334e-01 3.911795467138290405e-01 3.917336463928222656e-01 4.081643000245094299e-01
4.484805837273597717e-01 3.727710619568824768e-01 4.575620219111442566e-01 3.745065629482269287e-01 4.242238029837608337e-01 4.100787639617919922e-01
4.542722925543785095e-01 3.712429106235504150e-01 4.510932788252830505e-01 3.753129392862319946e-01 4.120889306068420410e-01 4.102907702326774597e-01
4.433515667915344238e-01 3.806933015584945679e-01 4.439745843410491943e-01 3.770282492041587830e-01 4.096373915672302246e-01 4.160956293344497681e-01
4.286448284983634949e-01 3.790846094489097595e-01 4.282946884632110596e-01 3.809077292680740356e-01 3.998146206140518188e-01 4.187569394707679749e-01
4.219302162528038025e-01 3.796644881367683411e-01 4.238711670041084290e-01 3.944211453199386597e-01 3.903302550315856934e-01 4.106554016470909119e-01
4.211274534463882446e-01 3.888951614499092102e-01 4.272536188364028931e-01 3.739415854215621948e-01 3.905009105801582336e-01 4.207314178347587585e-01
4.303126037120819092e-01 3.918504714965820312e-01 4.328618571162223816e-01 3.960924223065376282e-01 3.964657709002494812e-01 4.274488240480422974e-01
4.168391227722167969e-01 3.758397698402404785e-01 4.320297017693519592e-01 3.751322999596595764e-01 3.851304203271865845e-01 4.118148237466812134e-01
4.200855270028114319e-01 3.910185396671295166e-01 4.299618676304817200e-01 3.821909427642822266e-01 3.907104209065437317e-01 4.242002218961715698e-01
4.260391741991043091e-01 3.870622441172599792e-01 4.272732138633728027e-01 3.794367611408233643e-01 4.011125862598419189e-01 4.196772724390029907e-01
4.302510619163513184e-01 3.829526528716087341e-01 4.423989728093147278e-01 3.898334503173828125e-01 4.099882766604423523e-01 4.148559272289276123e-01
4.242411255836486816e-01 3.831866383552551270e-01 4.306337237358093262e-01 3.756606951355934143e-01 3.910038992762565613e-01 4.088583961129188538e-01
4.313713684678077698e-01 3.752141818404197693e-01 4.429202526807785034e-01 3.782759234309196472e-01 4.039599001407623291e-01 4.040293022990226746e-01
4.811253026127815247e-01 3.747483342885971069e-01 4.893391206860542297e-01 3.823855891823768616e-01 4.520896449685096741e-01 4.086377844214439392e-01
4.387426376342773438e-01 3.838949650526046753e-01 4.384832456707954407e-01 3.890804573893547058e-01 3.979723528027534485e-01 4.187381640076637268e-01
4.299386590719223022e-01 3.801652789115905762e-01 4.305747151374816895e-01 3.672146052122116089e-01 3.992512822151184082e-01 4.136695712804794312e-01
4.336667433381080627e-01 3.794782981276512146e-01 4.361663013696670532e-01 3.815327212214469910e-01 3.951268270611763000e-01 4.235970973968505859e-01
4.377401620149612427e-01 3.731291368603706360e-01 4.385587573051452637e-01 3.771467134356498718e-01 4.055428504943847656e-01 4.091978445649147034e-01
4.179852083325386047e-01 3.714698925614356995e-01 4.257777333259582520e-01 4.180197417736053467e-01 3.934916108846664429e-01 4.081872850656509399e-01
4.163639619946479797e-01 3.745355457067489624e-01 4.312325641512870789e-01 3.922959417104721069e-01 3.900092840194702148e-01 4.027060419321060181e-01
4.262309521436691284e-01 3.815739974379539490e-01 4.426835849881172180e-01 3.936150297522544861e-01 3.958503529429435730e-01 4.144751280546188354e-01
4.199077934026718140e-01 3.796787187457084656e-01 4.329798743128776550e-01 3.676233813166618347e-01 3.895560652017593384e-01 4.058761522173881531e-01
4.189490526914596558e-01 3.745035454630851746e-01 4.312073811888694763e-01 3.749423846602439880e-01 3.978131338953971863e-01 4.029732570052146912e-01
4.152930527925491333e-01 3.710348904132843018e-01 4.327367618680000305e-01 3.881791234016418457e-01 3.901971131563186646e-01 4.088351130485534668e-01
4.364062100648880005e-01 3.790070861577987671e-01 4.345738142728805542e-01 3.857716545462608337e-01 4.007369279861450195e-01 4.121086373925209045e-01
4.268456995487213135e-01 3.803792968392372131e-01 4.300769418478012085e-01 3.798481822013854980e-01 3.937758132815361023e-01 4.124796763062477112e-01
4.298186302185058594e-01 3.832521289587020874e-01 4.332889989018440247e-01 3.809813782572746277e-01 3.953881561756134033e-01 4.206126555800437927e-01
4.295224323868751526e-01 3.809012472629547119e-01 4.254821687936782837e-01 3.808768466114997864e-01 3.937126696109771729e-01 4.094088077545166016e-01
4.241356626152992249e-01 3.829697519540786743e-01 4.292411357164382935e-01 3.803884983062744141e-01 3.872803226113319397e-01 4.098949953913688660e-01
4.209717735648155212e-01 3.911954537034034729e-01 4.275235533714294434e-01 3.722242638468742371e-01 3.859775513410568237e-01 4.263859242200851440e-01
4.252874106168746948e-01 3.854821622371673584e-01 4.280898720026016235e-01 3.707049414515495300e-01 3.846136108040809631e-01 4.155573248863220215e-01
4.252305626869201660e-01 3.955130651593208313e-01 4.259674251079559326e-01 3.901717439293861389e-01 3.856816142797470093e-01 4.259125515818595886e-01
4.378373175859451294e-01 3.772801533341407776e-01 4.465276375412940979e-01 3.756936267018318176e-01 4.189220443367958069e-01 4.104316979646682739e-01
4.198169708251953125e-01 3.762260824441909790e-01 4.274624213576316833e-01 4.023405164480209351e-01 3.942190483212471008e-01 4.179371893405914307e-01
4.319828003644943237e-01 3.954128921031951904e-01 4.321051761507987976e-01 3.835813328623771667e-01 3.869274258613586426e-01 4.210337996482849121e-01
4.273733496665954590e-01 4.032734781503677368e-01 4.318251088261604309e-01 4.281488060951232910e-01 3.957264870405197144e-01 4.309244081377983093e-01
4.287214204668998718e-01 3.823674842715263367e-01 4.365167021751403809e-01 3.789615258574485779e-01 3.876091167330741882e-01 4.213070496916770935e-01
4.304355010390281677e-01 3.803825378417968750e-01 4.295405745506286621e-01 4.082114621996879578e-01 3.874366730451583862e-01 4.169802740216255188e-01
4.147075861692428589e-01 3.788241371512413025e-01 4.217346385121345520e-01 3.781208768486976624e-01 3.901813924312591553e-01 4.119194298982620239e-01
4.283408820629119873e-01 3.760711476206779480e-01 4.204548522830009460e-01 3.858732804656028748e-01 3.898059576749801636e-01 4.105922952294349670e-01
4.200618714094161987e-01 3.885905072093009949e-01 4.294340685009956360e-01 3.728939220309257507e-01 3.922108188271522522e-01 4.204735532402992249e-01
4.353956505656242371e-01 3.855824843049049377e-01 4.370418936014175415e-01 3.756786510348320007e-01 3.993728756904602051e-01 4.226401820778846741e-01
4.269725456833839417e-01 3.787402436137199402e-01 4.306821152567863464e-01 3.743182495236396790e-01 3.924021497368812561e-01 4.110870137810707092e-01
4.239718988537788391e-01 3.744165226817131042e-01 4.290013760328292847e-01 3.765950351953506470e-01 3.843259066343307495e-01 4.106177762150764465e-01
4.235556721687316895e-01 3.750581666827201843e-01 4.330387711524963379e-01 3.851599991321563721e-01 3.972583636641502380e-01 4.167138785123825073e-01
4.231075569987297058e-01 3.894284740090370178e-01 4.256371408700942993e-01 3.783012926578521729e-01 3.883073851466178894e-01 4.121799394488334656e-01
4.193046316504478455e-01 3.757746890187263489e-01 4.325494542717933655e-01 3.849428147077560425e-01 3.944645449519157410e-01 4.050823673605918884e-01
4.220026731491088867e-01 3.861915692687034607e-01 4.336979612708091736e-01 3.726395964622497559e-01 3.918016701936721802e-01 4.215890914201736450e-01
4.279212653636932373e-01 3.778807446360588074e-01 4.304178059101104736e-01 3.715112805366516113e-01 3.886497393250465393e-01 4.179530218243598938e-01
4.237839207053184509e-01 3.728708997368812561e-01 4.271809011697769165e-01 3.815637156367301941e-01 3.902972489595413208e-01 4.015189409255981445e-01
4.342228546738624573e-01 3.737937659025192261e-01 4.400618374347686768e-01 3.881995379924774170e-01 3.985239937901496887e-01 4.061432555317878723e-01
4.384284839034080505e-01 3.782750666141510010e-01 4.449340701103210449e-01 3.763557970523834229e-01 4.073120653629302979e-01 4.174719750881195068e-01
4.227769374847412109e-01 3.922320902347564697e-01 4.206083342432975769e-01 3.780529275536537170e-01 3.916994482278823853e-01 4.144397750496864319e-01
4.183386266231536865e-01 3.743643313646316528e-01 4.281938821077346802e-01 3.845545276999473572e-01 3.901541233062744141e-01 4.096445068717002869e-01
4.346432536840438843e-01 3.755311667919158936e-01 4.407405108213424683e-01 3.730286285281181335e-01 3.905149176716804504e-01 4.057962819933891296e-01
4.274361580610275269e-01 3.826094418764114380e-01 4.370050877332687378e-01 3.890992701053619385e-01 3.920698910951614380e-01 4.147536307573318481e-01
4.224809259176254272e-01 3.759864345192909241e-01 4.253664612770080566e-01 3.687880560755729675e-01 3.917494788765907288e-01 4.108019173145294189e-01
4.272909462451934814e-01 3.779127821326255798e-01 4.328398406505584717e-01 3.781818971037864685e-01 3.943923115730285645e-01 4.029338434338569641e-01
4.218430817127227783e-01 3.785479441285133362e-01 4.241100326180458069e-01 3.810946270823478699e-01 3.878382593393325806e-01 4.054416343569755554e-01
4.500918462872505188e-01 3.844302520155906677e-01 4.587044939398765564e-01 3.809803724288940430e-01 4.189516976475715637e-01 4.140624776482582092e-01
4.309845343232154846e-01 3.761745989322662354e-01 4.300613328814506531e-01 3.829893842339515686e-01 3.899447247385978699e-01 4.100678488612174988e-01
4.406437277793884277e-01 3.780692443251609802e-01 4.408431053161621094e-01 3.763062879443168640e-01 4.066869243979454041e-01 4.121770709753036499e-01
4.274163395166397095e-01 3.806538507342338562e-01 4.295976087450981140e-01 3.751071169972419739e-01 3.881812840700149536e-01 4.107025638222694397e-01
4.256482422351837158e-01 3.779852762818336487e-01 4.299791902303695679e-01 3.889296203851699829e-01 3.933589905500411987e-01 4.090911522507667542e-01
4.260280728340148926e-01 3.752787783741950989e-01 4.380340501666069031e-01 3.740154579281806946e-01 3.991556912660598755e-01 4.043219983577728271e-01
4.446192458271980286e-01 3.846215456724166870e-01 4.509821906685829163e-01 3.826066106557846069e-01 4.130257666110992432e-01 4.133006930351257324e-01
4.252056404948234558e-01 3.744490817189216614e-01 4.265252873301506042e-01 3.740684688091278076e-01 3.865094855427742004e-01 4.093728587031364441e-01
