# 3, 4, A, B, 3Ax4B, 4Ax3B
4.367370903491973877e-01 3.749851882457733154e-01 4.368222132325172424e-01 3.752607107162475586e-01 4.054489731788635254e-01 4.136290773749351501e-01
4.285646975040435791e-01 3.784021735191345215e-01 4.267985001206398010e-01 3.747827932238578796e-01 3.859303146600723267e-01 4.197065532207489014e-01
4.251065477728843689e-01 3.790777176618576050e-01 4.232084751129150391e-01 3.759103268384933472e-01 3.896401450037956238e-01 4.027293249964714050e-01
4.323710501194000244e-01 3.943485766649246216e-01 4.320269078016281128e-01 3.800350055098533630e-01 4.018415138125419617e-01 4.305147007107734680e-01
4.223211482167243958e-01 3.773967921733856201e-01 4.217079281806945801e-01 3.831865265965461731e-01 3.847008571028709412e-01 4.128000512719154358e-01
4.147314280271530151e-01 3.797521069645881653e-01 4.143944755196571350e-01 4.233815893530845642e-01 3.855669125914573669e-01 4.096769914031028748e-01
4.206869006156921387e-01 3.710949793457984924e-01 4.257030412554740906e-01 3.775001689791679382e-01 3.810993954539299011e-01 4.109003394842147827e-01
4.270071536302566528e-01 3.760191053152084351e-01 4.324283450841903687e-01 3.791908547282218933e-01 3.883301839232444763e-01 4.193773865699768066e-01
4.465634375810623169e-01 3.761408850550651550e-01 4.433251917362213135e-01 3.828395530581474304e-01 4.095197841525077820e-01 4.102817550301551819e-01
4.587269946932792664e-01 3.915859386324882507e-01 4.545034840703010559e-01 3.757752850651741028e-01 4.232408106327056885e-01 4.204335436224937439e-01
4.183920845389366150e-01 3.756299987435340881e-01 4.182548075914382935e-01 3.833177313208580017e-01 3.863030672073364258e-01 4.033605754375457764e-01
4.242865368723869324e-01 3.895469754934310913e-01 4.223795235157012939e-01 3.901663050055503845e-01 3.861034289002418518e-01 4.208721593022346497e-01
4.292467609047889709e-01 3.793091699481010437e-01 4.297590628266334534e-01 3.922972455620765686e-01 3.928367793560028076e-01 4.275758937001228333e-01
4.315165430307388306e-01 3.837061673402786255e-01 4.362603276968002319e-01 3.806527704000473022e-01 4.001018032431602478e-01 4.122628644108772278e-01
4.212847352027893066e-01 3.817671537399291992e-01 4.303039610385894775e-01 3.885676339268684387e-01 3.822800517082214355e-01 4.124556109309196472e-01
4.113249108195304871e-01 3.871093317866325378e-01 4.214799404144287109e-01 3.836857900023460388e-01 3.795137256383895874e-01 4.216022044420242310e-01
4.672149196267127991e-01 3.880026936531066895e-01 4.687232151627540588e-01 3.730604797601699829e-01 4.329988360404968262e-01 4.143302887678146362e-01
4.371464997529983521e-01 3.811021149158477783e-01 4.413840919733047485e-01 3.754568099975585938e-01 4.046994075179100037e-01 4.133692011237144470e-01
4.310056567192077637e-01 3.788224980235099792e-01 4.333242028951644897e-01 4.065379500389099121e-01 3.893801197409629822e-01 4.153648018836975098e-01
4.209297895431518555e-01 3.986195847392082214e-01 4.248049482703208923e-01 3.759930655360221863e-01 3.844769671559333801e-01 4.347794130444526672e-01
4.460201039910316467e-01 3.742517158389091492e-01 4.458326846361160278e-01 3.924456983804702759e-01 4.093168303370475769e-01 4.127187281847000122e-01
4.236123710870742798e-01 3.815995901823043823e-01 4.357674717903137207e-01 3.822332993149757385e-01 3.925395011901855469e-01 4.253969714045524597e-01
4.252438247203826904e-01 3.748810663819313049e-01 4.215390980243682861e-01 3.747806325554847717e-01 3.839289397001266479e-01 4.134931415319442749e-01
4.224120080471038818e-01 3.778735175728797913e-01 4.231012240052223206e-01 3.707922622561454773e-01 3.889654204249382019e-01 4.135547950863838196e-01
4.268103092908859253e-01 3.748238086700439453e-01 4.247287660837173462e-01 3.761664032936096191e-01 3.859356045722961426e-01 4.064453393220901489e-01
4.234448820352554321e-01 3.901534527540206909e-01 4.267532005906105042e-01 4.217195138335227966e-01 3.820946440100669861e-01 4.214091598987579346e-01
4.255606606602668762e-01 3.769613429903984070e-01 4.254384711384773254e-01 3.793511167168617249e-01 3.880546987056732178e-01 4.197325557470321655e-01
4.218520969152450562e-01 3.815488144755363464e-01 4.268991574645042419e-01 3.754770010709762573e-01 3.830497339367866516e-01 4.158451780676841736e-01
4.165887832641601562e-01 3.701272234320640564e-01 4.252877831459045410e-01 3.818584606051445007e-01 3.921342641115188599e-01 4.092659056186676025e-01
4.226344451308250427e-01 3.801097720861434937e-01 4.270272329449653625e-01 3.846935927867889404e-01 3.935801982879638672e-01 4.145722836256027222e-01
4.232352972030639648e-01 3.731562942266464233e-01 4.232670366764068604e-01 3.775995597243309021e-01 3.834634274244308472e-01 4.143424332141876221e-01
4.282615706324577332e-01 3.769462555646896362e-01 4.310186952352523804e-01 3.816704079508781433e-01 3.835211321711540222e-01 4.141074419021606445e-01
4.191130399703979492e-01 3.811855614185333252e-01 4.155929014086723328e-01 3.826092928647994995e-01 3.765982016921043396e-01 4.135181382298469543e-01
4.337002709507942200e-01 3.868177533149719238e-01 4.230822250247001648e-01 3.907662257552146912e-01 3.883140161633491516e-01 4.171071574091911316e-01
4.229439795017242432e-01 3.782653808593750000e-01 4.235662892460823059e-01 4.141517356038093567e-01 3.903935849666595459e-01 4.123095050454139709e-01
4.212978109717369080e-01 3.849078714847564697e-01 4.247915744781494141e-01 3.960813209414482117e-01 3.847905620932579041e-01 4.175940528512001038e-01
4.203857854008674622e-01 3.823001310229301453e-01 4.245994612574577332e-01 3.797129914164543152e-01 3.838418796658515930e-01 4.244022443890571594e-01
4.243957996368408203e-01 3.737439215183258057e-01 4.269817844033241272e-01 3.949506580829620361e-01 3.853352367877960205e-01 4.077870771288871765e-01
4.148714244365692139e-01 3.751261904835700989e-01 4.281120374798774719e-01 3.870143741369247437e-01 3.830146044492721558e-01 4.139635339379310608e-01
4.314593598246574402e-01 3.847504779696464539e-01 4.322474449872970581e-01 3.986950218677520752e-01 3.949363902211189270e-01 4.189979285001754761e-01
4.287485778331756592e-01 3.769228979945182800e-01 4.298485815525054932e-01 3.863872960209846497e-01 3.972716256976127625e-01 4.086121171712875366e-01
4.199855029582977295e-01 3.775592893362045288e-01 4.244421049952507019e-01 3.721349313855171204e-01 3.790118545293807983e-01 4.150498658418655396e-01
4.253663122653961182e-01 3.744368627667427063e-01 4.261541366577148438e-01 3.765614703297615051e-01 3.916202858090400696e-01 4.023265838623046875e-01
4.228919744491577148e-01 3.891985118389129639e-01 4.279600083827972412e-01 3.978784754872322083e-01 3.915902227163314819e-01 4.222001507878303528e-01
4.265166074037551880e-01 3.992867842316627502e-01 4.306189343333244324e-01 3.890579938888549805e-01 3.990125283598899841e-01 4.316429421305656433e-01
4.219894856214523315e-01 3.799878060817718506e-01 4.228870943188667297e-01 3.772931545972824097e-01 3.914631158113479614e-01 4.096457362174987793e-01
4.251143336296081543e-01 3.786171600222587585e-01 4.251639544963836670e-01 3.956447169184684753e-01 3.900206089019775391e-01 4.107229039072990417e-01
4.198301210999488831e-01 4.000889509916305542e-01 4.219360649585723877e-01 3.770259767770767212e-01 3.827094659209251404e-01 4.331542551517486572e-01
4.204442352056503296e-01 3.839870169758796692e-01 4.279646649956703186e-01 3.814999014139175415e-01 3.799694776535034180e-01 4.237950220704078674e-01
4.306822642683982849e-01 3.749043121933937073e-01 4.336978495121002197e-01 3.767370060086250305e-01 4.029048979282379150e-01 4.076314345002174377e-01
4.294449836015701294e-01 3.779809921979904175e-01 4.296501353383064270e-01 3.932934626936912537e-01 3.788452222943305969e-01 4.148712381720542908e-01
4.169196635484695435e-01 3.961022570729255676e-01 4.186517745256423950e-01 3.758716955780982971e-01 3.822923824191093445e-01 4.351237043738365173e-01
4.304736480116844177e-01 3.864242136478424072e-01 4.280617460608482361e-01 3.801351040601730347e-01 3.975834697484970093e-01 4.184099286794662476e-01
4.255823418498039246e-01 3.909946605563163757e-01 4.216838628053665161e-01 3.778479620814323425e-01 3.845581412315368652e-01 4.310805350542068481e-01
4.368147253990173340e-01 3.799797222018241882e-01 4.254560172557830811e-01 3.958572819828987122e-01 3.933199122548103333e-01 4.226659610867500305e-01
4.348509386181831360e-01 3.731520101428031921e-01 4.291063547134399414e-01 3.965450078248977661e-01 4.000949487090110779e-01 4.086487740278244019e-01
4.197837412357330322e-01 3.764517605304718018e-01 4.257547855377197266e-01 3.877045586705207825e-01 3.811001777648925781e-01 4.110762476921081543e-01
4.223360121250152588e-01 3.754199296236038208e-01 4.274233430624008179e-01 3.919382020831108093e-01 3.885198757052421570e-01 4.082178696990013123e-01
4.270721599459648132e-01 3.749921545386314392e-01 4.247870296239852905e-01 3.904841467738151550e-01 3.860280662775039673e-01 4.132550954818725586e-01
4.213764891028404236e-01 3.951545432209968567e-01 4.364426434040069580e-01 3.844318166375160217e-01 3.916864097118377686e-01 4.242821782827377319e-01
4.286637902259826660e-01 3.836143761873245239e-01 4.294370487332344055e-01 3.835316747426986694e-01 3.927289322018623352e-01 4.200108721852302551e-01
4.370653256773948669e-01 3.725240752100944519e-01 4.334565624594688416e-01 3.751921281218528748e-01 3.979687392711639404e-01 4.186809435486793518e-01
4.180351272225379944e-01 3.986537829041481018e-01 4.275109246373176575e-01 3.759231045842170715e-01 3.826197236776351929e-01 4.251310601830482483e-01
4.193488880991935730e-01 3.811932355165481567e-01 4.271015152335166931e-01 3.747253865003585815e-01 3.873376920819282532e-01 4.131143912672996521e-01
4.218011349439620972e-01 3.830290958285331726e-01 4.324576258659362793e-01 3.757238388061523438e-01 3.826510161161422729e-01 4.117397218942642212e-01
4.239700362086296082e-01 3.721088543534278870e-01 4.322595894336700439e-01 3.825223073363304138e-01 3.885643556714057922e-01 4.130453616380691528e-01
4.194506630301475525e-01 3.807700797915458679e-01 4.217576980590820312e-01 3.978941962122917175e-01 3.850502148270606995e-01 4.237726703286170959e-01
4.371842369437217712e-01 3.839006647467613220e-01 4.323979094624519348e-01 3.901958465576171875e-01 3.944256901741027832e-01 4.142164811491966248e-01
4.214752838015556335e-01 3.710410743951797485e-01 4.172371327877044678e-01 3.763613477349281311e-01 3.769098967313766479e-01 4.138997197151184082e-01
4.445197060704231262e-01 4.032194986939430237e-01 4.419636726379394531e-01 3.805258497595787048e-01 3.993468731641769409e-01 4.376262053847312927e-01
4.334177076816558838e-01 3.831564635038375854e-01 4.241855069994926453e-01 3.780147060751914978e-01 3.837596997618675232e-01 4.167636111378669739e-01
4.157198593020439148e-01 3.777743130922317505e-01 4.206601157784461975e-01 4.169059544801712036e-01 3.843287006020545959e-01 4.092401266098022461e-01
4.229727759957313538e-01 3.815206885337829590e-01 4.215196520090103149e-01 3.821807354688644409e-01 3.867540508508682251e-01 4.067879542708396912e-01
4.241021350026130676e-01 3.777730837464332581e-01 4.246426746249198914e-01 3.892492875456809998e-01 3.859608247876167297e-01 4.132596775889396667e-01
4.368174821138381958e-01 3.968618810176849365e-01 4.295009747147560120e-01 3.769215941429138184e-01 3.892630711197853088e-01 4.291274026036262512e-01
4.219217598438262939e-01 3.764933720231056213e-01 4.192260280251502991e-01 3.793428838253021240e-01 3.816558420658111572e-01 4.124868661165237427e-01
4.244119673967361450e-01 3.774986788630485535e-01 4.200215637683868408e-01 3.758617118000984192e-01 3.782266005873680115e-01 4.064792394638061523e-01
4.233312606811523438e-01 3.969552367925643921e-01 4.299158602952957153e-01 3.764089941978454590e-01 3.903432190418243408e-01 4.322388768196105957e-01
4.248288646340370178e-01 3.836309537291526794e-01 4.225381091237068176e-01 3.771275281906127930e-01 3.895730525255203247e-01 4.186028987169265747e-01
4.333872720599174500e-01 3.819494321942329407e-01 4.337089508771896362e-01 3.838448226451873779e-01 4.007489979267120361e-01 4.192030802369117737e-01
4.263415560126304626e-01 3.800735995173454285e-01 4.231011122465133667e-01 3.820536285638809204e-01 3.809441253542900085e-01 4.117618873715400696e-01
4.208039864897727966e-01 3.845788538455963135e-01 4.210521653294563293e-01 3.735974803566932678e-01 3.868674859404563904e-01 4.172275587916374207e-01
4.633939638733863831e-01 3.803076967597007751e-01 4.667176306247711182e-01 4.036246985197067261e-01 4.292503744363784790e-01 4.155694693326950073e-01
4.331299290060997009e-01 3.763289749622344971e-01 4.330957680940628052e-01 3.863180056214332581e-01 3.946594521403312683e-01 4.100587964057922363e-01
4.277513921260833740e-01 3.755699843168258667e-01 4.371839761734008789e-01 3.948279842734336853e-01 3.932373598217964172e-01 4.189977422356605530e-01
4.272967204451560974e-01 3.759564459323883057e-01 4.304695501923561096e-01 3.914604708552360535e-01 3.942809253931045532e-01 4.079199209809303284e-01
4.340428858995437622e-01 3.813947737216949463e-01 4.454958066344261169e-01 3.842253237962722778e-01 4.049975052475929260e-01 4.181431233882904053e-01
4.259380698204040527e-01 3.838308155536651611e-01 4.272462055087089539e-01 3.743562847375869751e-01 3.899160027503967285e-01 4.094783589243888855e-01
4.452636837959289551e-01 3.786440193653106689e-01 4.484038427472114563e-01 3.783479705452919006e-01 4.095524922013282776e-01 4.131510481238365173e-01
4.173913598060607910e-01 3.933537751436233521e-01 4.271966218948364258e-01 3.973529860377311707e-01 3.817785903811454773e-01 4.250499978661537170e-01
4.264520853757858276e-01 3.828092291951179504e-01 4.267532005906105042e-01 3.808297216892242432e-01 3.848206996917724609e-01 4.210220277309417725e-01
4.275534674525260925e-01 3.798422217369079590e-01 4.269041493535041809e-01 3.803906217217445374e-01 3.855209052562713623e-01 4.066085070371627808e-01
4.517577216029167175e-01 3.867189586162567139e-01 4.542626440525054932e-01 3.820864111185073853e-01 4.187342151999473572e-01 4.236092418432235718e-01
4.228699579834938049e-01 3.741452097892761230e-01 4.213049262762069702e-01 3.791471198201179504e-01 3.845417872071266174e-01 4.124923422932624817e-01
4.376377910375595093e-01 3.777933493256568909e-01 4.347689077258110046e-01 3.804973140358924866e-01 3.960901871323585510e-01 4.136676341295242310e-01
4.334086552262306213e-01 3.772443160414695740e-01 4.269009456038475037e-01 3.758005052804946899e-01 3.949410468339920044e-01 4.126815870404243469e-01
4.195564240217208862e-01 3.932613506913185120e-01 4.210892319679260254e-01 3.882662206888198853e-01 3.854544460773468018e-01 4.270806536078453064e-01
4.332389310002326965e-01 3.815780580043792725e-01 4.341512173414230347e-01 3.711323440074920654e-01 3.957833349704742432e-01 4.100029915571212769e-01
4.246316850185394287e-01 3.840964660048484802e-01 4.184389486908912659e-01 3.718936815857887268e-01 3.881047666072845459e-01 4.161895811557769775e-01
4.259006306529045105e-01 3.719079867005348206e-01 4.302492737770080566e-01 3.766949847340583801e-01 3.813632205128669739e-01 4.150029644370079041e-01
4.278848320245742798e-01 4.026529192924499512e-01 4.297020658850669861e-01 3.897927328944206238e-01 3.874003514647483826e-01 4.333128780126571655e-01
4.246485978364944458e-01 3.859258443117141724e-01 4.265907406806945801e-01 3.740492090582847595e-01 3.897256776690483093e-01 4.193108901381492615e-01
4.206566885113716125e-01 3.738744556903839111e-01 4.260416328907012939e-01 3.807574510574340820e-01 3.869591280817985535e-01 4.155784100294113159e-01
4.235708713531494141e-01 3.790503740310668945e-01 4.221457242965698242e-01 3.753506019711494446e-01 3.809349983930587769e-01 4.087606444954872131e-01
4.376487806439399719e-01 3.947697207331657410e-01 4.396593198180198669e-01 3.756021335721015930e-01 3.963528946042060852e-01 4.342967644333839417e-01
4.479682072997093201e-01 3.747215121984481812e-01 4.467141628265380859e-01 3.917034715414047241e-01 4.008218273520469666e-01 4.236991330981254578e-01
4.303104057908058167e-01 3.853357955813407898e-01 4.343148693442344666e-01 3.720034658908843994e-01 3.990485146641731262e-01 4.229567199945449829e-01
4.344723001122474670e-01 3.769289329648017883e-01 4.410710558295249939e-01 3.724463656544685364e-01 3.935060650110244751e-01 4.196719825267791748e-01
4.348499700427055359e-01 3.762831911444664001e-01 4.416700080037117004e-01 3.722382709383964539e-01 4.066918417811393738e-01 4.130909591913223267e-01
4.229967668652534485e-01 3.767427429556846619e-01 4.323800653219223022e-01 3.826031461358070374e-01 3.814145177602767944e-01 4.198041558265686035e-01
4.209530353546142578e-01 3.930156305432319641e-01 4.271777719259262085e-01 3.804958239197731018e-01 3.846520930528640747e-01 4.340992495417594910e-01
4.319508001208305359e-01 3.856692835688591003e-01 4.253863170742988586e-01 3.776360303163528442e-01 3.960119932889938354e-01 4.254025593400001526e-01
4.235246777534484863e-01 3.857424855232238770e-01 4.252167046070098877e-01 3.733610361814498901e-01 3.863957524299621582e-01 4.161404818296432495e-01
4.200209677219390869e-01 4.064626246690750122e-01 4.249574989080429077e-01 3.836927562952041626e-01 3.862613812088966370e-01 4.330511391162872314e-01
4.238284751772880554e-01 3.763495013117790222e-01 4.326989874243736267e-01 3.768368810415267944e-01 3.897129371762275696e-01 4.113737866282463074e-01
4.252583160996437073e-01 3.805523738265037537e-01 4.277016967535018921e-01 3.743631020188331604e-01 3.851782158017158508e-01 4.187656566500663757e-01
4.237652570009231567e-01 3.789864480495452881e-01 4.259290546178817749e-01 3.826987743377685547e-01 3.809102997183799744e-01 4.164124652743339539e-01
4.269059374928474426e-01 3.765321150422096252e-01 4.292732104659080505e-01 3.814874589443206787e-01 3.912915661931037903e-01 4.146222397685050964e-01
4.277265071868896484e-01 3.849013894796371460e-01 4.245854541659355164e-01 4.027091711759567261e-01 3.895984590053558350e-01 4.244168847799301147e-01
4.278942942619323730e-01 3.890133649110794067e-01 4.224379733204841614e-01 3.889495506882667542e-01 3.872196376323699951e-01 4.189046472311019897e-01
4.259882867336273193e-01 3.730413690209388733e-01 4.281743243336677551e-01 3.763929381966590881e-01 3.910259529948234558e-01 4.176662489771842957e-01
4.287948831915855408e-01 3.819222748279571533e-01 4.296614974737167358e-01 3.858186677098274231e-01 3.866933658719062805e-01 4.158691689372062683e-01
4.226448759436607361e-01 3.846989944577217102e-01 4.369938001036643982e-01 3.796085342764854431e-01 3.923289105296134949e-01 4.292623326182365417e-01
4.289090633392333984e-01 3.725649043917655945e-01 4.278194531798362732e-01 3.844445943832397461e-01 3.882613405585289001e-01 4.147261008620262146e-01
4.259116947650909424e-01 3.788639232516288757e-01 4.291218891739845276e-01 3.772952035069465637e-01 3.907209634780883789e-01 4.226425662636756897e-01
4.308321699500083923e-01 3.831537440419197083e-01 4.338604211807250977e-01 4.065603762865066528e-01 3.916720300912857056e-01 4.166165366768836975e-01
4.241563752293586731e-01 3.919414430856704712e-01 4.307209700345993042e-01 3.843748942017555237e-01 3.943099826574325562e-01 4.243560135364532471e-01
4.361335933208465576e-01 3.738124296069145203e-01 4.429933801293373108e-01 3.875796869397163391e-01 4.015005007386207581e-01 4.142608121037483215e-01
4.292775318026542664e-01 3.796457871794700623e-01 4.234993457794189453e-01 3.947593644261360168e-01 3.757846727967262268e-01 4.114760458469390869e-01
4.337356612086296082e-01 3.880695253610610962e-01 4.345391318202018738e-01 3.846614435315132141e-01 3.957104310393333435e-01 4.182530194520950317e-01
4.257716983556747437e-01 3.771521896123886108e-01 4.290656000375747681e-01 3.839950636029243469e-01 3.884797170758247375e-01 4.098189249634742737e-01
4.159736633300781250e-01 3.882134705781936646e-01 4.249117150902748108e-01 3.748746961355209351e-01 3.792223706841468811e-01 4.194941371679306030e-01
4.258202016353607178e-01 3.757819905877113342e-01 4.261309280991554260e-01 3.916513919830322266e-01 3.907350823283195496e-01 4.176443815231323242e-01
4.239967837929725647e-01 3.781938925385475159e-01 4.263969138264656067e-01 3.780874609947204590e-01 3.924142196774482727e-01 4.118525236845016479e-01
4.151949658989906311e-01 3.697336837649345398e-01 4.189758375287055969e-01 3.786367550492286682e-01 3.852282464504241943e-01 4.064778611063957214e-01
4.217603802680969238e-01 3.934668377041816711e-01 4.262972250580787659e-01 3.754325211048126221e-01 3.782397508621215820e-01 4.297425970435142517e-01
4.353012144565582275e-01 3.794689849019050598e-01 4.354658722877502441e-01 3.818305954337120056e-01 3.985130786895751953e-01 4.175933450460433960e-01
4.254033043980598450e-01 3.728252276778221130e-01 4.238995537161827087e-01 3.858051821589469910e-01 3.850139677524566650e-01 4.167304188013076782e-01
4.237666353583335876e-01 3.762429580092430115e-01 4.275809228420257568e-01 3.943198919296264648e-01 3.857230767607688904e-01 4.189172759652137756e-01
4.285849630832672119e-01 3.792599588632583618e-01 4.184876754879951477e-01 3.746980801224708557e-01 3.848245367407798767e-01 4.145381227135658264e-01
4.278663918375968933e-01 3.744223341345787048e-01 4.291743040084838867e-01 3.980958834290504456e-01 3.872958943247795105e-01 4.128614813089370728e-01
4.375619068741798401e-01 3.746971487998962402e-01 4.398090764880180359e-01 3.771844506263732910e-01 4.006981477141380310e-01 4.117016494274139404e-01
4.383685812354087830e-01 3.766468167304992676e-01 4.392233118414878845e-01 3.780570253729820251e-01 4.000595584511756897e-01 4.139751568436622620e-01
4.341453313827514648e-01 3.804240003228187561e-01 4.480568319559097290e-01 4.173739627003669739e-01 4.084035381674766541e-01 4.246650263667106628e-01
4.316898435354232788e-01 3.813784196972846985e-01 4.246733337640762329e-01 3.835507482290267944e-01 3.843702375888824463e-01 4.192051663994789124e-01
4.325633496046066284e-01 3.790812939405441284e-01 4.339135810732841492e-01 3.778492286801338196e-01 4.007165133953094482e-01 4.141511395573616028e-01
4.301968216896057129e-01 3.834472969174385071e-01 4.287084564566612244e-01 3.778268396854400635e-01 4.031363502144813538e-01 4.257144406437873840e-01
4.345551505684852600e-01 3.782979398965835571e-01 4.326868802309036255e-01 3.736094757914543152e-01 3.963515534996986389e-01 4.147425666451454163e-01
4.240857809782028198e-01 3.761184588074684143e-01 4.272342845797538757e-01 3.798119723796844482e-01 3.902425989508628845e-01 4.117790237069129944e-01
4.279884323477745056e-01 3.813140094280242920e-01 4.274241626262664795e-01 3.901020064949989319e-01 3.970702737569808960e-01 4.192883148789405823e-01
4.303872585296630859e-01 3.705812618136405945e-01 4.270014539361000061e-01 3.829590231180191040e-01 3.857741877436637878e-01 4.086657986044883728e-01
4.259230941534042358e-01 3.748968988656997681e-01 4.296601936221122742e-01 3.928410261869430542e-01 3.913835063576698303e-01 4.124968871474266052e-01
4.188914597034454346e-01 3.823798522353172302e-01 4.287346452474594116e-01 3.821712732315063477e-01 3.892697021365165710e-01 4.190588742494583130e-01
4.278194904327392578e-01 3.722237050533294678e-01 4.281360656023025513e-01 3.757092729210853577e-01 3.864970803260803223e-01 4.109591245651245117e-01
4.334982112050056458e-01 3.729949146509170532e-01 4.264370724558830261e-01 3.772350028157234192e-01 3.949640691280364990e-01 4.178346693515777588e-01
4.248933494091033936e-01 3.915884345769882202e-01 4.280211403965950012e-01 3.932369872927665710e-01 3.905116766691207886e-01 4.155948758125305176e-01
4.283938184380531311e-01 3.771547600626945496e-01 4.241998121142387390e-01 3.829945996403694153e-01 3.921734169125556946e-01 4.080134257674217224e-01
4.198749363422393799e-01 3.809923678636550903e-01 4.215656593441963196e-01 3.807821124792098999e-01 3.841462731361389160e-01 4.124897345900535583e-01
4.169086739420890808e-01 3.742112219333648682e-01 4.198860377073287964e-01 3.716728463768959045e-01 3.798584640026092529e-01 4.131460934877395630e-01
4.336471855640411377e-01 3.745445609092712402e-01 4.373577609658241272e-01 3.757534176111221313e-01 4.036127775907516479e-01 4.133746027946472168e-01
4.239476844668388367e-01 3.810511901974678040e-01 4.256878793239593506e-01 3.775985538959503174e-01 3.902725502848625183e-01 4.209506139159202576e-01
4.276990145444869995e-01 3.764836862683296204e-01 4.261526837944984436e-01 3.846561536192893982e-01 3.867419436573982239e-01 4.105823114514350891e-01
4.195398092269897461e-01 3.746381029486656189e-01 4.190853610634803772e-01 3.823072463274002075e-01 3.868320956826210022e-01 4.251750931143760681e-01
4.409359395503997803e-01 3.998997062444686890e-01 4.363893717527389526e-01 3.753531351685523987e-01 3.902956098318099976e-01 4.286144673824310303e-01
4.293917492032051086e-01 4.061060398817062378e-01 4.212603718042373657e-01 3.954487293958663940e-01 3.851501643657684326e-01 4.321258887648582458e-01
4.250089079141616821e-01 3.757185488939285278e-01 4.230618104338645935e-01 3.741975128650665283e-01 3.878577798604965210e-01 4.150233417749404907e-01
4.214897379279136658e-01 3.780074790120124817e-01 4.287171363830566406e-01 3.758517652750015259e-01 3.901308029890060425e-01 4.164990037679672241e-01
4.204639047384262085e-01 3.917909786105155945e-01 4.296382516622543335e-01 3.775005042552947998e-01 3.887804225087165833e-01 4.255158826708793640e-01
4.202730581164360046e-01 3.753970190882682800e-01 4.248547554016113281e-01 3.817857056856155396e-01 3.811082243919372559e-01 4.076614975929260254e-01
4.295263066887855530e-01 3.848466649651527405e-01 4.247490316629409790e-01 3.783687949180603027e-01 3.838232904672622681e-01 4.182152822613716125e-01
4.246366396546363831e-01 3.811538964509963989e-01 4.217333346605300903e-01 3.796372190117835999e-01 3.800438717007637024e-01 4.212817549705505371e-01
4.398097842931747437e-01 3.853167220950126648e-01 4.344202950596809387e-01 3.819140419363975525e-01 3.935248777270317078e-01 4.139071330428123474e-01
4.263300076127052307e-01 3.774612024426460266e-01 4.336420074105262756e-01 3.769943118095397949e-01 3.920891880989074707e-01 4.151249676942825317e-01
4.356184229254722595e-01 3.802193328738212585e-01 4.360990226268768311e-01 3.822731226682662964e-01 3.954017162322998047e-01 4.129106923937797546e-01
4.207441955804824829e-01 3.746663779020309448e-01 4.198274016380310059e-01 3.991354629397392273e-01 3.827451169490814209e-01 4.122395068407058716e-01
4.254955053329467773e-01 4.162779077887535095e-01 4.238799586892127991e-01 3.765805810689926147e-01 3.929305821657180786e-01 4.530098289251327515e-01
4.418159276247024536e-01 3.783697262406349182e-01 4.401374235749244690e-01 3.872703388333320618e-01 3.941499069333076477e-01 4.139610007405281067e-01
4.265397787094116211e-01 3.808345645666122437e-01 4.172323271632194519e-01 3.823973610997200012e-01 3.863967210054397583e-01 4.131378233432769775e-01
4.271453619003295898e-01 3.831902518868446350e-01 4.318889230489730835e-01 3.964756801724433899e-01 3.911948576569557190e-01 4.102836176753044128e-01
4.317481815814971924e-01 3.878050297498703003e-01 4.385773092508316040e-01 4.031528159976005554e-01 4.004290699958801270e-01 4.278564080595970154e-01
4.229304194450378418e-01 3.847676515579223633e-01 4.247341677546501160e-01 3.863212093710899353e-01 3.914462029933929443e-01 4.106117412447929382e-01
4.281597584486007690e-01 3.776695951819419861e-01 4.249746724963188171e-01 3.929259255528450012e-01 3.831940144300460815e-01 4.131446033716201782e-01
4.290513321757316589e-01 3.883569687604904175e-01 4.243205115199089050e-01 3.698765859007835388e-01 3.970380872488021851e-01 4.129570722579956055e-01
4.362488165497779846e-01 3.745386749505996704e-01 4.352968558669090271e-01 3.792607411742210388e-01 4.031345248222351074e-01 4.181947931647300720e-01
4.424813762307167053e-01 4.177163168787956238e-01 4.375612735748291016e-01 3.795984014868736267e-01 4.035113006830215454e-01 4.513059929013252258e-01
4.380799829959869385e-01 3.824275732040405273e-01 4.356280714273452759e-01 3.738266974687576294e-01 4.013101011514663696e-01 4.173058271408081055e-01
4.304253682494163513e-01 3.797508776187896729e-01 4.359223693609237671e-01 3.740409016609191895e-01 3.902383893728256226e-01 4.203918948769569397e-01
4.297360032796859741e-01 3.791172057390213013e-01 4.258531704545021057e-01 3.862396627664566040e-01 3.885805606842041016e-01 4.232107475399971008e-01
4.503964632749557495e-01 3.772134706377983093e-01 4.524121060967445374e-01 3.792630508542060852e-01 4.235175251960754395e-01 4.126746207475662231e-01
4.384425282478332520e-01 3.742283955216407776e-01 4.353331774473190308e-01 3.832153603434562683e-01 4.012466594576835632e-01 4.122844710946083069e-01
4.187526181340217590e-01 3.716812655329704285e-01 4.224897548556327820e-01 3.713099285960197449e-01 3.857332468032836914e-01 4.240996018052101135e-01
4.277242347598075867e-01 3.847255557775497437e-01 4.360277578234672546e-01 3.840396180748939514e-01 3.984817862510681152e-01 4.169696569442749023e-01
4.380527511239051819e-01 4.028393700718879700e-01 4.355773702263832092e-01 3.903365507721900940e-01 4.001951590180397034e-01 4.415211081504821777e-01
4.299215972423553467e-01 3.824806585907936096e-01 4.314249008893966675e-01 3.752362355589866638e-01 3.856808319687843323e-01 4.087286442518234253e-01
4.224794730544090271e-01 3.977743163704872131e-01 4.254495352506637573e-01 3.863612934947013855e-01 3.783374279737472534e-01 4.266809299588203430e-01
4.255733266472816467e-01 3.852292522788047791e-01 4.264597594738006592e-01 4.069773107767105103e-01 3.900924697518348694e-01 4.204025492072105408e-01
4.281557351350784302e-01 3.819268569350242615e-01 4.254026338458061218e-01 3.855994716286659241e-01 3.837795183062553406e-01 4.134275391697883606e-01
4.200226068496704102e-01 3.794774040579795837e-01 4.232958331704139709e-01 3.790548816323280334e-01 3.845693916082382202e-01 4.138799384236335754e-01
4.303272813558578491e-01 3.799958154559135437e-01 4.252067580819129944e-01 3.911658748984336853e-01 3.927688673138618469e-01 4.273632541298866272e-01
4.210581630468368530e-01 3.798083588480949402e-01 4.211899265646934509e-01 3.701023384928703308e-01 3.852253034710884094e-01 4.178686067461967468e-01
4.305756464600563049e-01 3.828606382012367249e-01 4.329344257712364197e-01 3.856486827135086060e-01 3.970784321427345276e-01 4.169969260692596436e-01
4.542876780033111572e-01 3.953278064727783203e-01 4.528937488794326782e-01 4.034120216965675354e-01 4.079551622271537781e-01 4.267860949039459229e-01
4.272457957267761230e-01 3.791664913296699524e-01 4.288972914218902588e-01 3.771470859646797180e-01 3.975720703601837158e-01 4.046873003244400024e-01
4.509128630161285400e-01 3.993856906890869141e-01 4.432944208383560181e-01 3.757677227258682251e-01 4.088991507887840271e-01 4.340334609150886536e-01
4.205496981739997864e-01 3.734447062015533447e-01 4.281019419431686401e-01 3.811379894614219666e-01 3.880001977086067200e-01 4.154888167977333069e-01
4.223273694515228271e-01 3.760953992605209351e-01 4.224641621112823486e-01 3.780795633792877197e-01 3.805552795529365540e-01 4.103095084428787231e-01
4.301096871495246887e-01 3.805055841803550720e-01 4.313893988728523254e-01 3.885022178292274475e-01 3.968010842800140381e-01 4.185923933982849121e-01
4.241680726408958435e-01 3.718270361423492432e-01 4.244885966181755066e-01 3.922574594616889954e-01 3.858393430709838867e-01 4.121366143226623535e-01
4.174130782485008240e-01 3.852196410298347473e-01 4.227905347943305969e-01 3.811208531260490417e-01 3.847158327698707581e-01 4.219288751482963562e-01
4.285270348191261292e-01 3.743924200534820557e-01 4.345073923468589783e-01 3.823816031217575073e-01 3.881407529115676880e-01 4.098320752382278442e-01
4.216920584440231323e-01 3.858968243002891541e-01 4.288358241319656372e-01 3.772905096411705017e-01 3.822429478168487549e-01 4.249930381774902344e-01
4.308969154953956604e-01 3.844975307583808899e-01 4.293642938137054443e-01 3.961478546261787415e-01 3.966991603374481201e-01 4.161232337355613708e-01
4.267926514148712158e-01 4.277882725000381470e-01 4.280972108244895935e-01 3.852743282914161682e-01 3.877822309732437134e-01 4.590323194861412048e-01
4.251690208911895752e-01 3.849542513489723206e-01 4.334716871380805969e-01 3.990373015403747559e-01 3.880315646529197693e-01 4.188403114676475525e-01
4.205835238099098206e-01 3.745175525546073914e-01 4.290738701820373535e-01 3.794060274958610535e-01 3.824035450816154480e-01 4.156041890382766724e-01
4.275222122669219971e-01 3.823589161038398743e-01 4.296901449561119080e-01 3.750819712877273560e-01 3.904006257653236389e-01 4.156726598739624023e-01
4.298486933112144470e-01 3.750075772404670715e-01 4.356353357434272766e-01 3.865574300289154053e-01 3.979924321174621582e-01 4.101606458425521851e-01
4.241320118308067322e-01 3.744880855083465576e-01 4.253859072923660278e-01 3.917498514056205750e-01 3.837576508522033691e-01 4.156401753425598145e-01
4.437207058072090149e-01 3.702408447861671448e-01 4.372157156467437744e-01 3.767086938023567200e-01 4.008880257606506348e-01 4.114735126495361328e-01
4.331376031041145325e-01 4.185983538627624512e-01 4.354286566376686096e-01 3.923644870519638062e-01 3.897807374596595764e-01 4.499379917979240417e-01
4.253076016902923584e-01 3.754177317023277283e-01 4.271217435598373413e-01 3.757204860448837280e-01 3.818634524941444397e-01 4.088309779763221741e-01
4.305487498641014099e-01 3.774214535951614380e-01 4.234393313527107239e-01 3.825889155268669128e-01 3.853442892432212830e-01 4.098928347229957581e-01
4.231715202331542969e-01 3.954263776540756226e-01 4.177907109260559082e-01 3.795108944177627563e-01 3.834584727883338928e-01 4.366382956504821777e-01
4.304846376180648804e-01 3.825065493583679199e-01 4.272477328777313232e-01 3.900370374321937561e-01 3.845786675810813904e-01 4.159329086542129517e-01
4.211943224072456360e-01 3.735129535198211670e-01 4.282883182168006897e-01 3.810983151197433472e-01 3.855804353952407837e-01 4.136646538972854614e-01
4.276175796985626221e-01 3.762847930192947388e-01 4.232791438698768616e-01 3.906455636024475098e-01 3.855085000395774841e-01 4.101432114839553833e-01
4.521526768803596497e-01 4.198464006185531616e-01 4.597263783216476440e-01 3.950761631131172180e-01 4.234262555837631226e-01 4.529790952801704407e-01
4.265843704342842102e-01 3.730955347418785095e-01 4.354490339756011963e-01 3.838148713111877441e-01 3.911969810724258423e-01 4.088195785880088806e-01
4.256544262170791626e-01 3.864118456840515137e-01 4.273875802755355835e-01 3.792457282543182373e-01 3.915375098586082458e-01 4.271805286407470703e-01
4.305157437920570374e-01 3.837350383400917053e-01 4.308755695819854736e-01 4.022133350372314453e-01 3.948049992322921753e-01 4.238426312804222107e-01
4.388269782066345215e-01 3.842887654900550842e-01 4.354975372552871704e-01 3.836601600050926208e-01 3.997605293989181519e-01 4.132619500160217285e-01
4.349832981824874878e-01 3.796762973070144653e-01 4.259534180164337158e-01 4.330950602889060974e-01 3.896170482039451599e-01 4.254094138741493225e-01
4.187655076384544373e-01 3.803509846329689026e-01 4.245795682072639465e-01 3.850726410746574402e-01 3.872738406062126160e-01 4.161391407251358032e-01
4.192293062806129456e-01 3.853680193424224854e-01 4.306625947356224060e-01 3.793928027153015137e-01 3.807993978261947632e-01 4.120032116770744324e-01
4.397236555814743042e-01 3.877202793955802917e-01 4.374313354492187500e-01 3.883783891797065735e-01 4.049181565642356873e-01 4.236652329564094543e-01
4.199781641364097595e-01 3.727009147405624390e-01 4.196659103035926819e-01 3.750928863883018494e-01 3.860112652182579041e-01 4.142050817608833313e-01
4.436628147959709167e-01 3.824983164668083191e-01 4.380809515714645386e-01 3.989360108971595764e-01 4.035446792840957642e-01 4.146220535039901733e-01
4.326098039746284485e-01 3.795143216848373413e-01 4.352470487356185913e-01 3.790741786360740662e-01 3.930182009935379028e-01 4.128542542457580566e-01
4.392348602414131165e-01 3.776149079203605652e-01 4.414371773600578308e-01 3.797985985875129700e-01 4.045918956398963928e-01 4.197313636541366577e-01
4.290608316659927368e-01 3.719929978251457214e-01 4.328100010752677917e-01 3.907882794737815857e-01 3.897825628519058228e-01 4.130855947732925415e-01
4.230603948235511780e-01 3.862179443240165710e-01 4.285177960991859436e-01 3.784488141536712646e-01 3.866741806268692017e-01 4.199068993330001831e-01
4.544600099325180054e-01 3.767539188265800476e-01 4.607369750738143921e-01 3.767895698547363281e-01 4.208013787865638733e-01 4.095989465713500977e-01
4.324535652995109558e-01 3.827050328254699707e-01 4.365404322743415833e-01 3.822638094425201416e-01 3.924342244863510132e-01 4.198091477155685425e-01
4.235908761620521545e-01 3.813836351037025452e-01 4.247375205159187317e-01 3.753076866269111633e-01 3.809350356459617615e-01 4.073947668075561523e-01
4.192759096622467041e-01 4.022252187132835388e-01 4.251330718398094177e-01 3.744821995496749878e-01 3.914979845285415649e-01 4.343784600496292114e-01
4.292276874184608459e-01 3.880129009485244751e-01 4.302447289228439331e-01 3.737252578139305115e-01 3.907179087400436401e-01 4.231945797801017761e-01
4.286312684416770935e-01 3.810809552669525146e-01 4.240691289305686951e-01 3.735787421464920044e-01 3.851058334112167358e-01 4.144665226340293884e-01
4.399466887116432190e-01 3.977932780981063843e-01 4.312618821859359741e-01 3.836047649383544922e-01 3.964422643184661865e-01 4.269880056381225586e-01
4.505137354135513306e-01 3.758148849010467529e-01 4.509020596742630005e-01 3.884438797831535339e-01 4.183795675635337830e-01 4.121745750308036804e-01
4.274196922779083252e-01 3.773637115955352783e-01 4.217315092682838440e-01 3.886144980788230896e-01 3.867170587182044983e-01 4.149111360311508179e-01
4.235885292291641235e-01 3.784857317805290222e-01 4.243086278438568115e-01 3.812404721975326538e-01 3.881970047950744629e-01 4.104838147759437561e-01
4.252133890986442566e-01 3.799781948328018188e-01 4.356162995100021362e-01 4.058414325118064880e-01 3.886612877249717712e-01 4.122910276055335999e-01
4.534555599093437195e-01 4.187337681651115417e-01 4.514349251985549927e-01 3.816454857587814331e-01 4.163872078061103821e-01 4.571234062314033508e-01
4.244492575526237488e-01 3.860447183251380920e-01 4.248562082648277283e-01 3.843473643064498901e-01 3.808614611625671387e-01 4.244862496852874756e-01
4.340781643986701965e-01 3.848656639456748962e-01 4.233321174979209900e-01 3.746702149510383606e-01 3.938086703419685364e-01 4.237688705325126648e-01
4.268231615424156189e-01 3.961535170674324036e-01 4.211869463324546814e-01 3.764810785651206970e-01 3.860216960310935974e-01 4.308430105447769165e-01
4.403317719697952271e-01 3.944238647818565369e-01 4.483387246727943420e-01 3.963723033666610718e-01 4.052504897117614746e-01 4.227617755532264709e-01
4.234620183706283569e-01 3.786323592066764832e-01 4.386530816555023193e-01 3.939473628997802734e-01 3.897825255990028381e-01 4.174339398741722107e-01
4.236976802349090576e-01 3.999383747577667236e-01 4.310684651136398315e-01 3.833563253283500671e-01 3.901282697916030884e-01 4.349336773157119751e-01
4.339769110083580017e-01 3.805739805102348328e-01 4.297410324215888977e-01 3.864547610282897949e-01 3.940267860889434814e-01 4.156446829438209534e-01
4.218246042728424072e-01 3.769535943865776062e-01 4.207051917910575867e-01 3.904019668698310852e-01 3.861210495233535767e-01 4.115425422787666321e-01
4.212146252393722534e-01 3.745957091450691223e-01 4.233535379171371460e-01 3.761001676321029663e-01 3.860853984951972961e-01 4.186984151601791382e-01
4.257097840309143066e-01 3.773218393325805664e-01 4.294741526246070862e-01 3.745246306061744690e-01 3.898983076214790344e-01 4.112734645605087280e-01
4.370250552892684937e-01 3.754774108529090881e-01 4.349267855286598206e-01 3.774857893586158752e-01 3.935706242918968201e-01 4.097126051783561707e-01
4.319041594862937927e-01 3.833327442407608032e-01 4.355085268616676331e-01 3.775592893362045288e-01 3.928043693304061890e-01 4.155996069312095642e-01
4.295038431882858276e-01 3.765102103352546692e-01 4.257432371377944946e-01 3.860854357481002808e-01 3.833856433629989624e-01 4.095047339797019958e-01
4.292645677924156189e-01 3.830980882048606873e-01 4.235687851905822754e-01 3.768942132592201233e-01 3.865497186779975891e-01 4.169802740216255188e-01
4.350842162966728210e-01 3.835033997893333435e-01 4.353087767958641052e-01 3.725636005401611328e-01 3.899984434247016907e-01 4.152642562985420227e-01
4.176558554172515869e-01 3.777458146214485168e-01 4.229614511132240295e-01 4.331529885530471802e-01 3.850495815277099609e-01 4.093838110566139221e-01
4.500839859247207642e-01 3.827162086963653564e-01 4.503752663731575012e-01 3.866769000887870789e-01 4.142271354794502258e-01 4.114886000752449036e-01
4.349532723426818848e-01 3.974047675728797913e-01 4.382543638348579407e-01 3.718609735369682312e-01 3.973212838172912598e-01 4.349373281002044678e-01
4.235414043068885803e-01 3.784887120127677917e-01 4.197992384433746338e-01 3.802078217267990112e-01 3.827979415655136108e-01 4.175608977675437927e-01
4.286975041031837463e-01 3.725972771644592285e-01 4.296583682298660278e-01 3.828941658139228821e-01 3.896123915910720825e-01 4.128324240446090698e-01
4.292839393019676208e-01 3.772615641355514526e-01 4.248496145009994507e-01 3.812354058027267456e-01 3.843457996845245361e-01 4.122303426265716553e-01
4.248230159282684326e-01 3.807661309838294983e-01 4.241142794489860535e-01 3.799078613519668579e-01 3.845015913248062134e-01 4.132363200187683105e-01
4.412376135587692261e-01 3.734844923019409180e-01 4.344034567475318909e-01 3.742181137204170227e-01 4.061010107398033142e-01 4.160866141319274902e-01
4.195922985672950745e-01 3.830298781394958496e-01 4.250260442495346069e-01 3.888900950551033020e-01 3.837616369128227234e-01 4.191072657704353333e-01
4.289852082729339600e-01 3.787240013480186462e-01 4.377553239464759827e-01 3.789758309721946716e-01 3.982335701584815979e-01 4.152485728263854980e-01
4.325720295310020447e-01 3.928099945187568665e-01 4.317522794008255005e-01 3.790487349033355713e-01 3.955050930380821228e-01 4.299881681799888611e-01
4.479397088289260864e-01 3.883646428585052490e-01 4.468118771910667419e-01 3.844387084245681763e-01 4.140834882855415344e-01 4.349507763981819153e-01
4.264137521386146545e-01 3.817176073789596558e-01 4.211157932877540588e-01 3.868697211146354675e-01 3.846654668450355530e-01 4.221832379698753357e-01
4.334229975938796997e-01 3.863709047436714172e-01 4.385288804769515991e-01 3.825150802731513977e-01 4.014969617128372192e-01 4.286935180425643921e-01
4.358213394880294800e-01 3.793114423751831055e-01 4.205012694001197815e-01 3.802232444286346436e-01 3.899242728948593140e-01 4.207321628928184509e-01
4.283996298909187317e-01 3.848514333367347717e-01 4.255748912692070007e-01 3.784656897187232971e-01 3.888864815235137939e-01 4.200927540659904480e-01
4.227892681956291199e-01 3.840746730566024780e-01 4.225360602140426636e-01 3.871954604983329773e-01 3.873882070183753967e-01 4.217819869518280029e-01
4.517921805381774902e-01 3.769062831997871399e-01 4.569976404309272766e-01 4.088096320629119873e-01 4.150618612766265869e-01 4.123191908001899719e-01
4.243106022477149963e-01 3.764287382364273071e-01 4.301049932837486267e-01 3.834903612732887268e-01 3.829788789153099060e-01 4.111021384596824646e-01
4.177192226052284241e-01 3.788823261857032776e-01 4.233800247311592102e-01 3.789069503545761108e-01 3.848485276103019714e-01 4.171790555119514465e-01
4.247925430536270142e-01 3.808348253369331360e-01 4.222425818443298340e-01 3.875282779335975647e-01 3.803217038512229919e-01 4.162024706602096558e-01
4.314723610877990723e-01 3.803594410419464111e-01 4.373141378164291382e-01 3.834281489253044128e-01 3.947426378726959229e-01 4.225957393646240234e-01
4.295026510953903198e-01 3.989186510443687439e-01 4.290693253278732300e-01 3.848322853446006775e-01 3.952998667955398560e-01 4.402602836489677429e-01
4.265269264578819275e-01 3.752566874027252197e-01 4.226482659578323364e-01 3.791521489620208740e-01 3.852375224232673645e-01 4.136023297905921936e-01
4.269922897219657898e-01 3.775088861584663391e-01 4.247559979557991028e-01 3.800563514232635498e-01 3.879374638199806213e-01 4.130702838301658630e-01
4.290920123457908630e-01 3.752126917243003845e-01 4.350771382451057434e-01 3.762055188417434692e-01 3.928165137767791748e-01 4.115706309676170349e-01
4.289511218667030334e-01 3.849588707089424133e-01 4.345509782433509827e-01 3.718703240156173706e-01 3.957770764827728271e-01 4.222093522548675537e-01
4.216063022613525391e-01 3.774829953908920288e-01 4.215830191969871521e-01 3.779467940330505371e-01 3.854898363351821899e-01 4.171870648860931396e-01
4.225458949804306030e-01 3.819081559777259827e-01 4.253216087818145752e-01 3.702774271368980408e-01 3.851725906133651733e-01 4.174621775746345520e-01
4.231822863221168518e-01 3.905076906085014343e-01 4.280995577573776245e-01 3.891670331358909607e-01 3.909961879253387451e-01 4.239106550812721252e-01
4.310406744480133057e-01 3.787585720419883728e-01 4.330020397901535034e-01 4.047560319304466248e-01 3.890062123537063599e-01 4.150377959012985229e-01
4.237645491957664490e-01 3.760229423642158508e-01 4.256749153137207031e-01 3.858258202672004700e-01 3.820460289716720581e-01 4.149397462606430054e-01
4.250647872686386108e-01 3.742213174700737000e-01 4.195235297083854675e-01 3.803478553891181946e-01 3.796913474798202515e-01 4.094971343874931335e-01
4.218515381217002869e-01 3.875370323657989502e-01 4.232058674097061157e-01 3.885312005877494812e-01 3.835098817944526672e-01 4.162180796265602112e-01
4.247385263442993164e-01 3.764465078711509705e-01 4.303739592432975769e-01 3.862245008349418640e-01 3.869701549410820007e-01 4.181505367159843445e-01
4.216683655977249146e-01 3.721401840448379517e-01 4.191417992115020752e-01 3.818545863032341003e-01 3.821638971567153931e-01 4.122516885399818420e-01
4.223614558577537537e-01 3.714681789278984070e-01 4.232920333743095398e-01 3.834263607859611511e-01 3.836576640605926514e-01 4.160657152533531189e-01
4.280874878168106079e-01 3.799785673618316650e-01 4.278130084276199341e-01 3.769532591104507446e-01 3.893719613552093506e-01 4.108239337801933289e-01
4.229406267404556274e-01 3.747140988707542419e-01 4.284022003412246704e-01 3.815083578228950500e-01 3.783785551786422729e-01 4.100576788187026978e-01
4.311687126755714417e-01 3.747474029660224915e-01 4.353053867816925049e-01 3.719177097082138062e-01 3.870726004242897034e-01 4.128024354577064514e-01
4.323583096265792847e-01 3.692068159580230713e-01 4.357950389385223389e-01 4.038936272263526917e-01 3.940652683377265930e-01 4.131306335330009460e-01
4.203826561570167542e-01 3.855124115943908691e-01 4.272226244211196899e-01 3.749404102563858032e-01 3.794780001044273376e-01 4.243679344654083252e-01
4.202784597873687744e-01 3.776582330465316772e-01 4.289041459560394287e-01 3.846442326903343201e-01 3.882865235209465027e-01 4.194029048085212708e-01
4.362167045474052429e-01 3.726781532168388367e-01 4.256568476557731628e-01 3.771241381764411926e-01 4.010147228837013245e-01 4.153076186776161194e-01
4.217398166656494141e-01 3.864577040076255798e-01 4.263987392187118530e-01 3.983796015381813049e-01 3.889530897140502930e-01 4.278985410928726196e-01
4.352527111768722534e-01 3.756197914481163025e-01 4.312183335423469543e-01 3.931029513478279114e-01 3.931761905550956726e-01 4.161565378308296204e-01
4.228871315717697144e-01 3.933035954833030701e-01 4.250598326325416565e-01 3.881082683801651001e-01 3.895323351025581360e-01 4.351679235696792603e-01
4.208603873848915100e-01 3.780544549226760864e-01 4.199966788291931152e-01 3.705931454896926880e-01 3.846675157546997070e-01 4.133239015936851501e-01
4.207077994942665100e-01 3.815378621220588684e-01 4.240771383047103882e-01 3.769670054316520691e-01 3.817813470959663391e-01 4.216248542070388794e-01
4.174987599253654480e-01 4.005265235900878906e-01 4.240382090210914612e-01 3.755318373441696167e-01 3.837895393371582031e-01 4.353002831339836121e-01
4.231506958603858948e-01 3.885142505168914795e-01 4.294319823384284973e-01 3.776013106107711792e-01 3.880199790000915527e-01 4.268760234117507935e-01
4.191504791378974915e-01 3.843643143773078918e-01 4.242360964417457581e-01 3.923851624131202698e-01 3.842873498797416687e-01 4.175532981753349304e-01
4.495850577950477600e-01 3.960326686501502991e-01 4.462669417262077332e-01 3.784856572747230530e-01 4.140378907322883606e-01 4.260114580392837524e-01
4.188777133822441101e-01 3.779612854123115540e-01 4.293004050850868225e-01 3.863203525543212891e-01 3.812607005238533020e-01 4.226179048418998718e-01
4.197432845830917358e-01 3.838970884680747986e-01 4.182102158665657043e-01 3.787738457322120667e-01 3.862420469522476196e-01 4.209332168102264404e-01
4.166175425052642822e-01 3.851047530770301819e-01 4.237144440412521362e-01 3.852726146578788757e-01 3.844504803419113159e-01 4.215537384152412415e-01
4.253299534320831299e-01 4.061966761946678162e-01 4.292882606387138367e-01 3.748548030853271484e-01 3.864220529794692993e-01 4.380081966519355774e-01
4.301048070192337036e-01 3.816612437367439270e-01 4.246030002832412720e-01 3.910838067531585693e-01 3.900558128952980042e-01 4.125737771391868591e-01
4.321194812655448914e-01 3.820106387138366699e-01 4.342079535126686096e-01 3.797788172960281372e-01 3.941926360130310059e-01 4.185282811522483826e-01
4.278410226106643677e-01 4.005309939384460449e-01 4.303359985351562500e-01 3.791720420122146606e-01 3.970394656062126160e-01 4.288703948259353638e-01
4.186309874057769775e-01 3.832338377833366394e-01 4.214765131473541260e-01 3.761975467205047607e-01 3.853381052613258362e-01 4.211686179041862488e-01
4.259915649890899658e-01 3.800966963171958923e-01 4.284523054957389832e-01 3.752310574054718018e-01 3.798427805304527283e-01 4.140778630971908569e-01
4.229230806231498718e-01 3.733822703361511230e-01 4.296978563070297241e-01 3.780590742826461792e-01 3.853465989232063293e-01 4.079619422554969788e-01
4.198457673192024231e-01 3.844232112169265747e-01 4.202376678586006165e-01 3.757488355040550232e-01 3.866194561123847961e-01 4.162127897143363953e-01
4.354142397642135620e-01 4.021231085062026978e-01 4.446955025196075439e-01 3.754139319062232971e-01 4.080370068550109863e-01 4.349048435688018799e-01
4.525046795606613159e-01 3.989662602543830872e-01 4.436094686388969421e-01 3.774462640285491943e-01 4.142649099230766296e-01 4.366474971175193787e-01
4.339333623647689819e-01 3.788689151406288147e-01 4.413401335477828979e-01 3.837186470627784729e-01 4.014040157198905945e-01 4.216229915618896484e-01
4.533977434039115906e-01 3.878226503729820251e-01 4.531165584921836853e-01 3.981962800025939941e-01 4.121297970414161682e-01 4.258342832326889038e-01
4.211579635739326477e-01 3.804730623960494995e-01 4.207695275545120239e-01 3.819239512085914612e-01 3.855907917022705078e-01 4.135567322373390198e-01
4.277112334966659546e-01 3.848527371883392334e-01 4.268363490700721741e-01 3.767694160342216492e-01 3.817541524767875671e-01 4.270039871335029602e-01
4.196887463331222534e-01 3.828345239162445068e-01 4.250285774469375610e-01 3.730056807398796082e-01 3.860667347908020020e-01 4.223625361919403076e-01
4.338326305150985718e-01 3.799864649772644043e-01 4.281235858798027039e-01 3.699240833520889282e-01 3.915944322943687439e-01 4.159834980964660645e-01
4.286386817693710327e-01 3.797627612948417664e-01 4.242655262351036072e-01 3.755101189017295837e-01 3.865382820367813110e-01 4.040365666151046753e-01
4.365759715437889099e-01 3.993537649512290955e-01 4.338048398494720459e-01 3.795738518238067627e-01 3.983831405639648438e-01 4.312167316675186157e-01
4.344896227121353149e-01 3.877975419163703918e-01 4.352374002337455750e-01 3.919776529073715210e-01 4.034100472927093506e-01 4.193352162837982178e-01
4.256293922662734985e-01 3.749314323067665100e-01 4.223821684718132019e-01 3.957730531692504883e-01 3.878251835703849792e-01 4.190258681774139404e-01
4.224921017885208130e-01 3.757179155945777893e-01 4.251061007380485535e-01 3.820662200450897217e-01 3.890124335885047913e-01 4.113579913973808289e-01
4.324067384004592896e-01 3.960845246911048889e-01 4.285435751080513000e-01 3.824223205447196960e-01 3.899768739938735962e-01 4.209354892373085022e-01
4.277352243661880493e-01 3.747076913714408875e-01 4.316647723317146301e-01 3.757655620574951172e-01 3.936630487442016602e-01 4.151117429137229919e-01
4.249521344900131226e-01 3.799373283982276917e-01 4.259300604462623596e-01 3.795002028346061707e-01 3.900461271405220032e-01 4.201528802514076233e-01
4.262669384479522705e-01 3.761225566267967224e-01 4.284926131367683411e-01 3.803794831037521362e-01 3.883391991257667542e-01 4.118090495467185974e-01
4.147408530116081238e-01 3.752763569355010986e-01 4.200909286737442017e-01 4.006558656692504883e-01 3.881351649761199951e-01 4.093303531408309937e-01
4.261773079633712769e-01 3.776479512453079224e-01 4.277955368161201477e-01 3.833724185824394226e-01 3.839239105582237244e-01 4.262468963861465454e-01
4.244836047291755676e-01 3.785475715994834900e-01 4.269274696707725525e-01 3.696056082844734192e-01 3.842860087752342224e-01 4.100369662046432495e-01
4.321768879890441895e-01 3.751675039529800415e-01 4.316892847418785095e-01 3.732509538531303406e-01 3.919255733489990234e-01 4.112493991851806641e-01
4.425224661827087402e-01 3.719518333673477173e-01 4.413982108235359192e-01 3.826760500669479370e-01 4.118656367063522339e-01 4.141494631767272949e-01
4.227560758590698242e-01 3.851980715990066528e-01 4.294045269489288330e-01 3.822455927729606628e-01 3.898881375789642334e-01 4.152709990739822388e-01
4.386695101857185364e-01 3.970811516046524048e-01 4.347355291247367859e-01 3.818571940064430237e-01 4.009352996945381165e-01 4.333239421248435974e-01
4.181841760873794556e-01 3.698045387864112854e-01 4.286360740661621094e-01 3.860331699252128601e-01 3.792978078126907349e-01 4.182862117886543274e-01
4.213500022888183594e-01 3.835589438676834106e-01 4.246356710791587830e-01 4.039072617888450623e-01 3.795684128999710083e-01 4.237463697791099548e-01
4.235327616333961487e-01 3.763366118073463440e-01 4.355661198496818542e-01 3.876414522528648376e-01 3.888707235455513000e-01 4.084818437695503235e-01
4.298066347837448120e-01 3.795270249247550964e-01 4.370743781328201294e-01 3.771064057946205139e-01 3.973936662077903748e-01 4.082587361335754395e-01
4.242845997214317322e-01 3.797859698534011841e-01 4.300972074270248413e-01 3.928199410438537598e-01 3.939029574394226074e-01 4.203353822231292725e-01
4.266065731644630432e-01 3.708491474390029907e-01 4.220920056104660034e-01 3.817750886082649231e-01 3.803488612174987793e-01 4.118901863694190979e-01
4.412947967648506165e-01 3.783771395683288574e-01 4.380006343126296997e-01 3.732317686080932617e-01 3.951804712414741516e-01 4.254364222288131714e-01
4.285918921232223511e-01 3.868622705340385437e-01 4.266937077045440674e-01 3.877491503953933716e-01 3.800860047340393066e-01 4.188451170921325684e-01
4.195239394903182983e-01 3.776793554425239563e-01 4.257476329803466797e-01 4.049196466803550720e-01 3.866222128272056580e-01 4.138037189841270447e-01
4.244535416364669800e-01 3.740005940198898315e-01 4.302021861076354980e-01 3.751501068472862244e-01 3.856446221470832825e-01 4.141695052385330200e-01
4.264153167605400085e-01 4.014122113585472107e-01 4.367041215300559998e-01 3.757800906896591187e-01 3.880810365080833435e-01 4.337561130523681641e-01
4.233148321509361267e-01 3.927296772599220276e-01 4.216004163026809692e-01 3.772766888141632080e-01 3.866677358746528625e-01 4.250032454729080200e-01
4.295323416590690613e-01 3.742522373795509338e-01 4.297251626849174500e-01 3.781634941697120667e-01 3.882556408643722534e-01 4.085376858711242676e-01
4.229458048939704895e-01 3.963582590222358704e-01 4.210471734404563904e-01 3.820746764540672302e-01 3.819368779659271240e-01 4.314426332712173462e-01
4.274544864892959595e-01 3.775759041309356689e-01 4.209598526358604431e-01 3.858814015984535217e-01 3.869622200727462769e-01 4.136792942881584167e-01
4.227199777960777283e-01 3.764691948890686035e-01 4.246361553668975830e-01 3.806604817509651184e-01 3.836571797728538513e-01 4.103424027562141418e-01
4.263486713171005249e-01 3.801844269037246704e-01 4.340612888336181641e-01 3.850317001342773438e-01 3.941090777516365051e-01 4.137951135635375977e-01
4.340459406375885010e-01 3.993461281061172485e-01 4.336613789200782776e-01 3.826344758272171021e-01 3.953352570533752441e-01 4.359893500804901123e-01
4.226629063487052917e-01 3.837498649954795837e-01 4.255632683634757996e-01 3.848291188478469849e-01 3.826966136693954468e-01 4.200354963541030884e-01
4.198349267244338989e-01 3.851720690727233887e-01 4.228905960917472839e-01 3.842604905366897583e-01 3.903729096055030823e-01 4.198145866394042969e-01
4.258659854531288147e-01 3.858129680156707764e-01 4.235029593110084534e-01 3.937658295035362244e-01 3.918569162487983704e-01 4.108549281954765320e-01
4.303312301635742188e-01 3.937760740518569946e-01 4.208235070109367371e-01 3.936418145895004272e-01 3.862874209880828857e-01 4.210276529192924500e-01
4.195750132203102112e-01 3.745290637016296387e-01 4.214852675795555115e-01 3.730247169733047485e-01 3.841973468661308289e-01 4.059903696179389954e-01
4.156766459345817566e-01 3.876804560422897339e-01 4.219867289066314697e-01 3.826566040515899658e-01 3.826424852013587952e-01 4.189487174153327942e-01
4.171987995505332947e-01 3.820231929421424866e-01 4.205197840929031372e-01 3.786113485693931580e-01 3.810539841651916504e-01 4.183515906333923340e-01
4.291084408760070801e-01 3.850833326578140259e-01 4.304114729166030884e-01 3.857661783695220947e-01 3.901865705847740173e-01 4.126475751399993896e-01
4.435992613434791565e-01 3.896519169211387634e-01 4.424268379807472229e-01 3.808815777301788330e-01 4.061786457896232605e-01 4.241745546460151672e-01
4.206638410687446594e-01 3.803830966353416443e-01 4.219616577029228210e-01 3.811238706111907959e-01 3.931503742933273315e-01 4.134704172611236572e-01
4.255302622914314270e-01 3.828524425625801086e-01 4.320444911718368530e-01 3.768963366746902466e-01 3.983251750469207764e-01 4.098733887076377869e-01
4.317918047308921814e-01 3.934566676616668701e-01 4.318062961101531982e-01 3.799635544419288635e-01 3.922592476010322571e-01 4.297025874257087708e-01
4.261115938425064087e-01 3.757862001657485962e-01 4.345184192061424255e-01 3.746652230620384216e-01 3.906911239027976990e-01 4.123566299676895142e-01
4.243261739611625671e-01 3.736893832683563232e-01 4.260062798857688904e-01 3.837809339165687561e-01 3.979397565126419067e-01 4.130386188626289368e-01
4.275193065404891968e-01 3.779302909970283508e-01 4.275392740964889526e-01 3.833980858325958252e-01 3.844565153121948242e-01 4.139924421906471252e-01
4.265042766928672791e-01 3.809245675802230835e-01 4.229645058512687683e-01 3.914513811469078064e-01 3.827890008687973022e-01 4.201942309737205505e-01
4.304003342986106873e-01 4.093986749649047852e-01 4.431452974677085876e-01 3.828618302941322327e-01 4.016727581620216370e-01 4.412050917744636536e-01
4.278392344713211060e-01 3.799727931618690491e-01 4.261464998126029968e-01 3.762934356927871704e-01 3.810837492346763611e-01 4.194579273462295532e-01
4.262347519397735596e-01 4.064049199223518372e-01 4.251740500330924988e-01 3.796854987740516663e-01 3.923614695668220520e-01 4.450247064232826233e-01
4.245479032397270203e-01 3.914891183376312256e-01 4.346993565559387207e-01 3.834794461727142334e-01 3.888022154569625854e-01 4.257690161466598511e-01
4.220982268452644348e-01 3.749286755919456482e-01 4.275019839406013489e-01 3.850912302732467651e-01 3.907386958599090576e-01 4.149442538619041443e-01
4.271702095866203308e-01 3.864323347806930542e-01 4.317404702305793762e-01 3.761382400989532471e-01 3.858435899019241333e-01 4.217072576284408569e-01
4.172313213348388672e-01 3.781223669648170471e-01 4.212104529142379761e-01 3.762033581733703613e-01 3.937190026044845581e-01 4.174664989113807678e-01
4.356422647833824158e-01 3.763625398278236389e-01 4.412817582488059998e-01 3.775752708315849304e-01 4.019565507769584656e-01 4.156866297125816345e-01
4.541137441992759705e-01 3.779786825180053711e-01 4.570074006915092468e-01 3.764083981513977051e-01 4.195838421583175659e-01 4.136774316430091858e-01
4.216013103723526001e-01 3.783909231424331665e-01 4.213699325919151306e-01 3.839060664176940918e-01 3.817529976367950439e-01 4.197002947330474854e-01
