# 3, 4, A, B, 3Ax4B, 4Ax3B
4.496150836348533630e-01 3.713736310601234436e-01 4.509361088275909424e-01 3.945186734199523926e-01 4.098233580589294434e-01 4.263583570718765259e-01
4.279693588614463806e-01 3.738707676529884338e-01 4.294747114181518555e-01 3.730610758066177368e-01 3.851397335529327393e-01 4.185727983713150024e-01
4.341579601168632507e-01 3.829751163721084595e-01 4.279521107673645020e-01 3.851068392395973206e-01 3.823659569025039673e-01 4.335928708314895630e-01
4.314141720533370972e-01 3.910339623689651489e-01 4.240965843200683594e-01 3.746622055768966675e-01 3.893717378377914429e-01 4.284963011741638184e-01
4.400532320141792297e-01 4.124862700700759888e-01 4.377806186676025391e-01 3.981825709342956543e-01 3.886146098375320435e-01 4.559036716818809509e-01
4.373465850949287415e-01 3.646998107433319092e-01 4.359008744359016418e-01 3.805181756615638733e-01 3.836747631430625916e-01 4.075040295720100403e-01
4.317322745919227600e-01 3.702079504728317261e-01 4.319889470934867859e-01 3.831642866134643555e-01 3.923761099576950073e-01 4.200631380081176758e-01
4.297353327274322510e-01 3.876173496246337891e-01 4.344582930207252502e-01 3.771020844578742981e-01 3.890041261911392212e-01 4.322258010506629944e-01
4.392844811081886292e-01 3.734648972749710083e-01 4.280008748173713684e-01 3.845129534602165222e-01 3.844131156802177429e-01 4.204649105668067932e-01
4.358082637190818787e-01 3.676059469580650330e-01 4.256245121359825134e-01 3.775716200470924377e-01 3.792729228734970093e-01 4.266592115163803101e-01
4.410280659794807434e-01 3.705777972936630249e-01 4.357644170522689819e-01 3.792556002736091614e-01 3.942676633596420288e-01 4.113109037280082703e-01
4.323276132345199585e-01 3.723094612360000610e-01 4.226433858275413513e-01 3.878682106733322144e-01 3.829379752278327942e-01 4.184988886117935181e-01
4.345828667283058167e-01 3.816402330994606018e-01 4.338427260518074036e-01 3.905963525176048279e-01 3.888138383626937866e-01 4.289108514785766602e-01
4.289596900343894958e-01 3.776518628001213074e-01 4.319021478295326233e-01 3.838897868990898132e-01 3.816816210746765137e-01 4.316144809126853943e-01
4.277380183339118958e-01 3.799714520573616028e-01 4.225458949804306030e-01 4.212868213653564453e-01 3.825398534536361694e-01 4.233019426465034485e-01
4.339052736759185791e-01 3.858809918165206909e-01 4.250516369938850403e-01 3.832549974322319031e-01 3.794049099087715149e-01 4.364324733614921570e-01
4.313014820218086243e-01 3.693879768252372742e-01 4.329936206340789795e-01 3.713751211762428284e-01 3.857098147273063660e-01 4.156576469540596008e-01
4.429165646433830261e-01 3.677724301815032959e-01 4.394274204969406128e-01 3.979176655411720276e-01 4.015501588582992554e-01 4.206913709640502930e-01
4.479934647679328918e-01 3.723170608282089233e-01 4.417068883776664734e-01 3.696235269308090210e-01 3.940135985612869263e-01 4.190574586391448975e-01
4.320426657795906067e-01 3.782374784350395203e-01 4.222854971885681152e-01 4.009507223963737488e-01 3.758760914206504822e-01 4.099952429533004761e-01
4.456677660346031189e-01 3.854476287961006165e-01 4.298900440335273743e-01 3.731425851583480835e-01 3.832558915019035339e-01 4.289653524756431580e-01
4.393862932920455933e-01 3.750499337911605835e-01 4.306775331497192383e-01 3.718898817896842957e-01 3.833568468689918518e-01 4.197944700717926025e-01
4.336353763937950134e-01 3.724430873990058899e-01 4.338015243411064148e-01 3.779325634241104126e-01 3.847112506628036499e-01 4.258852452039718628e-01
4.509555920958518982e-01 3.794044628739356995e-01 4.349771142005920410e-01 4.000585898756980896e-01 3.908291831612586975e-01 4.245582222938537598e-01
4.344860836863517761e-01 3.657344356179237366e-01 4.335696622729301453e-01 3.914286941289901733e-01 3.862236812710762024e-01 4.266487061977386475e-01
4.450972378253936768e-01 3.871310874819755554e-01 4.453749954700469971e-01 3.808393329381942749e-01 3.988983109593391418e-01 4.347148910164833069e-01
4.319835454225540161e-01 3.823286667466163635e-01 4.263411089777946472e-01 3.811910003423690796e-01 3.794300928711891174e-01 4.243830218911170959e-01
4.334802553057670593e-01 3.680304065346717834e-01 4.286692664027214050e-01 3.778108954429626465e-01 3.900858387351036072e-01 4.111123085021972656e-01
4.354546964168548584e-01 3.749377280473709106e-01 4.390490055084228516e-01 3.787391260266304016e-01 3.931304067373275757e-01 4.185920581221580505e-01
4.441893473267555237e-01 3.691668435931205750e-01 4.394711554050445557e-01 4.027120769023895264e-01 3.915309533476829529e-01 4.158416017889976501e-01
4.291342943906784058e-01 3.669111058115959167e-01 4.296697303652763367e-01 3.768331184983253479e-01 3.882405534386634827e-01 4.176572337746620178e-01
4.307437688112258911e-01 3.683719411492347717e-01 4.208310693502426147e-01 3.722989186644554138e-01 3.824251890182495117e-01 4.223404452204704285e-01
4.307806119322776794e-01 3.827587515115737915e-01 4.268241673707962036e-01 3.748067095875740051e-01 3.794046118855476379e-01 4.251871630549430847e-01
4.410411417484283447e-01 3.869263827800750732e-01 4.326108470559120178e-01 3.836198523640632629e-01 3.850921615958213806e-01 4.262636974453926086e-01
4.334994032979011536e-01 3.680786490440368652e-01 4.221040010452270508e-01 3.863601759076118469e-01 3.785272315144538879e-01 4.166726768016815186e-01
4.419741779565811157e-01 3.723731264472007751e-01 4.314512759447097778e-01 3.750856220722198486e-01 3.879376873373985291e-01 4.190215095877647400e-01
4.404833912849426270e-01 3.775042667984962463e-01 4.331991076469421387e-01 3.763318806886672974e-01 3.857715800404548645e-01 4.215160757303237915e-01
4.428051412105560303e-01 3.759775683283805847e-01 4.310955107212066650e-01 3.907468542456626892e-01 3.884702920913696289e-01 4.254446178674697876e-01
4.524213820695877075e-01 3.886437416076660156e-01 4.480595514178276062e-01 3.827349469065666199e-01 3.964294865727424622e-01 4.288838431239128113e-01
4.440379887819290161e-01 3.875378891825675964e-01 4.395081475377082825e-01 3.857636079192161560e-01 3.958920389413833618e-01 4.342265054583549500e-01
4.379368573427200317e-01 3.744473680853843689e-01 4.383035004138946533e-01 3.775631263852119446e-01 3.941307589411735535e-01 4.268956556916236877e-01
4.583349451422691345e-01 3.705960512161254883e-01 4.555372521281242371e-01 3.987592831254005432e-01 4.128699377179145813e-01 4.249192401766777039e-01
4.392544552683830261e-01 3.801237791776657104e-01 4.350263997912406921e-01 3.794275224208831787e-01 3.833042830228805542e-01 4.256288707256317139e-01
4.489820823073387146e-01 3.996751084923744202e-01 4.510292038321495056e-01 3.815043345093727112e-01 4.018064588308334351e-01 4.393175989389419556e-01
4.340999200940132141e-01 3.786120563745498657e-01 4.197997227311134338e-01 3.779599815607070923e-01 3.801918402314186096e-01 4.218988120555877686e-01
4.297462478280067444e-01 3.670522570610046387e-01 4.215845838189125061e-01 3.762925788760185242e-01 3.816108405590057373e-01 4.161632433533668518e-01
4.496749863028526306e-01 3.622082993388175964e-01 4.347460344433784485e-01 3.886988013982772827e-01 3.951751068234443665e-01 4.089685529470443726e-01
4.373929649591445923e-01 3.752240166068077087e-01 4.421238973736763000e-01 3.757992386817932129e-01 3.901188075542449951e-01 4.283051565289497375e-01
4.350624606013298035e-01 3.767001628875732422e-01 4.291354119777679443e-01 3.901064768433570862e-01 3.864189982414245605e-01 4.328476265072822571e-01
4.318848252296447754e-01 3.916576132178306580e-01 4.285492375493049622e-01 3.699672967195510864e-01 3.789798915386199951e-01 4.425907880067825317e-01
4.295378178358078003e-01 3.778819367289543152e-01 4.297773167490959167e-01 3.758952021598815918e-01 3.814517334103584290e-01 4.260461777448654175e-01
4.456159844994544983e-01 3.835235908627510071e-01 4.357266426086425781e-01 3.784384205937385559e-01 3.920286148786544800e-01 4.221224412322044373e-01
4.296332970261573792e-01 3.744964301586151123e-01 4.245034232735633850e-01 3.798372671008110046e-01 3.745624795556068420e-01 4.238394647836685181e-01
4.436445608735084534e-01 3.665079176425933838e-01 4.405883699655532837e-01 3.842701762914657593e-01 3.935190662741661072e-01 4.169544950127601624e-01
4.299043864011764526e-01 3.638130053877830505e-01 4.325855523347854614e-01 3.749145939946174622e-01 3.775531053543090820e-01 4.221426695585250854e-01
4.359483718872070312e-01 3.666245937347412109e-01 4.349640011787414551e-01 3.767271339893341064e-01 3.827168047428131104e-01 4.111706092953681946e-01
4.362728446722030640e-01 3.690022602677345276e-01 4.342317581176757812e-01 4.077691957354545593e-01 3.888737037777900696e-01 4.189986363053321838e-01
4.438770189881324768e-01 3.714569285511970520e-01 4.279790446162223816e-01 3.751747682690620422e-01 3.900063782930374146e-01 4.114679992198944092e-01
4.354719072580337524e-01 3.702770546078681946e-01 4.318320751190185547e-01 3.755182027816772461e-01 3.776698559522628784e-01 4.143950715661048889e-01
4.417039826512336731e-01 3.807998448610305786e-01 4.384988546371459961e-01 3.769647330045700073e-01 3.935872763395309448e-01 4.269896447658538818e-01
4.331548139452934265e-01 3.802770003676414490e-01 4.286891594529151917e-01 3.728562965989112854e-01 3.809979557991027832e-01 4.215863347053527832e-01
4.410491138696670532e-01 3.664711490273475647e-01 4.342273995280265808e-01 3.734678775072097778e-01 3.923971951007843018e-01 4.192404821515083313e-01
4.421851038932800293e-01 3.648575395345687866e-01 4.386177659034729004e-01 3.701027855277061462e-01 3.995730355381965637e-01 4.166066646575927734e-01
4.365342110395431519e-01 3.745345771312713623e-01 4.221894964575767517e-01 3.735436871647834778e-01 3.813259676098823547e-01 4.179354757070541382e-01
4.377464205026626587e-01 3.721414878964424133e-01 4.278291016817092896e-01 3.864264488220214844e-01 3.823657333850860596e-01 4.267773404717445374e-01
4.594878107309341431e-01 4.011450335383415222e-01 4.550527408719062805e-01 3.794639557600021362e-01 4.009971022605895996e-01 4.552128165960311890e-01
4.347884282469749451e-01 3.753899037837982178e-01 4.297539591789245605e-01 3.711401671171188354e-01 3.776963055133819580e-01 4.160780459642410278e-01
4.361833259463310242e-01 3.833194077014923096e-01 4.335219040513038635e-01 3.790216147899627686e-01 3.874022513628005981e-01 4.233492910861968994e-01
4.395114630460739136e-01 3.733874112367630005e-01 4.288057237863540649e-01 3.834648802876472473e-01 3.849342837929725647e-01 4.271718859672546387e-01
4.352522641420364380e-01 3.690795972943305969e-01 4.289515689015388489e-01 3.700714930891990662e-01 3.772981464862823486e-01 4.101837798953056335e-01
4.387556016445159912e-01 3.787408024072647095e-01 4.361599683761596680e-01 3.709846362471580505e-01 3.894123807549476624e-01 4.221305623650550842e-01
4.291125759482383728e-01 3.672124072909355164e-01 4.256889596581459045e-01 3.734432533383369446e-01 3.823616355657577515e-01 4.186543449759483337e-01
4.300455749034881592e-01 3.580089285969734192e-01 4.228762164711952209e-01 3.721641376614570618e-01 3.776568919420242310e-01 4.155224561691284180e-01
4.284288734197616577e-01 3.768352046608924866e-01 4.276822879910469055e-01 3.760697692632675171e-01 3.765849396586418152e-01 4.227507486939430237e-01
4.573848098516464233e-01 3.685675188899040222e-01 4.666105657815933228e-01 3.993602469563484192e-01 4.137259721755981445e-01 4.190364852547645569e-01
4.320571944117546082e-01 3.727594763040542603e-01 4.267302155494689941e-01 3.817902132868766785e-01 3.793365135788917542e-01 4.185417294502258301e-01
4.352293536067008972e-01 4.031593725085258484e-01 4.280286654829978943e-01 3.768081590533256531e-01 3.867980092763900757e-01 4.432857409119606018e-01
4.344990104436874390e-01 3.802454471588134766e-01 4.300339519977569580e-01 3.987681493163108826e-01 3.916048258543014526e-01 4.216485843062400818e-01
4.386585950851440430e-01 3.771477565169334412e-01 4.397922381758689880e-01 3.807204216718673706e-01 3.975547105073928833e-01 4.190342128276824951e-01
4.342386126518249512e-01 3.709379956126213074e-01 4.323769360780715942e-01 3.676604852080345154e-01 3.867554664611816406e-01 4.167454689741134644e-01
4.302910342812538147e-01 3.650446608662605286e-01 4.313321411609649658e-01 3.869182616472244263e-01 3.831544518470764160e-01 4.132903367280960083e-01
4.374695196747779846e-01 3.744505345821380615e-01 4.315763339400291443e-01 3.785696253180503845e-01 3.867695480585098267e-01 4.240792617201805115e-01
4.353203997015953064e-01 3.698700666427612305e-01 4.297435656189918518e-01 3.847971931099891663e-01 3.847647458314895630e-01 4.186690226197242737e-01
4.369764402508735657e-01 3.735870122909545898e-01 4.340381547808647156e-01 4.039048030972480774e-01 3.893432393670082092e-01 4.311543330550193787e-01
4.451804608106613159e-01 3.858837485313415527e-01 4.360562562942504883e-01 3.758218884468078613e-01 3.932294994592666626e-01 4.264603927731513977e-01
4.478132352232933044e-01 3.734296932816505432e-01 4.413616657257080078e-01 3.694869950413703918e-01 3.963944315910339355e-01 4.234198853373527527e-01
4.404207691550254822e-01 3.747407346963882446e-01 4.199671000242233276e-01 3.736435994505882263e-01 3.876013681292533875e-01 4.248449578881263733e-01
4.361004009842872620e-01 3.780290856957435608e-01 4.342637956142425537e-01 3.973283246159553528e-01 3.892816230654716492e-01 4.212334752082824707e-01
4.398668929934501648e-01 3.690996021032333374e-01 4.277752712368965149e-01 4.002511873841285706e-01 3.861894458532333374e-01 4.122755676507949829e-01
4.426979273557662964e-01 3.678394854068756104e-01 4.328768327832221985e-01 3.881699219346046448e-01 3.886237367987632751e-01 4.156989604234695435e-01
4.399320110678672791e-01 3.646041825413703918e-01 4.289172589778900146e-01 3.717562928795814514e-01 3.835483640432357788e-01 4.193291813135147095e-01
4.271044954657554626e-01 3.673866763710975647e-01 4.282341152429580688e-01 3.806217014789581299e-01 3.812199831008911133e-01 4.209715127944946289e-01
4.284184053540229797e-01 3.773452714085578918e-01 4.313820600509643555e-01 3.808369860053062439e-01 3.816251084208488464e-01 4.219750314950942993e-01
4.372123256325721741e-01 3.724227473139762878e-01 4.325138404965400696e-01 3.718690946698188782e-01 3.882288187742233276e-01 4.124889895319938660e-01
4.343266412615776062e-01 3.820665553212165833e-01 4.326782003045082092e-01 3.963116183876991272e-01 3.847450017929077148e-01 4.264800250530242920e-01
4.369260370731353760e-01 3.783747181296348572e-01 4.347399994730949402e-01 3.976446390151977539e-01 3.892171010375022888e-01 4.274840280413627625e-01
4.406019672751426697e-01 3.758242726325988770e-01 4.293905198574066162e-01 3.744897246360778809e-01 3.806981444358825684e-01 4.184101894497871399e-01
4.371843487024307251e-01 3.920115903019905090e-01 4.270959645509719849e-01 3.689794242382049561e-01 3.812975063920021057e-01 4.378992319107055664e-01
4.496350139379501343e-01 3.985102102160453796e-01 4.399261996150016785e-01 3.799105063080787659e-01 3.919780999422073364e-01 4.518589749932289124e-01
4.397124797105789185e-01 3.751403465867042542e-01 4.340768232941627502e-01 3.675625473260879517e-01 3.985544666647911072e-01 4.172707349061965942e-01
4.360306635499000549e-01 3.679241240024566650e-01 4.358906671404838562e-01 4.052372276782989502e-01 3.819592669606208801e-01 4.234043881297111511e-01
4.318109154701232910e-01 3.815546631813049316e-01 4.272790998220443726e-01 3.765290603041648865e-01 3.793822601437568665e-01 4.345650970935821533e-01
4.732526093721389771e-01 3.726477921009063721e-01 4.640937224030494690e-01 3.812893852591514587e-01 4.272802919149398804e-01 4.214322194457054138e-01
4.323402047157287598e-01 3.672305494546890259e-01 4.364986345171928406e-01 3.837579861283302307e-01 3.810533136129379272e-01 4.163884371519088745e-01
4.401059076189994812e-01 3.785487264394760132e-01 4.328792169690132141e-01 3.893965855240821838e-01 3.885329887270927429e-01 4.262034222483634949e-01
4.477784037590026855e-01 3.741589188575744629e-01 4.531322047114372253e-01 3.697811067104339600e-01 4.113176837563514709e-01 4.305212572216987610e-01
4.342618212103843689e-01 3.755571320652961731e-01 4.276537522673606873e-01 3.775586560368537903e-01 3.774891048669815063e-01 4.208082705736160278e-01
4.337187111377716064e-01 3.721884265542030334e-01 4.338118061423301697e-01 3.821512311697006226e-01 3.797325119376182556e-01 4.244305193424224854e-01
4.290813207626342773e-01 3.661036118865013123e-01 4.299622401595115662e-01 3.777139633893966675e-01 3.748593106865882874e-01 4.190099611878395081e-01
4.440077394247055054e-01 3.710148110985755920e-01 4.336889833211898804e-01 3.760438412427902222e-01 3.923877328634262085e-01 4.166106507182121277e-01
4.517414420843124390e-01 3.854765743017196655e-01 4.417935758829116821e-01 3.850020095705986023e-01 3.914546221494674683e-01 4.330880939960479736e-01
4.300966113805770874e-01 3.923151642084121704e-01 4.342675581574440002e-01 3.835813701152801514e-01 3.912850469350814819e-01 4.405793547630310059e-01
4.325170069932937622e-01 3.965487331151962280e-01 4.269892349839210510e-01 3.762800246477127075e-01 3.783200681209564209e-01 4.408786073327064514e-01
4.376482963562011719e-01 3.702675178647041321e-01 4.296628758311271667e-01 3.680566325783729553e-01 3.804535418748855591e-01 4.143646731972694397e-01
4.387072101235389709e-01 3.880565240979194641e-01 4.442044347524642944e-01 3.815838694572448730e-01 3.932447358965873718e-01 4.269852489233016968e-01
4.393363371491432190e-01 3.676665946841239929e-01 4.351066425442695618e-01 3.966008871793746948e-01 3.915097191929817200e-01 4.222424700856208801e-01
4.359219968318939209e-01 3.734130039811134338e-01 4.343696683645248413e-01 3.669265657663345337e-01 3.830628469586372375e-01 4.209770262241363525e-01
4.251123592257499695e-01 3.763469308614730835e-01 4.254639521241188049e-01 3.740240260958671570e-01 3.829060122370719910e-01 4.187117516994476318e-01
4.389013350009918213e-01 3.701094537973403931e-01 4.388516396284103394e-01 3.772236779332160950e-01 3.951011598110198975e-01 4.172110930085182190e-01
4.308145865797996521e-01 3.707030415534973145e-01 4.323609173297882080e-01 3.800018131732940674e-01 3.818625584244728088e-01 4.232008010149002075e-01
4.315852001309394836e-01 3.717382252216339111e-01 4.306619614362716675e-01 3.775897994637489319e-01 3.792060539126396179e-01 4.199210181832313538e-01
4.302658513188362122e-01 3.667131811380386353e-01 4.285667464137077332e-01 3.647239878773689270e-01 3.851193189620971680e-01 4.212957620620727539e-01
4.336836934089660645e-01 3.714378550648689270e-01 4.295056685805320740e-01 3.753732517361640930e-01 3.831276670098304749e-01 4.206872731447219849e-01
4.349413514137268066e-01 3.653327375650405884e-01 4.404888302087783813e-01 4.133413359522819519e-01 3.867508471012115479e-01 4.141613468527793884e-01
4.270602390170097351e-01 3.716343641281127930e-01 4.382041096687316895e-01 3.810396045446395874e-01 3.799729421734809875e-01 4.197620972990989685e-01
4.482878372073173523e-01 3.697558492422103882e-01 4.385956749320030212e-01 3.799175098538398743e-01 3.870226442813873291e-01 4.199797660112380981e-01
4.283051937818527222e-01 3.643089532852172852e-01 4.257148504257202148e-01 3.791965544223785400e-01 3.734082728624343872e-01 4.134880378842353821e-01
4.310217127203941345e-01 3.770041838288307190e-01 4.350899159908294678e-01 3.761729225516319275e-01 3.844095021486282349e-01 4.176657646894454956e-01
4.336310550570487976e-01 3.671167418360710144e-01 4.249328002333641052e-01 3.919725492596626282e-01 3.823604062199592590e-01 4.178761318325996399e-01
4.303069412708282471e-01 3.730723261833190918e-01 4.314609616994857788e-01 3.709269315004348755e-01 3.855032101273536682e-01 4.221104830503463745e-01
4.374722763895988464e-01 3.698537126183509827e-01 4.345508292317390442e-01 3.891074284911155701e-01 3.838443756103515625e-01 4.190324991941452026e-01
4.300187155604362488e-01 3.642202913761138916e-01 4.167707636952400208e-01 3.882335126399993896e-01 3.792538866400718689e-01 4.125689342617988586e-01
4.390737414360046387e-01 3.687097504734992981e-01 4.367230832576751709e-01 3.933426365256309509e-01 3.845029696822166443e-01 4.228649660944938660e-01
4.324534535408020020e-01 3.810227662324905396e-01 4.281181842088699341e-01 3.809972107410430908e-01 3.868409246206283569e-01 4.323399439454078674e-01
4.388288781046867371e-01 3.716767206788063049e-01 4.298360273241996765e-01 3.956293314695358276e-01 3.918088600039482117e-01 4.171783849596977234e-01
4.312054067850112915e-01 3.775531798601150513e-01 4.263310506939888000e-01 3.756276145577430725e-01 3.776180371642112732e-01 4.274723678827285767e-01
4.475497826933860779e-01 3.824803233146667480e-01 4.420141875743865967e-01 3.784397616982460022e-01 4.028947278857231140e-01 4.258350655436515808e-01
4.273061454296112061e-01 3.739850223064422607e-01 4.273058101534843445e-01 3.842467814683914185e-01 3.815810382366180420e-01 4.222913086414337158e-01
4.447458684444427490e-01 3.691698610782623291e-01 4.409714788198471069e-01 3.733267262578010559e-01 3.980706632137298584e-01 4.100434109568595886e-01
4.518746584653854370e-01 3.794425353407859802e-01 4.468509182333946228e-01 3.883181512355804443e-01 4.082675278186798096e-01 4.253501817584037781e-01
4.304601624608039856e-01 3.801707550883293152e-01 4.298310726881027222e-01 3.832784295082092285e-01 3.852059319615364075e-01 4.263268038630485535e-01
4.353064298629760742e-01 3.692760691046714783e-01 4.207091405987739563e-01 3.754558414220809937e-01 3.818010166287422180e-01 4.082775488495826721e-01
4.322272539138793945e-01 3.647031262516975403e-01 4.207430779933929443e-01 3.718712553381919861e-01 3.774465247988700867e-01 4.121224582195281982e-01
4.375631734728813171e-01 3.719026967883110046e-01 4.338986799120903015e-01 3.746649995446205139e-01 3.865782544016838074e-01 4.199199378490447998e-01
4.358592629432678223e-01 3.763357177376747131e-01 4.229437559843063354e-01 3.754438832402229309e-01 3.777369856834411621e-01 4.189334064722061157e-01
4.295343160629272461e-01 3.707059845328330994e-01 4.341235011816024780e-01 3.755285590887069702e-01 3.826199099421501160e-01 4.217782616615295410e-01
4.335080459713935852e-01 3.746457397937774658e-01 4.331339523196220398e-01 4.108898714184761047e-01 3.875142708420753479e-01 4.222484678030014038e-01
4.354699328541755676e-01 3.847111016511917114e-01 4.309266060590744019e-01 3.871521353721618652e-01 3.905344754457473755e-01 4.327192530035972595e-01
4.341385886073112488e-01 3.710040450096130371e-01 4.330848529934883118e-01 3.818743303418159485e-01 3.774968534708023071e-01 4.222154244780540466e-01
4.370974749326705933e-01 3.702460229396820068e-01 4.240439459681510925e-01 3.845036774873733521e-01 3.774248808622360229e-01 4.232467710971832275e-01
4.296078160405158997e-01 3.691006079316139221e-01 4.261120781302452087e-01 3.831900656223297119e-01 3.748261183500289917e-01 4.159786179661750793e-01
4.306267201900482178e-01 3.700597584247589111e-01 4.278770834207534790e-01 3.848434612154960632e-01 3.824289888143539429e-01 4.201143607497215271e-01
4.373720660805702209e-01 3.640757128596305847e-01 4.238338023424148560e-01 3.820988163352012634e-01 3.858467936515808105e-01 4.104168340563774109e-01
4.445754364132881165e-01 3.849049657583236694e-01 4.374605044722557068e-01 3.799453750252723694e-01 4.030566662549972534e-01 4.268771037459373474e-01
4.393169656395912170e-01 3.732328861951828003e-01 4.340326413512229919e-01 3.726087883114814758e-01 3.919590264558792114e-01 4.226173460483551025e-01
4.355031624436378479e-01 3.747559338808059692e-01 4.323323816061019897e-01 3.719484061002731323e-01 3.831744194030761719e-01 4.269517958164215088e-01
4.318385943770408630e-01 3.771341964602470398e-01 4.278662800788879395e-01 3.755904734134674072e-01 3.734586387872695923e-01 4.279211536049842834e-01
4.332466796040534973e-01 3.724193572998046875e-01 4.348474740982055664e-01 3.844248503446578979e-01 3.828109428286552429e-01 4.243949428200721741e-01
4.319426417350769043e-01 3.679760172963142395e-01 4.281423240900039673e-01 3.802080824971199036e-01 3.840690106153488159e-01 4.107898846268653870e-01
4.372512176632881165e-01 3.750811144709587097e-01 4.403013736009597778e-01 3.835422545671463013e-01 3.853593394160270691e-01 4.275195300579071045e-01
4.289848729968070984e-01 3.733008354902267456e-01 4.356142878532409668e-01 3.697565943002700806e-01 3.787172585725784302e-01 4.234474152326583862e-01
4.381390288472175598e-01 3.715291619300842285e-01 4.281302168965339661e-01 3.762351348996162415e-01 3.790047392249107361e-01 4.159992560744285583e-01
4.470092058181762695e-01 3.792484849691390991e-01 4.342896118760108948e-01 3.921629860997200012e-01 4.002365469932556152e-01 4.241013154387474060e-01
4.339254274964332581e-01 3.625149279832839966e-01 4.397917166352272034e-01 3.743988275527954102e-01 3.938249871134757996e-01 4.155494272708892822e-01
4.299973696470260620e-01 3.975844383239746094e-01 4.215781018137931824e-01 3.740250691771507263e-01 3.830992057919502258e-01 4.365305230021476746e-01
4.363638535141944885e-01 4.016080498695373535e-01 4.312315210700035095e-01 3.747748583555221558e-01 3.901783749461174011e-01 4.517417773604393005e-01
4.329838231205940247e-01 3.667388111352920532e-01 4.278860241174697876e-01 3.776125237345695496e-01 3.830018639564514160e-01 4.155754297971725464e-01
4.371928796172142029e-01 3.754463791847229004e-01 4.301172494888305664e-01 3.934068232774734497e-01 3.844666108489036560e-01 4.187801107764244080e-01
4.393821582198143005e-01 3.631996363401412964e-01 4.233642667531967163e-01 3.739434108138084412e-01 3.828318789601325989e-01 4.178107157349586487e-01
4.361525923013687134e-01 3.637806698679924011e-01 4.249927401542663574e-01 3.793214634060859680e-01 3.776092454791069031e-01 4.165840521454811096e-01
4.355500638484954834e-01 3.816301375627517700e-01 4.285850375890731812e-01 3.803735226392745972e-01 3.879247978329658508e-01 4.217367991805076599e-01
4.309489578008651733e-01 3.816507011651992798e-01 4.263397306203842163e-01 3.813866153359413147e-01 3.834629803895950317e-01 4.257448762655258179e-01
4.344232007861137390e-01 3.668459504842758179e-01 4.324801266193389893e-01 3.733867406845092773e-01 3.898593783378601074e-01 4.206975176930427551e-01
4.393551126122474670e-01 3.737400844693183899e-01 4.293752461671829224e-01 4.041766747832298279e-01 3.813474625349044800e-01 4.135435074567794800e-01
4.349698498845100403e-01 3.714540973305702209e-01 4.304635897278785706e-01 3.814068064093589783e-01 3.812420368194580078e-01 4.224972054362297058e-01
4.357155039906501770e-01 3.780576959252357483e-01 4.323441162705421448e-01 3.770714998245239258e-01 3.873815387487411499e-01 4.278768226504325867e-01
4.323347285389900208e-01 3.769401833415031433e-01 4.310389980673789978e-01 3.831690177321434021e-01 3.822703659534454346e-01 4.228260740637779236e-01
4.482867196202278137e-01 3.749566525220870972e-01 4.502088576555252075e-01 3.835257515311241150e-01 4.058935493230819702e-01 4.229491576552391052e-01
4.408088698983192444e-01 3.821282461285591125e-01 4.369012638926506042e-01 3.768708929419517517e-01 3.850743547081947327e-01 4.262440651655197144e-01
4.370999708771705627e-01 3.697462752461433411e-01 4.322756081819534302e-01 3.712711483240127563e-01 3.881704434752464294e-01 4.204686358571052551e-01
4.382489994168281555e-01 3.714282810688018799e-01 4.303273931145668030e-01 3.720859438180923462e-01 3.827766701579093933e-01 4.219429939985275269e-01
4.447776079177856445e-01 3.668263182044029236e-01 4.370647668838500977e-01 3.741091862320899963e-01 3.904692456126213074e-01 4.175592958927154541e-01
4.625545814633369446e-01 3.704850003123283386e-01 4.594021663069725037e-01 3.826430067420005798e-01 4.153120890259742737e-01 4.181775450706481934e-01
4.313343018293380737e-01 4.043494164943695068e-01 4.297996684908866882e-01 3.869534656405448914e-01 3.746014833450317383e-01 4.520145058631896973e-01
4.358907043933868408e-01 3.620260208845138550e-01 4.281290993094444275e-01 3.819351643323898315e-01 3.786962479352951050e-01 4.212466627359390259e-01
4.370586946606636047e-01 3.694698587059974670e-01 4.306717962026596069e-01 3.774303942918777466e-01 3.936482220888137817e-01 4.210030660033226013e-01
4.321349784731864929e-01 3.717672452330589294e-01 4.208206757903099060e-01 3.804265707731246948e-01 3.825617581605911255e-01 4.227972030639648438e-01
4.335683211684226990e-01 3.769671171903610229e-01 4.320293292403221130e-01 3.739046305418014526e-01 3.883647918701171875e-01 4.134267196059226990e-01
4.321670904755592346e-01 3.665071353316307068e-01 4.267629981040954590e-01 3.906974568963050842e-01 3.813364356756210327e-01 4.195355251431465149e-01
4.482129588723182678e-01 3.717516735196113586e-01 4.389071092009544373e-01 3.910522162914276123e-01 3.924607858061790466e-01 4.237286746501922607e-01
4.592926055192947388e-01 3.939814120531082153e-01 4.555050283670425415e-01 3.695848211646080017e-01 4.054109752178192139e-01 4.450163990259170532e-01
4.435217753052711487e-01 3.696729242801666260e-01 4.415225237607955933e-01 3.784773126244544983e-01 3.998994827270507812e-01 4.178628325462341309e-01
4.368416592478752136e-01 3.806874155998229980e-01 4.282023757696151733e-01 3.731035068631172180e-01 3.815324977040290833e-01 4.221065342426300049e-01
4.334848001599311829e-01 3.753608092665672302e-01 4.299508407711982727e-01 3.710521385073661804e-01 3.876485303044319153e-01 4.210453107953071594e-01
4.372288659214973450e-01 3.721673786640167236e-01 4.264493659138679504e-01 3.822179138660430908e-01 3.771777823567390442e-01 4.168123379349708557e-01
4.283468052744865417e-01 3.665804490447044373e-01 4.354481771588325500e-01 3.690811991691589355e-01 3.863563761115074158e-01 4.144565388560295105e-01
4.430696740746498108e-01 3.663874790072441101e-01 4.313632100820541382e-01 3.768912330269813538e-01 3.870262578129768372e-01 4.112819954752922058e-01
4.374481365084648132e-01 3.646396473050117493e-01 4.284852743148803711e-01 3.808691352605819702e-01 3.815191239118576050e-01 4.212228208780288696e-01
4.300012439489364624e-01 3.695586323738098145e-01 4.295996204018592834e-01 3.797214105725288391e-01 3.785119578242301941e-01 4.265678673982620239e-01
4.420780763030052185e-01 3.670567274093627930e-01 4.382131248712539673e-01 3.741238638758659363e-01 3.932308778166770935e-01 4.169864207506179810e-01
4.365471750497817993e-01 3.802392259240150452e-01 4.253938794136047363e-01 3.677621111273765564e-01 3.784773871302604675e-01 4.300870001316070557e-01
4.342864826321601868e-01 3.753728047013282776e-01 4.308376088738441467e-01 3.833235800266265869e-01 3.894731402397155762e-01 4.257764667272567749e-01
4.383201524615287781e-01 3.763974830508232117e-01 4.275465756654739380e-01 3.776852414011955261e-01 3.848787397146224976e-01 4.216086864471435547e-01
4.600022360682487488e-01 3.805487230420112610e-01 4.511320590972900391e-01 3.868116810917854309e-01 4.083485156297683716e-01 4.238733276724815369e-01
4.352124780416488647e-01 3.670029714703559875e-01 4.255037382245063782e-01 3.746355697512626648e-01 3.818123787641525269e-01 4.225591942667961121e-01
4.351226240396499634e-01 3.775315359234809875e-01 4.354156926274299622e-01 3.901318460702896118e-01 3.839492052793502808e-01 4.217098280787467957e-01
4.364415258169174194e-01 3.669420257210731506e-01 4.344955086708068848e-01 3.735717386007308960e-01 3.823570907115936279e-01 4.159474372863769531e-01
4.330495372414588928e-01 3.703437000513076782e-01 4.318251460790634155e-01 3.772841021418571472e-01 3.826974704861640930e-01 4.206805676221847534e-01
4.397602751851081848e-01 3.641839697957038879e-01 4.361591115593910217e-01 3.895822912454605103e-01 3.877593949437141418e-01 4.193508252501487732e-01
4.293850809335708618e-01 3.654287010431289673e-01 4.241194203495979309e-01 3.801009058952331543e-01 3.808198869228363037e-01 4.146329313516616821e-01
4.358425736427307129e-01 3.901573270559310913e-01 4.223265871405601501e-01 3.766155615448951721e-01 3.839900717139244080e-01 4.325067624449729919e-01
4.371190071105957031e-01 3.631177917122840881e-01 4.404202103614807129e-01 3.712515160441398621e-01 3.957615420222282410e-01 4.181201010942459106e-01
4.319283366203308105e-01 3.663739934563636780e-01 4.215569794178009033e-01 3.891282156109809875e-01 3.828351572155952454e-01 4.163599014282226562e-01
4.479484260082244873e-01 3.753801435232162476e-01 4.444080218672752380e-01 3.754353150725364685e-01 4.047498106956481934e-01 4.178708419203758240e-01
4.439551010727882385e-01 3.658967837691307068e-01 4.436480626463890076e-01 3.680353984236717224e-01 4.021082073450088501e-01 4.128037765622138977e-01
4.419210180640220642e-01 3.703666478395462036e-01 4.382394254207611084e-01 4.046224057674407959e-01 3.864130377769470215e-01 4.161547496914863586e-01
4.351228103041648865e-01 3.639409691095352173e-01 4.378170892596244812e-01 3.825867548584938049e-01 3.860023990273475647e-01 4.146336764097213745e-01
4.487109184265136719e-01 3.835901245474815369e-01 4.424244910478591919e-01 3.703793138265609741e-01 3.912680596113204956e-01 4.280567914247512817e-01
4.315769299864768982e-01 3.767830505967140198e-01 4.295038804411888123e-01 3.736635670065879822e-01 3.761209920048713684e-01 4.282308369874954224e-01
4.382864013314247131e-01 3.752252086997032166e-01 4.206410050392150879e-01 3.759295865893363953e-01 3.813959285616874695e-01 4.191288352012634277e-01
4.665049165487289429e-01 3.686879575252532959e-01 4.560760036110877991e-01 3.783953189849853516e-01 4.148506000638008118e-01 4.249935969710350037e-01
4.321560263633728027e-01 3.740049898624420166e-01 4.249109327793121338e-01 3.780579566955566406e-01 3.788276016712188721e-01 4.176891595125198364e-01
4.626341536641120911e-01 3.736371174454689026e-01 4.654331505298614502e-01 3.731608390808105469e-01 4.178752750158309937e-01 4.108718782663345337e-01
4.387343302369117737e-01 3.692080080509185791e-01 4.403429105877876282e-01 3.834359347820281982e-01 3.906227648258209229e-01 4.210123047232627869e-01
4.513098299503326416e-01 3.728761523962020874e-01 4.501344636082649231e-01 3.963454067707061768e-01 4.019014537334442139e-01 4.212156310677528381e-01
4.492034390568733215e-01 3.717433661222457886e-01 4.463279992341995239e-01 4.022759571671485901e-01 3.970535472035408020e-01 4.213878512382507324e-01
4.383581876754760742e-01 3.706502169370651245e-01 4.345141723752021790e-01 3.810934722423553467e-01 3.919810056686401367e-01 4.138007014989852905e-01
4.389835894107818604e-01 3.791430220007896423e-01 4.387279972434043884e-01 3.799792379140853882e-01 3.891644626855850220e-01 4.270348325371742249e-01
4.534525051712989807e-01 3.632175177335739136e-01 4.508843272924423218e-01 3.701932355761528015e-01 4.043834656476974487e-01 4.090422764420509338e-01
4.486788436770439148e-01 3.663747385144233704e-01 4.512626677751541138e-01 3.898663446307182312e-01 3.978955745697021484e-01 4.170997068285942078e-01
4.501956701278686523e-01 3.664078190922737122e-01 4.556179419159889221e-01 3.864842653274536133e-01 4.103899002075195312e-01 4.184012487530708313e-01
4.482738673686981201e-01 3.765301778912544250e-01 4.424843564629554749e-01 3.762692213058471680e-01 3.910632058978080750e-01 4.224602133035659790e-01
4.380273073911666870e-01 3.679821640253067017e-01 4.299206286668777466e-01 3.728044778108596802e-01 3.844898194074630737e-01 4.173583164811134338e-01
4.302693903446197510e-01 3.862135857343673706e-01 4.250874370336532593e-01 3.710920736193656921e-01 3.826415911316871643e-01 4.335307329893112183e-01
4.354630783200263977e-01 3.729024529457092285e-01 4.280123487114906311e-01 3.754165396094322205e-01 3.847815096378326416e-01 4.204837605357170105e-01
4.390961304306983948e-01 3.834441676735877991e-01 4.312047362327575684e-01 3.779403492808341980e-01 3.894301131367683411e-01 4.283203929662704468e-01
4.331644997000694275e-01 3.662319481372833252e-01 4.214121401309967041e-01 3.814413771033287048e-01 3.836397826671600342e-01 4.193250462412834167e-01
4.306261613965034485e-01 3.650501742959022522e-01 4.320881888270378113e-01 3.824263066053390503e-01 3.848260641098022461e-01 4.107309877872467041e-01
4.378730803728103638e-01 3.653932735323905945e-01 4.336316511034965515e-01 3.835172206163406372e-01 3.815262764692306519e-01 4.191254451870918274e-01
4.356140643358230591e-01 3.708501160144805908e-01 4.310713708400726318e-01 3.694459423422813416e-01 3.763630613684654236e-01 4.241158440709114075e-01
4.399993643164634705e-01 3.815824910998344421e-01 4.374811425805091858e-01 3.821428865194320679e-01 3.948758542537689209e-01 4.274509102106094360e-01
4.470948502421379089e-01 3.780316188931465149e-01 4.311046749353408813e-01 3.731748834252357483e-01 3.939582780003547668e-01 4.297696053981781006e-01
4.334830120205879211e-01 3.829590603709220886e-01 4.281225427985191345e-01 3.735234215855598450e-01 3.814886137843132019e-01 4.244330897927284241e-01
4.356136173009872437e-01 3.709390759468078613e-01 4.293480888009071350e-01 3.811222314834594727e-01 3.878098353743553162e-01 4.295863583683967590e-01
4.343110322952270508e-01 3.735044971108436584e-01 4.387209191918373108e-01 3.935602307319641113e-01 3.973589092493057251e-01 4.134701192378997803e-01
4.371748119592666626e-01 3.726018220186233521e-01 4.266450554132461548e-01 3.875026106834411621e-01 3.853272646665573120e-01 4.142031446099281311e-01
4.351769387722015381e-01 3.728863969445228577e-01 4.351551458239555359e-01 3.769636154174804688e-01 3.899376466870307922e-01 4.131808876991271973e-01
4.325314238667488098e-01 3.746336698532104492e-01 4.313069954514503479e-01 3.792763501405715942e-01 3.799880668520927429e-01 4.177261516451835632e-01
4.320609197020530701e-01 3.703391924500465393e-01 4.310362786054611206e-01 3.710684552788734436e-01 3.734860941767692566e-01 4.182631522417068481e-01
4.374016448855400085e-01 3.753976151347160339e-01 4.364214837551116943e-01 3.689036890864372253e-01 3.888993710279464722e-01 4.086386039853096008e-01
4.402301460504531860e-01 3.648009896278381348e-01 4.302097484469413757e-01 4.442904144525527954e-01 3.802122175693511963e-01 4.201500117778778076e-01
4.292161762714385986e-01 3.708417341113090515e-01 4.353642836213111877e-01 3.705667331814765930e-01 3.817082196474075317e-01 4.221292585134506226e-01
4.383106902241706848e-01 3.639859706163406372e-01 4.317835718393325806e-01 3.739545494318008423e-01 3.865788877010345459e-01 4.216762632131576538e-01
4.314228147268295288e-01 3.865184262394905090e-01 4.329600557684898376e-01 3.827165067195892334e-01 3.816325962543487549e-01 4.262937232851982117e-01
4.274482280015945435e-01 3.701158985495567322e-01 4.282486066222190857e-01 3.781238570809364319e-01 3.835901245474815369e-01 4.147657752037048340e-01
4.536121711134910583e-01 3.783392533659934998e-01 4.449913650751113892e-01 3.759544715285301208e-01 4.006994888186454773e-01 4.235488176345825195e-01
4.341504350304603577e-01 3.647128492593765259e-01 4.218702763319015503e-01 3.817642480134963989e-01 3.855063021183013916e-01 4.201881960034370422e-01
4.352841526269912720e-01 4.137881472706794739e-01 4.336147755384445190e-01 3.927920013666152954e-01 3.883673250675201416e-01 4.519595205783843994e-01
4.334441572427749634e-01 3.807872906327247620e-01 4.301276430487632751e-01 3.731216862797737122e-01 3.886090219020843506e-01 4.265112802386283875e-01
4.332418367266654968e-01 3.728200495243072510e-01 4.276297986507415771e-01 3.727631270885467529e-01 3.839461877942085266e-01 4.196189716458320618e-01
4.399818927049636841e-01 3.784704953432083130e-01 4.246080666780471802e-01 3.802112489938735962e-01 3.809255361557006836e-01 4.319274052977561951e-01
4.417388141155242920e-01 3.867961093783378601e-01 4.377412796020507812e-01 3.787387907505035400e-01 3.942552581429481506e-01 4.301532730460166931e-01
4.336593672633171082e-01 3.787612169981002808e-01 4.289102926850318909e-01 3.708697482943534851e-01 3.789877146482467651e-01 4.289330169558525085e-01
4.372736439108848572e-01 3.713376447558403015e-01 4.333605989813804626e-01 3.861438482999801636e-01 3.781799972057342529e-01 4.254804924130439758e-01
4.400425776839256287e-01 3.894198313355445862e-01 4.332336038351058960e-01 3.716979548335075378e-01 3.842974826693534851e-01 4.386828467249870300e-01
4.416922852396965027e-01 3.725911304354667664e-01 4.411635175347328186e-01 3.968740627169609070e-01 3.899836540222167969e-01 4.210492596030235291e-01
4.545361548662185669e-01 3.793371468782424927e-01 4.488337039947509766e-01 3.775242716073989868e-01 3.972170874476432800e-01 4.256274178624153137e-01
4.377652704715728760e-01 3.829438239336013794e-01 4.360577464103698730e-01 3.823176398873329163e-01 3.901050612330436707e-01 4.307545721530914307e-01
4.311173036694526672e-01 3.784279152750968933e-01 4.338368400931358337e-01 3.704177215695381165e-01 3.811597451567649841e-01 4.255948960781097412e-01
4.287076741456985474e-01 4.323200881481170654e-01 4.288624227046966553e-01 3.778977692127227783e-01 3.830305486917495728e-01 4.730260744690895081e-01
4.343856871128082275e-01 3.667207434773445129e-01 4.301540181040763855e-01 3.941007331013679504e-01 3.848324716091156006e-01 4.094799607992172241e-01
4.383585229516029358e-01 4.027399420738220215e-01 4.309356212615966797e-01 3.948336467146873474e-01 3.920361399650573730e-01 4.572957009077072144e-01
4.360516741871833801e-01 3.637352958321571350e-01 4.264155775308609009e-01 3.973607346415519714e-01 3.851911053061485291e-01 4.124098643660545349e-01
4.311758652329444885e-01 3.652029857039451599e-01 4.359960556030273438e-01 3.700708970427513123e-01 3.863254562020301819e-01 4.231154918670654297e-01
4.393822327256202698e-01 3.804050013422966003e-01 4.437568038702011108e-01 3.805737197399139404e-01 3.932649642229080200e-01 4.200996831059455872e-01
4.453150182962417603e-01 3.743607178330421448e-01 4.437867552042007446e-01 3.807865455746650696e-01 3.982451558113098145e-01 4.247127100825309753e-01
4.404079914093017578e-01 3.741629049181938171e-01 4.367320239543914795e-01 3.757226839661598206e-01 3.960679471492767334e-01 4.214348271489143372e-01
4.364502802491188049e-01 3.661632537841796875e-01 4.294501990079879761e-01 3.864945098757743835e-01 3.856582939624786377e-01 4.191128909587860107e-01
4.324452579021453857e-01 3.819326683878898621e-01 4.320537671446800232e-01 3.879534825682640076e-01 3.801850229501724243e-01 4.322757944464683533e-01
4.298194497823715210e-01 3.697720915079116821e-01 4.309606179594993591e-01 3.806845471262931824e-01 3.828589618206024170e-01 4.227603226900100708e-01
4.366580024361610413e-01 3.724657371640205383e-01 4.349217936396598816e-01 3.776825591921806335e-01 3.848927095532417297e-01 4.198238626122474670e-01
4.359754174947738647e-01 3.691652789711952209e-01 4.354087635874748230e-01 3.699805215001106262e-01 3.851524367928504944e-01 4.113520309329032898e-01
4.358249530196189880e-01 3.753577172756195068e-01 4.343701153993606567e-01 3.757574409246444702e-01 3.890245780348777771e-01 4.160882905125617981e-01
4.351394996047019958e-01 3.860178962349891663e-01 4.272647947072982788e-01 3.759761899709701538e-01 3.835493326187133789e-01 4.387255758047103882e-01
4.290961101651191711e-01 3.705444931983947754e-01 4.292662441730499268e-01 3.794897720217704773e-01 3.761413693428039551e-01 4.177393019199371338e-01
4.381927847862243652e-01 4.024235531687736511e-01 4.415346682071685791e-01 3.861002624034881592e-01 3.878324106335639954e-01 4.437439143657684326e-01
4.350398480892181396e-01 3.719009831547737122e-01 4.286041110754013062e-01 3.877545893192291260e-01 3.818421065807342529e-01 4.225371032953262329e-01
4.384137317538261414e-01 4.117970913648605347e-01 4.272673651576042175e-01 3.710424900054931641e-01 3.774129971861839294e-01 4.529739171266555786e-01
4.636063054203987122e-01 3.714769333600997925e-01 4.606273770332336426e-01 3.881214931607246399e-01 4.245044663548469543e-01 4.124470427632331848e-01
4.286619648337364197e-01 3.653406351804733276e-01 4.384393244981765747e-01 3.706243261694908142e-01 3.905004635453224182e-01 4.189167171716690063e-01
4.371451213955879211e-01 3.724916651844978333e-01 4.291884973645210266e-01 3.739207610487937927e-01 3.835980594158172607e-01 4.242022335529327393e-01
4.294607415795326233e-01 3.673072159290313721e-01 4.260173812508583069e-01 3.972388058900833130e-01 3.806596621870994568e-01 4.223165288567543030e-01
4.279753565788269043e-01 3.757516294717788696e-01 4.336447641253471375e-01 3.781003504991531372e-01 3.771378844976425171e-01 4.229695722460746765e-01
4.271904751658439636e-01 3.767339140176773071e-01 4.241870343685150146e-01 3.720198571681976318e-01 3.821182250976562500e-01 4.209652170538902283e-01
4.353042691946029663e-01 3.721679747104644775e-01 4.275311902165412903e-01 3.786339983344078064e-01 3.820547088980674744e-01 4.271434247493743896e-01
4.736769571900367737e-01 3.759520500898361206e-01 4.748773574829101562e-01 3.801133483648300171e-01 4.174364730715751648e-01 4.207796975970268250e-01
4.326344653964042664e-01 3.740607574582099915e-01 4.267793148756027222e-01 3.819468617439270020e-01 3.832260519266128540e-01 4.291892051696777344e-01
4.470159858465194702e-01 3.722668439149856567e-01 4.382062703371047974e-01 4.106473922729492188e-01 3.906042873859405518e-01 4.248898476362228394e-01
4.382135346531867981e-01 3.757781535387039185e-01 4.363277181982994080e-01 3.730988875031471252e-01 3.909927979111671448e-01 4.295284301042556763e-01
4.449868947267532349e-01 3.705494105815887451e-01 4.338415339589118958e-01 3.825125843286514282e-01 3.916905447840690613e-01 4.246653243899345398e-01
4.380905628204345703e-01 3.669381886720657349e-01 4.251631721854209900e-01 3.751094639301300049e-01 3.800884634256362915e-01 4.284292459487915039e-01
4.356324300169944763e-01 3.708860650658607483e-01 4.282517731189727783e-01 3.782731667160987854e-01 3.817402943968772888e-01 4.184556752443313599e-01
4.370421543717384338e-01 3.728178888559341431e-01 4.285978525876998901e-01 3.797567635774612427e-01 3.908289223909378052e-01 4.235221445560455322e-01
4.304620996117591858e-01 3.719790652394294739e-01 4.252322763204574585e-01 3.844878077507019043e-01 3.871668502688407898e-01 4.227559641003608704e-01
5.010097473859786987e-01 3.803657367825508118e-01 4.848057404160499573e-01 3.726821020245552063e-01 4.455647617578506470e-01 4.201078787446022034e-01
4.422488436102867126e-01 3.730318322777748108e-01 4.283676296472549438e-01 3.828217461705207825e-01 3.812924772500991821e-01 4.238392785191535950e-01
4.331524297595024109e-01 3.760722279548645020e-01 4.264531657099723816e-01 3.816049918532371521e-01 3.818522766232490540e-01 4.318600147962570190e-01
4.368202760815620422e-01 3.946590423583984375e-01 4.358918592333793640e-01 3.785448521375656128e-01 3.868038952350616455e-01 4.272826761007308960e-01
4.646588489413261414e-01 3.652796521782875061e-01 4.493110626935958862e-01 3.853757306933403015e-01 4.147512838244438171e-01 4.174841195344924927e-01
4.336488619446754456e-01 3.796120360493659973e-01 4.327110946178436279e-01 3.872226551175117493e-01 3.825406357645988464e-01 4.280633851885795593e-01
4.405011981725692749e-01 3.718303516507148743e-01 4.308279603719711304e-01 3.759263083338737488e-01 3.854983299970626831e-01 4.228549078106880188e-01
4.343731328845024109e-01 3.706263005733489990e-01 4.315353929996490479e-01 4.233462363481521606e-01 3.866295143961906433e-01 4.171442613005638123e-01
4.452614113688468933e-01 3.767856955528259277e-01 4.391380771994590759e-01 3.741623833775520325e-01 3.911474719643592834e-01 4.280586540699005127e-01
4.405856505036354065e-01 3.861140459775924683e-01 4.267419502139091492e-01 3.771478682756423950e-01 3.844440355896949768e-01 4.339276254177093506e-01
4.428348317742347717e-01 3.717154636979103088e-01 4.337341710925102234e-01 3.968283161520957947e-01 3.889425098896026611e-01 4.153867065906524658e-01
4.399880766868591309e-01 3.716016560792922974e-01 4.365226253867149353e-01 3.698953986167907715e-01 3.909538313746452332e-01 4.271639883518218994e-01
4.324219748377799988e-01 3.684598952531814575e-01 4.290718585252761841e-01 3.887334093451499939e-01 3.842912241816520691e-01 4.109205678105354309e-01
4.268344119191169739e-01 3.955993056297302246e-01 4.237635806202888489e-01 3.734151646494865417e-01 3.827212750911712646e-01 4.343491792678833008e-01
4.320179671049118042e-01 3.850908577442169189e-01 4.255824536085128784e-01 4.021757468581199646e-01 3.789571672677993774e-01 4.326181486248970032e-01
4.318448901176452637e-01 3.667465224862098694e-01 4.197384044528007507e-01 4.103017225861549377e-01 3.835379332304000854e-01 4.215709492564201355e-01
4.340770468115806580e-01 3.744465857744216919e-01 4.284686222672462463e-01 3.718391805887222290e-01 3.871094062924385071e-01 4.197971150279045105e-01
4.344099760055541992e-01 3.672876581549644470e-01 4.267583414912223816e-01 3.898083791136741638e-01 3.792357817292213440e-01 4.162893816828727722e-01
4.328441619873046875e-01 3.700223937630653381e-01 4.302891343832015991e-01 3.789586946368217468e-01 3.874232247471809387e-01 4.179391264915466309e-01
4.320400953292846680e-01 3.655825927853584290e-01 4.352061077952384949e-01 3.835388645529747009e-01 3.950426727533340454e-01 4.146359115839004517e-01
4.274314641952514648e-01 3.734366968274116516e-01 4.266726225614547729e-01 3.718901053071022034e-01 3.759261220693588257e-01 4.212402179837226868e-01
4.350030422210693359e-01 3.692829608917236328e-01 4.344949126243591309e-01 3.718896955251693726e-01 3.799701854586601257e-01 4.149468615651130676e-01
4.293313622474670410e-01 3.706838563084602356e-01 4.299081861972808838e-01 3.748426586389541626e-01 3.751235827803611755e-01 4.228952899575233459e-01
4.359514266252517700e-01 3.725713491439819336e-01 4.280695319175720215e-01 3.884229436516761780e-01 3.840290755033493042e-01 4.155041649937629700e-01
4.455988854169845581e-01 3.753328695893287659e-01 4.351640120148658752e-01 3.770757839083671570e-01 3.880763053894042969e-01 4.224528372287750244e-01
4.417630285024642944e-01 3.671201691031455994e-01 4.332371428608894348e-01 3.785891458392143250e-01 3.888333961367607117e-01 4.183954745531082153e-01
4.337549582123756409e-01 3.791764378547668457e-01 4.335176944732666016e-01 3.743859753012657166e-01 3.902035579085350037e-01 4.233583435416221619e-01
4.543100297451019287e-01 3.776203840970993042e-01 4.424388334155082703e-01 3.892170637845993042e-01 4.026066884398460388e-01 4.328451305627822876e-01
4.316299408674240112e-01 3.706505522131919861e-01 4.255669936537742615e-01 3.968720138072967529e-01 3.825759515166282654e-01 4.177929088473320007e-01
4.432833567261695862e-01 3.760955855250358582e-01 4.325973242521286011e-01 3.793183341622352600e-01 3.926679864525794983e-01 4.257529601454734802e-01
4.542291909456253052e-01 3.693416714668273926e-01 4.386040195822715759e-01 4.001698270440101624e-01 3.946232423186302185e-01 4.286740720272064209e-01
4.367741197347640991e-01 3.825368359684944153e-01 4.288383200764656067e-01 3.782592713832855225e-01 3.843494504690170288e-01 4.305768758058547974e-01
4.509423300623893738e-01 3.875422105193138123e-01 4.389681294560432434e-01 3.706444799900054932e-01 3.905693441629409790e-01 4.420505091547966003e-01
4.399864003062248230e-01 3.746865317225456238e-01 4.274653643369674683e-01 3.772679716348648071e-01 3.791068121790885925e-01 4.237680137157440186e-01
4.475597292184829712e-01 3.950672224164009094e-01 4.397585242986679077e-01 3.718934953212738037e-01 3.999764472246170044e-01 4.381609708070755005e-01
4.390019178390502930e-01 3.747516497969627380e-01 4.276683926582336426e-01 3.813936933875083923e-01 3.891361504793167114e-01 4.217677935957908630e-01
4.380844160914421082e-01 3.931470587849617004e-01 4.337241128087043762e-01 3.718937188386917114e-01 3.934683650732040405e-01 4.331353306770324707e-01
4.330867901444435120e-01 3.675552085041999817e-01 4.269861802458763123e-01 3.865799680352210999e-01 3.764896094799041748e-01 4.217088967561721802e-01
4.420189559459686279e-01 3.682988882064819336e-01 4.386869072914123535e-01 3.669036924839019775e-01 3.989664837718009949e-01 4.085773229598999023e-01
4.383590817451477051e-01 3.647327423095703125e-01 4.234020039439201355e-01 3.924487158656120300e-01 3.879471868276596069e-01 4.107645153999328613e-01
4.532383754849433899e-01 3.700169548392295837e-01 4.475397616624832153e-01 3.686576709151268005e-01 4.010160639882087708e-01 4.222423955798149109e-01
4.389185085892677307e-01 3.735395520925521851e-01 4.296561330556869507e-01 3.773437440395355225e-01 3.833343461155891418e-01 4.174907505512237549e-01
4.402923211455345154e-01 3.917235508561134338e-01 4.388689249753952026e-01 3.729669377207756042e-01 3.934379294514656067e-01 4.328038543462753296e-01
4.488822072744369507e-01 3.706515580415725708e-01 4.491553828120231628e-01 3.719977289438247681e-01 4.105082154273986816e-01 4.274941980838775635e-01
4.380799829959869385e-01 3.715121373534202576e-01 4.293915256857872009e-01 3.721525147557258606e-01 3.836733102798461914e-01 4.126745834946632385e-01
4.384420439600944519e-01 3.853103145956993103e-01 4.281841963529586792e-01 4.080875590443611145e-01 3.892493620514869690e-01 4.238535091280937195e-01
4.378575831651687622e-01 3.725222870707511902e-01 4.259989410638809204e-01 3.855222091078758240e-01 3.831540048122406006e-01 4.217609763145446777e-01
4.350903257727622986e-01 3.687646985054016113e-01 4.312351718544960022e-01 3.790917992591857910e-01 3.800809383392333984e-01 4.161101207137107849e-01
4.346341267228126526e-01 3.670407086610794067e-01 4.397223517298698425e-01 3.728431463241577148e-01 3.865563496947288513e-01 4.184809699654579163e-01
4.459912329912185669e-01 4.143771529197692871e-01 4.391250386834144592e-01 3.853316605091094971e-01 3.924024850130081177e-01 4.601285979151725769e-01
4.392893239855766296e-01 3.642269596457481384e-01 4.368599131703376770e-01 3.922003507614135742e-01 3.868898004293441772e-01 4.222804307937622070e-01
4.335645586252212524e-01 3.798376023769378662e-01 4.275453835725784302e-01 3.843986243009567261e-01 3.788099437952041626e-01 4.257759079337120056e-01
4.335379227995872498e-01 3.836655244231224060e-01 4.328480362892150879e-01 3.961067646741867065e-01 3.918110206723213196e-01 4.286593943834304810e-01
4.511012881994247437e-01 3.812453895807266235e-01 4.402585700154304504e-01 3.810988739132881165e-01 4.037755727767944336e-01 4.217699915170669556e-01
4.370851442217826843e-01 3.714792057871818542e-01 4.293471947312355042e-01 3.874851018190383911e-01 3.906805440783500671e-01 4.171928018331527710e-01
4.253260791301727295e-01 3.762163966894149780e-01 4.351096600294113159e-01 3.777346760034561157e-01 3.816932067275047302e-01 4.227501526474952698e-01
4.439331591129302979e-01 3.702732175588607788e-01 4.432156682014465332e-01 3.726133331656455994e-01 3.925589844584465027e-01 4.193342849612236023e-01
4.346577450633049011e-01 3.929238393902778625e-01 4.271877557039260864e-01 3.685694932937622070e-01 3.854012116789817810e-01 4.301729798316955566e-01
4.293545708060264587e-01 3.781056031584739685e-01 4.272397980093955994e-01 3.853890299797058105e-01 3.786108642816543579e-01 4.180847480893135071e-01
4.303150996565818787e-01 3.665956854820251465e-01 4.303474724292755127e-01 3.708951175212860107e-01 3.791499882936477661e-01 4.114549234509468079e-01
4.427778348326683044e-01 3.735925257205963135e-01 4.321343451738357544e-01 3.742118924856185913e-01 3.776650875806808472e-01 4.206645116209983826e-01
4.473984241485595703e-01 3.764294460415840149e-01 4.315211623907089233e-01 4.157824069261550903e-01 3.834350779652595520e-01 4.271163046360015869e-01
4.396402090787887573e-01 3.829751536250114441e-01 4.411533847451210022e-01 3.765847161412239075e-01 3.956383839249610901e-01 4.275486618280410767e-01
4.402599111199378967e-01 3.795345500111579895e-01 4.315802827477455139e-01 3.851781412959098816e-01 3.956732153892517090e-01 4.195090010762214661e-01
4.343310371041297913e-01 3.770244494080543518e-01 4.305421933531761169e-01 3.970468416810035706e-01 3.822028636932373047e-01 4.288619011640548706e-01
4.538393020629882812e-01 3.624512627720832825e-01 4.421411454677581787e-01 3.988196700811386108e-01 4.029401764273643494e-01 4.180289059877395630e-01
4.459945857524871826e-01 3.892173245549201965e-01 4.301693290472030640e-01 3.970659524202346802e-01 3.863655030727386475e-01 4.311300814151763916e-01
4.385816678404808044e-01 4.029725119471549988e-01 4.313183203339576721e-01 3.783890977501869202e-01 3.827533498406410217e-01 4.591583460569381714e-01
4.399315640330314636e-01 3.680771961808204651e-01 4.312480986118316650e-01 3.699960187077522278e-01 3.820961713790893555e-01 4.154604673385620117e-01
4.484851285815238953e-01 3.796679899096488953e-01 4.413099214434623718e-01 3.972157463431358337e-01 4.012926295399665833e-01 4.284439608454704285e-01
4.373208805918693542e-01 3.707685321569442749e-01 4.334179684519767761e-01 3.803943097591400146e-01 3.870663791894912720e-01 4.161498695611953735e-01
4.348058253526687622e-01 3.674230724573135376e-01 4.318800568580627441e-01 3.949413821101188660e-01 3.913227468729019165e-01 4.136350378394126892e-01
4.350016266107559204e-01 3.716797754168510437e-01 4.358865693211555481e-01 3.797900304198265076e-01 3.897674381732940674e-01 4.262177273631095886e-01
4.337951168417930603e-01 3.683067858219146729e-01 4.248913004994392395e-01 3.777310252189636230e-01 3.831404820084571838e-01 4.147252067923545837e-01
4.385407641530036926e-01 3.719319030642509460e-01 4.381638020277023315e-01 3.746486082673072815e-01 3.893415257334709167e-01 4.229853674769401550e-01
4.381120949983596802e-01 3.697236999869346619e-01 4.284486919641494751e-01 3.728794679045677185e-01 3.809858486056327820e-01 4.247973114252090454e-01
4.533570632338523865e-01 3.660122305154800415e-01 4.406936466693878174e-01 3.840369731187820435e-01 3.995390236377716064e-01 4.083883389830589294e-01
4.398218542337417603e-01 3.744348138570785522e-01 4.491995275020599365e-01 3.761808946728706360e-01 3.993503004312515259e-01 4.218575730919837952e-01
4.382839426398277283e-01 3.742213174700737000e-01 4.436592012643814087e-01 3.857300058007240295e-01 3.947271406650543213e-01 4.205358400940895081e-01
4.380920156836509705e-01 3.691810369491577148e-01 4.250534623861312866e-01 4.120325297117233276e-01 3.824777901172637939e-01 4.189620912075042725e-01
4.408285766839981079e-01 3.713157400488853455e-01 4.365066438913345337e-01 3.910009562969207764e-01 3.931503742933273315e-01 4.278701916337013245e-01
4.464065656065940857e-01 4.385152086615562439e-01 4.366290196776390076e-01 3.792558237910270691e-01 4.006617143750190735e-01 4.704558104276657104e-01
4.335172846913337708e-01 3.851601481437683105e-01 4.259021952748298645e-01 3.693881258368492126e-01 3.854754194617271423e-01 4.202787205576896667e-01
4.482949897646903992e-01 3.718880563974380493e-01 4.476093500852584839e-01 3.773544356226921082e-01 4.061931371688842773e-01 4.226616024971008301e-01
4.345619305968284607e-01 3.688383102416992188e-01 4.299360513687133789e-01 3.729490563273429871e-01 3.764964640140533447e-01 4.203667491674423218e-01
4.294656962156295776e-01 3.689027205109596252e-01 4.241412132978439331e-01 3.824175521731376648e-01 3.818432986736297607e-01 4.148628935217857361e-01
4.394650831818580627e-01 3.664048388600349426e-01 4.363136738538742065e-01 3.752409294247627258e-01 3.932015225291252136e-01 4.210830107331275940e-01
4.320317134261131287e-01 3.800108656287193298e-01 4.330690205097198486e-01 3.772007301449775696e-01 3.831641376018524170e-01 4.203268885612487793e-01
4.329741373658180237e-01 3.825774416327476501e-01 4.256675392389297485e-01 3.757972270250320435e-01 3.754528984427452087e-01 4.335051774978637695e-01
4.328632354736328125e-01 3.708365932106971741e-01 4.370508342981338501e-01 3.962240740656852722e-01 3.850999101996421814e-01 4.220857843756675720e-01
4.483832046389579773e-01 3.644458204507827759e-01 4.373809322714805603e-01 3.792738914489746094e-01 3.966980427503585815e-01 4.204325750470161438e-01
4.404937475919723511e-01 3.745035454630851746e-01 4.367033019661903381e-01 4.349438101053237915e-01 3.842261433601379395e-01 4.194417968392372131e-01
4.477376863360404968e-01 3.743495792150497437e-01 4.372222721576690674e-01 3.753324598073959351e-01 3.967899829149246216e-01 4.155416786670684814e-01
4.337853193283081055e-01 3.721715882420539856e-01 4.350429400801658630e-01 3.686420619487762451e-01 3.837348520755767822e-01 4.201371967792510986e-01
4.330590367317199707e-01 3.670057281851768494e-01 4.278396070003509521e-01 3.795539215207099915e-01 3.790971264243125916e-01 4.228164628148078918e-01
4.557241499423980713e-01 3.708627447485923767e-01 4.423306882381439209e-01 3.746882453560829163e-01 4.070482030510902405e-01 4.151448607444763184e-01
