# Time, baseline, baseline error
4.466940792597783729e+04 5.972255610972568007e+01 1.055608388241762974e+01
4.466948218513202301e+04 9.129080423940150979e+01 7.538763759167720124e+00
4.466955644436195143e+04 1.111369451371570847e+02 3.958640682651897169e+00
4.466963070364639862e+04 1.192738216957605744e+02 9.667952539036844817e-01
4.467047336582822754e+04 8.934562709030099370e+01 5.833817198176596719e+00
4.467052873637923767e+04 1.060891137123745693e+02 3.834841968956324898e+00
4.467058410684899718e+04 1.159512625418060168e+02 1.916615910870224315e+00
4.467063947719248972e+04 1.198211705685618682e+02 4.384931262203390911e-01
4.467144249631819548e+04 7.815678391959799853e+01 7.878750059926444393e+00
4.467150698844399449e+04 1.010074300071787547e+02 5.280801362390049825e+00
4.467157147942936717e+04 1.145710839913854926e+02 2.616255312765614960e+00
4.467163597024321643e+04 1.197389375448671842e+02 5.473615022905869987e-01
