17 17 30.92 65.17 286.81 0.78
17 18 31.04 65.38 287.32 0.78
17 19 31.17 65.60 287.79 0.78
17 20 31.29 65.81 288.26 0.78
17 21 31.42 66.02 288.74 0.78
17 22 31.54 66.23 289.21 0.78
17 23 31.67 66.45 289.68 0.78
17 24 31.79 66.66 290.15 0.77
17 25 31.91 66.87 290.63 0.77
17 26 32.04 67.08 291.12 0.77
17 27 32.16 67.30 291.65 0.77
17 28 32.29 67.51 292.18 0.77
17 29 32.41 67.72 292.71 0.77
17 30 32.53 67.93 293.24 0.77
17 31 32.66 68.15 293.76 0.76
17 32 32.78 68.36 294.29 0.76
17 33 32.91 68.57 294.82 0.76
17 34 33.03 68.78 295.32 0.76
17 35 33.15 68.99 295.73 0.76
17 36 33.28 69.20 296.14 0.76
17 37 33.40 69.42 296.55 0.76
17 38 33.52 69.63 296.96 0.76
17 39 33.64 69.84 297.37 0.75
17 40 33.77 70.05 297.78 0.75
17 41 33.89 70.26 298.19 0.75
17 42 34.01 70.47 298.60 0.75
17 43 34.14 70.68 299.06 0.75
17 44 34.26 70.89 299.53 0.75
17 45 34.38 71.10 299.99 0.75
17 46 34.50 71.31 300.46 0.74
17 47 34.63 71.52 300.92 0.74
17 48 34.75 71.73 301.39 0.74
17 49 34.87 71.94 301.85 0.74
17 50 34.99 72.15 302.31 0.74
17 51 35.11 72.36 302.72 0.74
17 52 35.23 72.56 303.12 0.74
17 53 35.36 72.77 303.53 0.74
17 54 35.48 72.98 303.93 0.73
17 55 35.60 73.19 304.33 0.73
17 56 35.72 73.40 304.73 0.73
17 57 35.84 73.60 305.14 0.73
17 58 35.96 73.81 305.54 0.73
17 59 36.08 74.02 305.90 0.73
18 00 36.20 74.22 306.24 0.73
18 01 36.32 74.43 306.58 0.73
18 02 36.44 74.64 306.93 0.72
18 03 36.56 74.84 307.27 0.72
18 04 36.68 75.05 307.61 0.72
18 05 36.80 75.25 307.95 0.72
18 06 36.92 75.46 308.29 0.72
18 07 37.04 75.66 308.65 0.72
18 08 37.16 75.87 309.04 0.72
18 09 37.28 76.07 309.44 0.71
18 10 37.40 76.27 309.83 0.71
18 11 37.52 76.48 310.23 0.71
18 12 37.63 76.68 310.62 0.71
18 13 37.75 76.88 311.01 0.71
18 14 37.87 77.08 311.40 0.71
18 15 37.99 77.29 311.80 0.71
18 16 38.11 77.49 312.14 0.71
18 17 38.22 77.69 312.47 0.70
18 18 38.34 77.89 312.81 0.70
18 19 38.46 78.09 313.14 0.70
18 20 38.57 78.29 313.47 0.70
18 21 38.69 78.49 313.80 0.70
18 22 38.81 78.69 314.14 0.70
18 23 38.92 78.89 314.47 0.70
18 24 39.04 79.09 314.78 0.69
18 25 39.15 79.28 315.05 0.69
18 26 39.27 79.48 315.33 0.69
18 27 39.39 79.68 315.60 0.69
18 28 39.50 79.88 315.87 0.69
18 29 39.62 80.07 316.15 0.69
18 30 39.73 80.27 316.42 0.69
18 31 39.84 80.47 316.69 0.69
18 32 39.96 80.66 316.96 0.68
18 33 40.07 80.86 317.27 0.68
18 34 40.19 81.05 317.59 0.68
18 35 40.30 81.25 317.91 0.68
18 36 40.41 81.44 318.24 0.68
18 37 40.53 81.63 318.56 0.68
18 38 40.64 81.83 318.88 0.68
18 39 40.75 82.02 319.20 0.68
18 40 40.86 82.21 319.52 0.67
18 41 40.98 82.40 319.84 0.67
18 42 41.09 82.59 320.11 0.67
18 43 41.20 82.78 320.38 0.67
18 44 41.31 82.97 320.64 0.67
18 45 41.42 83.16 320.90 0.67
18 46 41.53 83.35 321.17 0.67
18 47 41.64 83.54 321.43 0.66
18 48 41.75 83.73 321.69 0.66
18 49 41.86 83.92 321.95 0.66
18 50 41.97 84.11 322.21 0.66
18 51 42.08 84.29 322.47 0.66
18 52 42.19 84.48 322.73 0.66
18 53 42.30 84.67 322.98 0.66
18 54 42.40 84.85 323.24 0.66
18 55 42.51 85.04 323.50 0.65
18 56 42.62 85.22 323.75 0.65
18 57 42.73 85.41 324.01 0.65
18 58 42.83 85.59 324.26 0.65
18 59 42.94 85.77 324.51 0.65
19 00 43.05 85.96 324.77 0.65
19 01 43.15 86.14 325.02 0.65
19 02 43.26 86.32 325.27 0.65
19 03 43.36 86.50 325.52 0.64
19 04 43.47 86.68 325.77 0.64
19 05 43.57 86.86 326.02 0.64
19 06 43.68 87.04 326.26 0.64
19 07 43.78 87.22 326.51 0.64
19 08 43.89 87.40 326.76 0.64
19 09 43.99 87.58 327.00 0.64
19 10 44.09 87.76 327.20 0.64
19 11 44.19 87.93 327.40 0.64
19 12 44.30 88.11 327.59 0.63
19 13 44.40 88.29 327.78 0.63
19 14 44.50 88.46 327.98 0.63
19 15 44.60 88.64 328.17 0.63
19 16 44.70 88.81 328.36 0.63
19 17 44.80 88.99 328.55 0.63
19 18 44.90 89.16 328.74 0.63
19 19 45.00 89.33 328.93 0.63
19 20 45.10 89.51 329.16 0.62
19 21 45.20 89.68 329.40 0.62
19 22 45.30 89.85 329.63 0.62
19 23 45.40 90.02 329.86 0.62
19 24 45.49 90.19 330.10 0.62
19 25 45.59 90.36 330.33 0.62
19 26 45.69 90.53 330.56 0.62
19 27 45.78 90.70 330.78 0.62
19 28 45.88 90.87 331.01 0.62
19 29 45.97 91.04 331.24 0.61
19 30 46.07 91.20 331.43 0.61
19 31 46.16 91.37 331.61 0.61
19 32 46.26 91.54 331.79 0.61
19 33 46.35 91.70 331.97 0.61
19 34 46.44 91.87 332.14 0.61
19 35 46.54 92.03 332.32 0.61
19 36 46.63 92.20 332.49 0.61
19 37 46.72 92.36 332.67 0.60
19 38 46.81 92.52 332.84 0.60
19 39 46.90 92.68 333.01 0.60
19 40 46.99 92.85 333.19 0.60
19 41 47.08 93.01 333.36 0.60
19 42 47.17 93.17 333.53 0.60
19 43 47.26 93.33 333.70 0.60
19 44 47.35 93.49 333.86 0.60
19 45 47.44 93.65 334.03 0.60
19 46 47.53 93.80 334.20 0.59
19 47 47.61 93.96 334.36 0.59
19 48 47.70 94.12 334.53 0.59
19 49 47.79 94.28 334.69 0.59
19 50 47.87 94.43 334.85 0.59
19 51 47.96 94.59 335.01 0.59
19 52 48.04 94.74 335.17 0.59
19 53 48.13 94.90 335.33 0.59
19 54 48.21 95.05 335.49 0.59
19 55 48.29 95.20 335.65 0.59
19 56 48.37 95.36 335.81 0.58
19 57 48.46 95.51 335.96 0.58
19 58 48.54 95.66 336.12 0.58
19 59 48.62 95.81 336.27 0.58
20 00 48.70 95.96 336.42 0.58
20 01 48.78 96.11 336.57 0.58
20 02 48.86 96.26 336.72 0.58
20 03 48.94 96.41 336.87 0.58
20 04 49.01 96.56 337.01 0.58
20 05 49.09 96.70 337.12 0.57
20 06 49.17 96.85 337.23 0.57
20 07 49.24 97.00 337.34 0.57
20 08 49.32 97.14 337.45 0.57
20 09 49.39 97.29 337.56 0.57
20 10 49.47 97.43 337.66 0.57
20 11 49.54 97.57 337.77 0.57
20 12 49.62 97.72 337.87 0.57
20 13 49.69 97.86 337.98 0.57
20 14 49.76 98.00 338.08 0.57
20 15 49.83 98.14 338.18 0.56
20 16 49.90 98.28 338.28 0.56
20 17 49.97 98.43 338.38 0.56
20 18 50.04 98.56 338.50 0.56
20 19 50.11 98.70 338.63 0.56
20 20 50.18 98.84 338.76 0.56
20 21 50.25 98.98 338.89 0.56
20 22 50.32 99.12 339.02 0.56
20 23 50.38 99.25 339.14 0.56
20 24 50.45 99.39 339.27 0.56
20 25 50.51 99.53 339.39 0.56
20 26 50.58 99.66 339.52 0.55
20 27 50.64 99.80 339.64 0.55
20 28 50.71 99.93 339.76 0.55
20 29 50.77 100.06 339.88 0.55
20 30 50.83 100.20 339.99 0.55
20 31 50.89 100.33 340.11 0.55
20 32 50.95 100.46 340.22 0.55
20 33 51.01 100.59 340.33 0.55
20 34 51.07 100.72 340.42 0.55
20 35 51.13 100.85 340.50 0.55
20 36 51.19 100.98 340.58 0.55
20 37 51.24 101.11 340.66 0.54
20 38 51.30 101.24 340.74 0.54
20 39 51.36 101.36 340.82 0.54
20 40 51.41 101.49 340.90 0.54
20 41 51.47 101.62 340.98 0.54
20 42 51.52 101.74 341.05 0.54
20 43 51.57 101.87 341.13 0.54
20 44 51.62 101.99 341.20 0.54
20 45 51.68 102.11 341.28 0.54
20 46 51.73 102.24 341.35 0.54
20 47 51.78 102.36 341.42 0.54
20 48 51.83 102.48 341.49 0.53
20 49 51.87 102.60 341.56 0.53
20 50 51.92 102.73 341.63 0.53
20 51 51.97 102.85 341.70 0.53
20 52 52.01 102.97 341.76 0.53
20 53 52.06 103.08 341.83 0.53
20 54 52.11 103.20 341.89 0.53
20 55 52.15 103.32 341.95 0.53
20 56 52.19 103.44 342.01 0.53
20 57 52.23 103.55 342.07 0.53
20 58 52.28 103.67 342.13 0.53
20 59 52.32 103.79 342.19 0.53
21 00 52.36 103.90 342.25 0.52
21 01 52.40 104.02 342.31 0.52
21 02 52.44 104.13 342.36 0.52
21 03 52.47 104.24 342.41 0.52
21 04 52.51 104.36 342.47 0.52
21 05 52.55 104.47 342.52 0.52
21 06 52.58 104.58 342.57 0.52
21 07 52.62 104.69 342.62 0.52
21 08 52.65 104.80 342.67 0.52
21 09 52.68 104.91 342.72 0.52
21 10 52.72 105.02 342.76 0.52
21 11 52.75 105.13 342.81 0.52
21 12 52.78 105.24 342.85 0.52
21 13 52.81 105.34 342.89 0.52
21 14 52.84 105.45 342.93 0.51
21 15 52.87 105.56 342.97 0.51
21 16 52.89 105.66 343.01 0.51
21 17 52.92 105.77 343.05 0.51
21 18 52.95 105.87 343.09 0.51
21 19 52.97 105.98 343.12 0.51
21 20 53.00 106.08 343.16 0.51
21 21 53.02 106.18 343.19 0.51
21 22 53.04 106.29 343.22 0.51
21 23 53.06 106.39 343.26 0.51
21 24 53.09 106.49 343.29 0.51
21 25 53.11 106.59 343.31 0.51
21 26 53.12 106.69 343.34 0.51
21 27 53.14 106.79 343.37 0.51
21 28 53.16 106.89 343.39 0.50
21 29 53.18 106.99 343.42 0.50
21 30 53.19 107.08 343.44 0.50
21 31 53.21 107.18 343.46 0.50
21 32 53.22 107.28 343.48 0.50
21 33 53.24 107.37 343.50 0.50
21 34 53.25 107.47 343.52 0.50
21 35 53.26 107.57 343.54 0.50
21 36 53.27 107.66 343.55 0.50
21 37 53.28 107.75 343.57 0.50
21 38 53.29 107.85 343.58 0.50
21 39 53.30 107.94 343.59 0.50
21 40 53.31 108.03 343.60 0.50
21 41 53.32 108.12 343.61 0.50
21 42 53.32 108.22 343.62 0.50
21 43 53.33 108.31 343.63 0.49
21 44 53.33 108.40 343.63 0.49
21 45 53.33 108.49 343.64 0.49
21 46 53.34 108.57 343.64 0.49
21 47 53.34 108.66 343.65 0.49
21 48 53.34 108.75 343.65 0.49
21 49 53.34 108.84 343.65 0.49
21 50 53.34 108.93 343.65 0.49
21 51 53.34 109.01 343.64 0.49
21 52 53.33 109.10 343.64 0.49
21 53 53.33 109.18 343.64 0.49
21 54 53.33 109.27 343.63 0.49
21 55 53.32 109.35 343.62 0.49
21 56 53.32 109.44 343.61 0.49
21 57 53.31 109.52 343.60 0.49
21 58 53.30 109.60 343.59 0.49
21 59 53.29 109.68 343.58 0.49
22 00 53.28 109.76 343.57 0.48
22 01 53.27 109.85 343.55 0.48
22 02 53.26 109.93 343.54 0.48
22 03 53.25 110.01 343.52 0.48
22 04 53.24 110.09 343.50 0.48
22 05 53.22 110.16 343.48 0.48
22 06 53.21 110.24 343.46 0.48
22 07 53.20 110.32 343.44 0.48
22 08 53.18 110.40 343.42 0.48
22 09 53.16 110.48 343.40 0.48
22 10 53.15 110.55 343.37 0.48
22 11 53.13 110.63 343.34 0.48
22 12 53.11 110.70 343.32 0.48
22 13 53.09 110.78 343.29 0.48
22 14 53.07 110.85 343.26 0.48
22 15 53.04 110.93 343.23 0.48
22 16 53.02 111.00 343.20 0.48
22 17 53.00 111.07 343.16 0.48
22 18 52.97 111.15 343.13 0.48
22 19 52.95 111.22 343.09 0.47
22 20 52.92 111.29 343.06 0.47
22 21 52.90 111.36 343.02 0.47
22 22 52.87 111.43 342.98 0.47
22 23 52.84 111.50 342.94 0.47
22 24 52.81 111.57 342.90 0.47
22 25 52.78 111.64 342.85 0.47
22 26 52.75 111.71 342.81 0.47
22 27 52.72 111.77 342.77 0.47
22 28 52.69 111.84 342.72 0.47
22 29 52.65 111.91 342.67 0.47
22 30 52.62 111.98 342.62 0.47
22 31 52.59 112.04 342.58 0.47
22 32 52.55 112.11 342.52 0.47
22 33 52.51 112.17 342.47 0.47
22 34 52.48 112.24 342.42 0.47
22 35 52.44 112.30 342.37 0.47
22 36 52.40 112.36 342.31 0.47
22 37 52.36 112.43 342.26 0.47
22 38 52.32 112.49 342.20 0.47
22 39 52.28 112.55 342.14 0.47
22 40 52.24 112.62 342.08 0.47
22 41 52.20 112.68 342.02 0.46
22 42 52.15 112.74 341.96 0.46
22 43 52.11 112.80 341.90 0.46
22 44 52.06 112.86 341.83 0.46
22 45 52.02 112.92 341.77 0.46
22 46 51.97 112.98 341.70 0.46
22 47 51.93 113.04 341.64 0.46
22 48 51.88 113.09 341.57 0.46
22 49 51.83 113.15 341.50 0.46
22 50 51.78 113.21 341.43 0.46
22 51 51.73 113.27 341.36 0.46
22 52 51.68 113.32 341.28 0.46
22 53 51.63 113.38 341.21 0.46
22 54 51.58 113.43 341.14 0.46
22 55 51.52 113.49 341.06 0.46
22 56 51.47 113.54 340.99 0.46
22 57 51.42 113.60 340.91 0.46
22 58 51.36 113.65 340.83 0.46
22 59 51.31 113.71 340.75 0.46
23 00 51.25 113.76 340.67 0.46
23 01 51.19 113.81 340.59 0.46
23 02 51.13 113.86 340.51 0.46
23 03 51.08 113.91 340.42 0.46
23 04 51.02 113.97 340.34 0.46
23 05 50.96 114.02 340.24 0.46
23 06 50.90 114.07 340.12 0.46
23 07 50.84 114.12 340.00 0.46
23 08 50.77 114.17 339.89 0.45
23 09 50.71 114.22 339.77 0.45
23 10 50.65 114.27 339.65 0.45
23 11 50.58 114.31 339.53 0.45
23 12 50.52 114.36 339.40 0.45
23 13 50.45 114.41 339.28 0.45
23 14 50.39 114.46 339.16 0.45
23 15 50.32 114.50 339.03 0.45
23 16 50.26 114.55 338.90 0.45
23 17 50.19 114.60 338.77 0.45
23 18 50.12 114.64 338.64 0.45
23 19 50.05 114.69 338.51 0.45
23 20 49.98 114.73 338.39 0.45
23 21 49.91 114.78 338.29 0.45
23 22 49.84 114.82 338.19 0.45
23 23 49.77 114.86 338.09 0.45
23 24 49.70 114.91 337.99 0.45
23 25 49.62 114.95 337.88 0.45
23 26 49.55 114.99 337.78 0.45
23 27 49.48 115.04 337.67 0.45
23 28 49.40 115.08 337.57 0.45
23 29 49.33 115.12 337.46 0.45
23 30 49.25 115.16 337.35 0.45
23 31 49.18 115.20 337.24 0.45
23 32 49.10 115.24 337.13 0.45
23 33 49.02 115.28 337.02 0.45
23 34 48.94 115.32 336.89 0.45
23 35 48.87 115.36 336.74 0.45
23 36 48.79 115.40 336.59 0.45
23 37 48.71 115.44 336.44 0.45
23 38 48.63 115.48 336.28 0.45
23 39 48.55 115.51 336.13 0.45
23 40 48.46 115.55 335.98 0.45
23 41 48.38 115.59 335.82 0.45
23 42 48.30 115.63 335.67 0.44
23 43 48.22 115.66 335.51 0.44
23 44 48.13 115.70 335.35 0.44
23 45 48.05 115.73 335.19 0.44
23 46 47.97 115.77 335.03 0.44
23 47 47.88 115.80 334.87 0.44
23 48 47.80 115.84 334.71 0.44
23 49 47.71 115.87 334.54 0.44
23 50 47.62 115.91 334.38 0.44
23 51 47.54 115.94 334.21 0.44
23 52 47.45 115.97 334.05 0.44
23 53 47.36 116.01 333.88 0.44
23 54 47.27 116.04 333.71 0.44
23 55 47.18 116.07 333.54 0.44
23 56 47.09 116.11 333.37 0.44
23 57 47.00 116.14 333.20 0.44
23 58 46.91 116.17 333.03 0.44
23 59 46.82 116.20 332.86 0.44
00 00 46.73 116.23 332.69 0.44
00 01 46.64 116.26 332.51 0.44
00 02 46.55 116.29 332.34 0.44
00 03 46.45 116.32 332.16 0.44
00 04 46.36 116.35 331.98 0.44
00 05 46.27 116.38 331.81 0.44
00 06 46.17 116.41 331.63 0.44
00 07 46.08 116.44 331.45 0.44
00 08 45.98 116.47 331.26 0.44
00 09 45.89 116.50 331.03 0.44
00 10 45.79 116.52 330.81 0.44
00 11 45.70 116.55 330.58 0.44
00 12 45.60 116.58 330.35 0.44
00 13 45.50 116.60 330.12 0.44
00 14 45.41 116.63 329.89 0.44
00 15 45.31 116.66 329.65 0.44
00 16 45.21 116.68 329.42 0.44
00 17 45.11 116.71 329.19 0.44
00 18 45.01 116.74 328.95 0.44
00 19 44.91 116.76 328.76 0.44
00 20 44.81 116.79 328.57 0.44
00 21 44.71 116.81 328.38 0.44
00 22 44.61 116.83 328.19 0.44
00 23 44.51 116.86 328.00 0.44
00 24 44.41 116.88 327.80 0.44
00 25 44.31 116.91 327.61 0.44
00 26 44.21 116.93 327.42 0.44
00 27 44.10 116.95 327.22 0.44
00 28 44.00 116.98 327.03 0.44
00 29 43.90 117.00 326.78 0.44
00 30 43.79 117.02 326.54 0.44
00 31 43.69 117.04 326.29 0.44
00 32 43.58 117.06 326.04 0.44
00 33 43.48 117.09 325.79 0.44
00 34 43.38 117.11 325.54 0.44
00 35 43.27 117.13 325.29 0.43
00 36 43.16 117.15 325.04 0.43
00 37 43.06 117.17 324.79 0.43
00 38 42.95 117.19 324.54 0.43
00 39 42.85 117.21 324.29 0.43
00 40 42.74 117.23 324.03 0.43
00 41 42.63 117.25 323.78 0.43
00 42 42.52 117.27 323.52 0.43
00 43 42.42 117.29 323.27 0.43
00 44 42.31 117.31 323.01 0.43
00 45 42.20 117.32 322.75 0.43
00 46 42.09 117.34 322.49 0.43
00 47 41.98 117.36 322.24 0.43
00 48 41.87 117.38 321.98 0.43
00 49 41.76 117.40 321.72 0.43
00 50 41.65 117.41 321.45 0.43
00 51 41.54 117.43 321.19 0.43
00 52 41.43 117.45 320.93 0.43
00 53 41.32 117.46 320.67 0.43
00 54 41.21 117.48 320.40 0.43
00 55 41.10 117.50 320.14 0.43
00 56 40.99 117.51 319.87 0.43
00 57 40.87 117.53 319.55 0.43
00 58 40.76 117.54 319.23 0.43
00 59 40.65 117.56 318.91 0.43
01 00 40.54 117.57 318.59 0.43
01 01 40.42 117.59 318.27 0.43
01 02 40.31 117.60 317.95 0.43
01 03 40.20 117.62 317.62 0.43
01 04 40.08 117.63 317.30 0.43
01 05 39.97 117.65 316.99 0.43
01 06 39.86 117.66 316.72 0.43
01 07 39.74 117.67 316.45 0.43
01 08 39.63 117.69 316.17 0.43
01 09 39.51 117.70 315.90 0.43
01 10 39.40 117.71 315.63 0.43
01 11 39.28 117.73 315.35 0.43
01 12 39.17 117.74 315.08 0.43
01 13 39.05 117.75 314.81 0.43
01 14 38.93 117.76 314.50 0.43
01 15 38.82 117.77 314.17 0.43
01 16 38.70 117.79 313.84 0.43
01 17 38.59 117.80 313.50 0.43
01 18 38.47 117.81 313.17 0.43
01 19 38.35 117.82 312.84 0.43
01 20 38.23 117.83 312.50 0.43
01 21 38.12 117.84 312.17 0.43
01 22 38.00 117.85 311.84 0.43
01 23 37.88 117.86 311.44 0.43
01 24 37.76 117.87 311.05 0.43
01 25 37.65 117.88 310.66 0.43
01 26 37.53 117.89 310.27 0.43
01 27 37.41 117.90 309.87 0.43
01 28 37.29 117.91 309.48 0.43
01 29 37.17 117.92 309.08 0.43
01 30 37.05 117.93 308.69 0.43
01 31 36.93 117.94 308.32 0.43
01 32 36.81 117.95 307.98 0.43
01 33 36.69 117.96 307.64 0.43
01 34 36.57 117.96 307.30 0.43
01 35 36.45 117.97 306.96 0.43
01 36 36.33 117.98 306.62 0.43
01 37 36.21 117.99 306.28 0.43
01 38 36.09 118.00 305.93 0.43
01 39 35.97 118.00 305.58 0.43
01 40 35.85 118.01 305.18 0.43
01 41 35.73 118.02 304.77 0.43
01 42 35.61 118.02 304.37 0.43
01 43 35.49 118.03 303.97 0.43
01 44 35.37 118.04 303.57 0.43
01 45 35.25 118.04 303.16 0.43
01 46 35.12 118.05 302.76 0.43
01 47 35.00 118.06 302.36 0.43
01 48 34.88 118.06 301.90 0.43
01 49 34.76 118.07 301.43 0.43
01 50 34.64 118.07 300.97 0.43
01 51 34.52 118.08 300.51 0.43
01 52 34.39 118.08 300.04 0.43
01 53 34.27 118.09 299.58 0.43
01 54 34.15 118.09 299.11 0.43
01 55 34.03 118.10 298.65 0.43
01 56 33.90 118.10 298.23 0.43
01 57 33.78 118.11 297.82 0.43
01 58 33.66 118.11 297.41 0.43
01 59 33.53 118.11 297.00 0.43
02 00 33.41 118.12 296.59 0.43
02 01 33.29 118.12 296.18 0.43
02 02 33.16 118.12 295.77 0.43
02 03 33.04 118.13 295.36 0.43
02 04 32.92 118.13 294.87 0.43
02 05 32.79 118.13 294.35 0.43
02 06 32.67 118.14 293.82 0.43
02 07 32.55 118.14 293.29 0.43
02 08 32.42 118.14 292.76 0.43
02 09 32.30 118.14 292.23 0.43
02 10 32.17 118.14 291.70 0.43
02 11 32.05 118.15 291.17 0.43
02 12 31.93 118.15 290.67 0.43
02 13 31.80 118.15 290.20 0.43
02 14 31.68 118.15 289.73 0.43
02 15 31.55 118.15 289.26 0.43
02 16 31.43 118.15 288.78 0.43
02 17 31.30 118.15 288.31 0.43
02 18 31.18 118.15 287.84 0.43
02 19 31.05 118.16 287.37 0.43
02 20 30.93 118.16 286.86 0.43
02 21 30.81 118.16 286.33 0.43
02 22 30.68 118.16 285.79 0.43
02 23 30.56 118.16 285.26 0.43
02 24 30.43 118.16 284.73 0.43
02 25 30.31 118.16 284.19 0.43
02 26 30.18 118.15 283.66 0.43
02 27 30.06 118.15 283.12 0.43
02 28 29.93 118.15 282.56 0.43
02 29 29.81 118.15 281.96 0.43
02 30 29.68 118.15 281.37 0.43
02 31 29.55 118.15 280.77 0.43
02 32 29.43 118.15 280.18 0.43
02 33 29.30 118.15 279.58 0.43
02 34 29.18 118.14 278.99 0.43
02 35 29.05 118.14 278.39 0.43
02 36 28.93 118.14 277.80 0.43
02 37 28.80 118.14 277.20 0.43
02 38 28.68 118.13 276.61 0.43
02 39 28.55 118.13 276.01 0.43
02 40 28.43 118.13 275.42 0.43
02 41 28.30 118.13 274.82 0.43
02 42 28.18 118.12 274.22 0.43
02 43 28.05 118.12 273.63 0.43
02 44 27.92 118.12 273.00 0.43
02 45 27.80 118.11 272.34 0.43
02 46 27.67 118.11 271.69 0.43
02 47 27.55 118.10 271.03 0.43
02 48 27.42 118.10 270.37 0.43
02 49 27.30 118.10 269.72 0.43
02 50 27.17 118.09 269.06 0.43
02 51 27.05 118.09 268.41 0.43
02 52 26.92 118.08 267.75 0.43
02 53 26.79 118.08 267.10 0.43
02 54 26.67 118.07 266.44 0.43
02 55 26.54 118.06 265.78 0.43
02 56 26.42 118.06 265.13 0.43
02 57 26.29 118.05 264.47 0.43
02 58 26.17 118.05 263.82 0.43
02 59 26.04 118.04 263.16 0.43
03 00 25.92 118.03 262.47 0.43
03 01 25.79 118.03 261.75 0.43
03 02 25.66 118.02 261.04 0.43
03 03 25.54 118.01 260.32 0.43
03 04 25.41 118.01 259.61 0.43
03 05 25.29 118.00 258.89 0.43
03 06 25.16 117.99 258.18 0.43
03 07 25.04 117.99 257.47 0.43
03 08 24.91 117.98 256.71 0.43
03 09 24.79 117.97 255.94 0.43
03 10 24.66 117.96 255.16 0.43
03 11 24.54 117.95 254.39 0.43
03 12 24.41 117.94 253.62 0.43
03 13 24.29 117.94 252.85 0.43
03 14 24.16 117.93 252.08 0.43
03 15 24.04 117.92 251.30 0.43
03 16 23.91 117.91 250.49 0.43
03 17 23.79 117.90 249.66 0.43
03 18 23.66 117.89 248.83 0.43
03 19 23.54 117.88 248.00 0.43
03 20 23.41 117.87 247.17 0.43
03 21 23.29 117.86 246.34 0.43
03 22 23.16 117.85 245.51 0.43
03 23 23.04 117.84 244.68 0.43
03 24 22.91 117.83 243.85 0.43
03 25 22.79 117.82 243.03 0.43
03 26 22.66 117.81 242.20 0.43
03 27 22.54 117.79 241.37 0.43
03 28 22.41 117.78 240.55 0.43
03 29 22.29 117.77 239.72 0.43
03 30 22.17 117.76 238.89 0.43
03 31 22.04 117.75 238.07 0.43
03 32 21.92 117.73 237.17 0.43
03 33 21.79 117.72 236.22 0.43
03 34 21.67 117.71 235.28 0.43
03 35 21.55 117.70 234.34 0.43
03 36 21.42 117.68 233.40 0.43
03 37 21.30 117.67 232.46 0.43
03 38 21.17 117.66 231.52 0.43
03 39 21.05 117.64 230.58 0.43
03 40 20.93 117.63 229.65 0.43
03 41 20.80 117.61 228.71 0.43
03 42 20.68 117.60 227.77 0.43
03 43 20.56 117.58 226.84 0.43
03 44 20.43 117.57 225.90 0.43
03 45 20.31 117.55 224.97 0.43
03 46 20.19 117.54 224.03 0.43
03 47 20.07 117.52 223.10 0.43
03 48 19.94 117.51 222.11 0.43
03 49 19.82 117.49 221.06 0.43
03 50 19.70 117.47 220.02 0.43
03 51 19.57 117.46 218.97 0.43
03 52 19.45 117.44 217.93 0.43
03 53 19.33 117.42 216.88 0.43
03 54 19.21 117.41 215.84 0.43
03 55 19.09 117.39 214.79 0.43
03 56 18.96 117.37 213.75 0.43
03 57 18.84 117.35 212.71 0.43
03 58 18.72 117.34 211.67 0.43
03 59 18.60 117.32 210.63 0.43
04 00 18.48 117.30 209.59 0.43
04 01 18.36 117.28 208.56 0.43
04 02 18.23 117.26 207.52 0.43
04 03 18.11 117.24 206.48 0.43
04 04 17.99 117.22 205.44 0.43
04 05 17.87 117.20 204.23 0.43
04 06 17.75 117.18 203.03 0.43
04 07 17.63 117.16 201.83 0.43
04 08 17.51 117.14 200.62 0.43
04 09 17.39 117.12 199.42 0.43
04 10 17.27 117.10 198.23 0.44
04 11 17.15 117.08 197.03 0.44
04 12 17.03 117.06 195.83 0.44
04 13 16.91 117.03 194.64 0.44
04 14 16.79 117.01 193.44 0.44
04 15 16.67 116.99 192.25 0.44
04 16 16.55 116.97 191.06 0.44
04 17 16.43 116.94 189.87 0.44
04 18 16.31 116.92 188.68 0.44
04 19 16.19 116.90 187.49 0.44
04 20 16.07 116.87 186.31 0.44
04 21 15.95 116.85 185.08 0.44
04 22 15.84 116.83 183.78 0.44
04 23 15.72 116.80 182.49 0.44
04 24 15.60 116.78 181.20 0.44
04 25 15.48 116.75 179.91 0.44
04 26 15.36 116.73 178.62 0.44
04 27 15.24 116.70 177.33 0.44
04 28 15.13 116.67 176.05 0.44
04 29 15.01 116.65 174.76 0.44
