# 14: Time, baseline, baseline error
4.505245123806381162e+04 1.159730731707317091e+02 9.348206138141683663e-01
4.505247973496346094e+04 1.119890243902438982e+02 1.376653426953094783e+00
4.505250821405927854e+04 1.063970731707317015e+02 1.860826257472659950e+00
4.505253671215027862e+04 9.908707317073171339e+01 2.367193711510905629e+00
4.505256520309270127e+04 9.004317073170732044e+01 2.858276334610952318e+00
4.505259368649821408e+04 7.933478048780487768e+01 3.324604884003695915e+00
4.505262398354368634e+04 6.623450406504065313e+01 4.424564803134646951e+00
4.505265393299530842e+04 5.184944715447154806e+01 4.136894285391900183e+00
4.505343093455330381e+04 1.176871806167400933e+02 7.631738608121561018e-01
4.505346249812289170e+04 1.141946108663729831e+02 1.268825304474178628e+00
4.505349401337769086e+04 1.088351688693098396e+02 1.835990734151031312e+00
4.505352554664675699e+04 1.014187077826725130e+02 2.450041224397322193e+00
4.505355708718164533e+04 9.186511013215860544e+01 3.063491480965828462e+00
4.505358861657161469e+04 8.025036710719530220e+01 3.639935616135018925e+00
4.505362014450766583e+04 6.673565345080763223e+01 4.155475791255415885e+00
4.505365167239697621e+04 5.159233480176212083e+01 4.575978007476891207e+00
