# year, month, day, hour, min, alt, bl13, bl14, bl34, moon 
2023 04 29 17 00 33.09 0.00 0.00 0.00 0.00
2023 04 29 17 01 33.21 0.00 0.00 0.00 0.00
2023 04 29 17 02 33.33 0.00 0.00 0.00 0.00
2023 04 29 17 03 33.46 0.00 0.00 0.00 0.00
2023 04 29 17 04 33.58 0.00 0.00 0.00 0.00
2023 04 29 17 05 33.70 0.00 0.00 0.00 0.00
2023 04 29 17 06 33.83 0.00 0.00 0.00 0.00
2023 04 29 17 07 33.95 0.00 0.00 0.00 0.00
2023 04 29 17 08 34.07 0.00 0.00 0.00 0.00
2023 04 29 17 09 34.19 0.00 0.00 0.00 0.00
2023 04 29 17 10 34.32 0.00 0.00 0.00 0.00
2023 04 29 17 11 34.44 152.28 118.48 71.20 66.50
2023 04 29 17 12 34.56 152.36 118.48 71.41 66.81
2023 04 29 17 13 34.68 152.45 118.47 71.62 67.12
2023 04 29 17 14 34.81 152.54 118.47 71.83 67.43
2023 04 29 17 15 34.93 152.63 118.46 72.04 67.74
2023 04 29 17 16 35.05 152.72 118.46 72.25 68.05
2023 04 29 17 17 35.17 152.82 118.45 72.45 68.36
2023 04 29 17 18 35.29 152.91 118.45 72.66 68.67
2023 04 29 17 19 35.41 153.00 118.44 72.87 68.98
2023 04 29 17 20 35.53 153.09 118.44 73.08 69.29
2023 04 29 17 21 35.66 153.18 118.43 73.29 69.60
2023 04 29 17 22 35.78 153.28 118.42 73.49 69.92
2023 04 29 17 23 35.90 153.37 118.42 73.70 70.23
2023 04 29 17 24 36.02 153.46 118.41 73.91 70.54
2023 04 29 17 25 36.14 153.56 118.41 74.11 70.85
2023 04 29 17 26 36.26 153.65 118.40 74.32 71.16
2023 04 29 17 27 36.38 153.75 118.39 74.53 71.47
2023 04 29 17 28 36.50 153.84 118.38 74.73 71.78
2023 04 29 17 29 36.62 153.94 118.38 74.94 72.09
2023 04 29 17 30 36.74 154.03 118.37 75.14 72.40
2023 04 29 17 31 36.86 154.13 118.36 75.35 72.71
2023 04 29 17 32 36.98 154.23 118.35 75.55 73.02
2023 04 29 17 33 37.10 154.32 118.35 75.76 73.33
2023 04 29 17 34 37.22 154.42 118.34 75.96 73.64
2023 04 29 17 35 37.33 154.52 118.33 76.16 73.95
2023 04 29 17 36 37.45 154.61 118.32 76.37 74.26
2023 04 29 17 37 37.57 154.71 118.31 76.57 74.57
2023 04 29 17 38 37.69 154.81 118.30 76.77 74.88
2023 04 29 17 39 37.81 154.91 118.30 76.98 75.19
2023 04 29 17 40 37.93 155.01 118.29 77.18 75.49
2023 04 29 17 41 38.04 155.10 118.28 77.38 75.80
2023 04 29 17 42 38.16 155.20 118.27 77.58 76.11
2023 04 29 17 43 38.28 155.30 118.26 77.78 76.41
2023 04 29 17 44 38.40 155.40 118.25 77.98 76.72
2023 04 29 17 45 38.51 155.50 118.24 78.18 77.02
2023 04 29 17 46 38.63 155.60 118.23 78.38 77.32
2023 04 29 17 47 38.75 155.70 118.22 78.58 77.63
2023 04 29 17 48 38.86 155.80 118.21 78.78 77.93
2023 04 29 17 49 38.98 155.90 118.20 78.98 78.23
2023 04 29 17 50 39.09 156.00 118.19 79.18 78.53
2023 04 29 17 51 39.21 156.10 118.17 79.38 78.83
2023 04 29 17 52 39.33 156.20 118.16 79.58 79.13
2023 04 29 17 53 39.44 156.30 118.15 79.77 79.43
2023 04 29 17 54 39.56 156.40 118.14 79.97 79.73
2023 04 29 17 55 39.67 156.51 118.13 80.17 80.03
2023 04 29 17 56 39.78 156.61 118.12 80.36 80.32
2023 04 29 17 57 39.90 156.71 118.10 80.56 80.62
2023 04 29 17 58 40.01 156.81 118.09 80.75 80.91
2023 04 29 17 59 40.13 156.91 118.08 80.95 81.20
2023 04 29 18 00 40.24 157.01 118.06 81.14 81.49
2023 04 29 18 01 40.35 157.11 118.05 81.34 81.78
2023 04 29 18 02 40.47 157.22 118.04 81.53 82.07
2023 04 29 18 03 40.58 157.32 118.02 81.72 82.36
2023 04 29 18 04 40.69 157.42 118.01 81.92 82.64
2023 04 29 18 05 40.80 157.52 118.00 82.11 82.93
2023 04 29 18 06 40.92 157.62 117.98 82.30 83.21
2023 04 29 18 07 41.03 157.72 117.97 82.49 83.49
2023 04 29 18 08 41.14 157.83 117.95 82.68 83.77
2023 04 29 18 09 41.25 157.93 117.94 82.87 84.05
2023 04 29 18 10 41.36 158.03 117.92 83.06 84.33
2023 04 29 18 11 41.47 158.13 117.91 83.25 84.61
2023 04 29 18 12 41.58 158.23 117.89 83.44 84.88
2023 04 29 18 13 41.69 158.33 117.88 83.63 85.15
2023 04 29 18 14 41.80 158.44 117.86 83.82 85.42
2023 04 29 18 15 41.91 158.54 117.84 84.01 85.69
2023 04 29 18 16 42.02 158.64 117.83 84.19 85.96
2023 04 29 18 17 42.13 158.74 117.81 84.38 86.22
2023 04 29 18 18 42.24 158.84 117.79 84.57 86.49
2023 04 29 18 19 42.35 158.94 117.78 84.75 86.75
2023 04 29 18 20 42.46 159.05 117.76 84.94 87.01
2023 04 29 18 21 42.56 159.15 117.74 85.12 87.26
2023 04 29 18 22 42.67 159.25 117.73 85.31 87.52
2023 04 29 18 23 42.78 159.35 117.71 85.49 87.77
2023 04 29 18 24 42.89 159.45 117.69 85.68 88.02
2023 04 29 18 25 42.99 159.55 117.67 85.86 88.27
2023 04 29 18 26 43.10 159.65 117.65 86.04 88.52
2023 04 29 18 27 43.20 159.75 117.63 86.22 88.76
2023 04 29 18 28 43.31 159.85 117.61 86.41 89.00
2023 04 29 18 29 43.42 159.95 117.59 86.59 89.24
2023 04 29 18 30 43.52 160.05 117.57 86.77 89.48
2023 04 29 18 31 43.62 160.15 117.55 86.95 89.71
2023 04 29 18 32 43.73 160.25 117.53 87.13 89.94
2023 04 29 18 33 43.83 160.35 117.51 87.31 90.17
2023 04 29 18 34 43.94 160.45 117.49 87.49 90.39
2023 04 29 18 35 44.04 160.55 117.47 87.66 90.62
2023 04 29 18 36 44.14 160.65 117.45 87.84 90.84
2023 04 29 18 37 44.24 160.75 117.43 88.02 91.06
2023 04 29 18 38 44.35 160.85 117.41 88.19 91.27
2023 04 29 18 39 44.45 160.95 117.39 88.37 91.48
2023 04 29 18 40 44.55 161.05 117.36 88.55 91.69
2023 04 29 18 41 44.65 161.14 117.34 88.72 91.90
2023 04 29 18 42 44.75 161.24 117.32 88.90 92.10
2023 04 29 18 43 44.85 161.34 117.30 89.07 92.30
2023 04 29 18 44 44.95 161.44 117.27 89.24 92.49
2023 04 29 18 45 45.05 161.53 117.25 89.42 92.69
2023 04 29 18 46 45.15 161.63 117.23 89.59 92.88
2023 04 29 18 47 45.25 161.73 117.20 89.76 93.06
2023 04 29 18 48 45.35 161.82 117.18 89.93 93.25
2023 04 29 18 49 45.44 161.92 117.15 90.10 93.43
2023 04 29 18 50 45.54 162.02 117.13 90.27 93.60
2023 04 29 18 51 45.64 162.11 117.10 90.44 93.78
2023 04 29 18 52 45.73 162.21 117.08 90.61 93.95
2023 04 29 18 53 45.83 162.30 117.05 90.78 94.11
2023 04 29 18 54 45.93 162.40 117.02 90.95 94.27
2023 04 29 18 55 46.02 162.49 117.00 91.12 94.43
2023 04 29 18 56 46.12 162.58 116.97 91.28 94.59
2023 04 29 18 57 46.21 162.68 116.95 91.45 94.74
2023 04 29 18 58 46.30 162.77 116.92 91.62 94.89
2023 04 29 18 59 46.40 162.86 116.89 91.78 95.03
2023 04 29 19 00 46.49 162.96 116.86 91.95 95.17
2023 04 29 19 01 46.58 163.05 116.83 92.11 95.31
2023 04 29 19 02 46.67 163.14 116.81 92.27 95.44
2023 04 29 19 03 46.77 163.23 116.78 92.44 95.57
2023 04 29 19 04 46.86 163.32 116.75 92.60 95.70
2023 04 29 19 05 46.95 163.41 116.72 92.76 95.82
2023 04 29 19 06 47.04 163.50 116.69 92.92 95.93
2023 04 29 19 07 47.13 163.59 116.66 93.08 96.05
2023 04 29 19 08 47.22 163.68 116.63 93.24 96.16
2023 04 29 19 09 47.31 163.77 116.60 93.40 96.26
2023 04 29 19 10 47.39 163.86 116.57 93.56 96.36
2023 04 29 19 11 47.48 163.95 116.54 93.72 96.46
2023 04 29 19 12 47.57 164.03 116.51 93.88 96.55
2023 04 29 19 13 47.66 164.12 116.47 94.04 96.64
2023 04 29 19 14 47.74 164.21 116.44 94.19 96.73
2023 04 29 19 15 47.83 164.29 116.41 94.35 96.81
2023 04 29 19 16 47.91 164.38 116.38 94.51 96.89
2023 04 29 19 17 48.00 164.47 116.34 94.66 96.96
2023 04 29 19 18 48.08 164.55 116.31 94.81 97.03
2023 04 29 19 19 48.17 164.64 116.28 94.97 97.09
2023 04 29 19 20 48.25 164.72 116.24 95.12 97.15
2023 04 29 19 21 48.33 164.80 116.21 95.28 97.21
2023 04 29 19 22 48.41 164.89 116.17 95.43 97.26
2023 04 29 19 23 48.50 164.97 116.14 95.58 97.30
2023 04 29 19 24 48.58 165.05 116.10 95.73 97.35
2023 04 29 19 25 48.66 165.13 116.07 95.88 97.39
2023 04 29 19 26 48.74 165.21 116.03 96.03 97.42
2023 04 29 19 27 48.82 165.29 115.99 96.18 97.45
2023 04 29 19 28 48.90 165.37 115.96 96.33 97.48
2023 04 29 19 29 48.97 165.45 115.92 96.48 97.50
2023 04 29 19 30 49.05 165.53 115.88 96.63 97.51
2023 04 29 19 31 49.13 165.61 115.85 96.77 97.53
2023 04 29 19 32 49.21 165.69 115.81 96.92 97.54
2023 04 29 19 33 49.28 165.77 115.77 97.06 97.54
2023 04 29 19 34 49.36 165.84 115.73 97.21 97.54
2023 04 29 19 35 49.43 165.92 115.69 97.35 97.54
2023 04 29 19 36 49.51 165.99 115.65 97.50 97.53
2023 04 29 19 37 49.58 166.07 115.61 97.64 97.52
2023 04 29 19 38 49.65 166.14 115.57 97.79 97.50
2023 04 29 19 39 49.73 166.22 115.53 97.93 97.48
2023 04 29 19 40 49.80 166.29 115.49 98.07 97.45
2023 04 29 19 41 49.87 166.36 115.45 98.21 97.43
2023 04 29 19 42 49.94 166.44 115.41 98.35 97.39
2023 04 29 19 43 50.01 166.51 115.36 98.49 97.35
2023 04 29 19 44 50.08 166.58 115.32 98.63 97.31
2023 04 29 19 45 50.15 166.65 115.28 98.77 97.27
2023 04 29 19 46 50.21 166.72 115.23 98.91 97.22
2023 04 29 19 47 50.28 166.79 115.19 99.05 97.16
2023 04 29 19 48 50.35 166.86 115.15 99.18 97.10
2023 04 29 19 49 50.42 166.92 115.10 99.32 97.04
2023 04 29 19 50 50.48 166.99 115.06 99.46 96.98
2023 04 29 19 51 50.55 167.06 115.01 99.59 96.91
2023 04 29 19 52 50.61 167.12 114.97 99.73 96.83
2023 04 29 19 53 50.67 167.19 114.92 99.86 96.75
2023 04 29 19 54 50.74 167.25 114.87 99.99 96.67
2023 04 29 19 55 50.80 167.32 114.83 100.13 96.59
2023 04 29 19 56 50.86 167.38 114.78 100.26 96.50
2023 04 29 19 57 50.92 167.44 114.73 100.39 96.40
2023 04 29 19 58 50.98 167.51 114.68 100.52 96.30
2023 04 29 19 59 51.04 167.57 114.64 100.65 96.20
2023 04 29 20 00 51.10 167.63 114.59 100.78 96.10
2023 04 29 20 01 51.16 167.69 114.54 100.91 95.99
2023 04 29 20 02 51.22 167.75 114.49 101.04 95.88
2023 04 29 20 03 51.27 167.81 114.44 101.17 95.76
2023 04 29 20 04 51.33 167.87 114.39 101.30 95.64
2023 04 29 20 05 51.38 167.92 114.34 101.42 95.52
2023 04 29 20 06 51.44 167.98 114.28 101.55 95.39
2023 04 29 20 07 51.49 168.04 114.23 101.68 95.26
2023 04 29 20 08 51.55 168.09 114.18 101.80 95.12
2023 04 29 20 09 51.60 168.15 114.13 101.93 94.99
2023 04 29 20 10 51.65 168.20 114.07 102.05 94.85
2023 04 29 20 11 51.70 168.25 114.02 102.17 94.70
2023 04 29 20 12 51.75 168.31 113.97 102.30 94.55
2023 04 29 20 13 51.80 168.36 113.91 102.42 94.40
2023 04 29 20 14 51.85 168.41 113.86 102.54 94.25
2023 04 29 20 15 51.90 168.46 113.80 102.66 94.09
2023 04 29 20 16 51.95 168.51 113.75 102.78 93.93
2023 04 29 20 17 51.99 168.56 113.69 102.90 93.77
2023 04 29 20 18 52.04 168.61 113.63 103.02 93.60
2023 04 29 20 19 52.08 168.65 113.58 103.14 93.43
2023 04 29 20 20 52.13 168.70 113.52 103.26 93.25
2023 04 29 20 21 52.17 168.75 113.46 103.38 93.08
2023 04 29 20 22 52.21 168.79 113.40 103.49 92.90
2023 04 29 20 23 52.26 168.84 113.34 103.61 92.72
2023 04 29 20 24 52.30 168.88 113.29 103.73 92.53
2023 04 29 20 25 52.34 168.92 113.23 103.84 92.34
2023 04 29 20 26 52.38 168.96 113.17 103.96 92.15
2023 04 29 20 27 52.42 169.01 113.11 104.07 91.96
2023 04 29 20 28 52.46 169.05 113.04 104.18 91.76
2023 04 29 20 29 52.49 169.09 112.98 104.30 91.56
2023 04 29 20 30 52.53 169.13 112.92 104.41 91.36
2023 04 29 20 31 52.57 169.16 112.86 104.52 91.16
2023 04 29 20 32 52.60 169.20 112.79 104.63 90.95
2023 04 29 20 33 52.64 169.24 112.73 104.74 90.74
2023 04 29 20 34 52.67 169.28 112.67 104.85 90.53
2023 04 29 20 35 52.70 169.31 112.60 104.96 90.31
2023 04 29 20 36 52.73 169.35 112.54 105.07 90.10
2023 04 29 20 37 52.77 169.38 112.47 105.18 89.88
2023 04 29 20 38 52.80 169.41 112.41 105.29 89.66
2023 04 29 20 39 52.83 169.44 112.34 105.40 89.43
2023 04 29 20 40 52.85 169.48 112.27 105.50 89.21
2023 04 29 20 41 52.88 169.51 112.21 105.61 88.98
2023 04 29 20 42 52.91 169.54 112.14 105.71 88.75
2023 04 29 20 43 52.94 169.57 112.07 105.82 88.52
2023 04 29 20 44 52.96 169.59 112.00 105.92 88.28
2023 04 29 20 45 52.99 169.62 111.93 106.03 88.05
2023 04 29 20 46 53.01 169.65 111.86 106.13 87.81
2023 04 29 20 47 53.03 169.67 111.79 106.23 87.57
2023 04 29 20 48 53.06 169.70 111.72 106.33 87.33
2023 04 29 20 49 53.08 169.72 111.65 106.44 87.08
2023 04 29 20 50 53.10 169.75 111.58 106.54 86.84
2023 04 29 20 51 53.12 169.77 111.51 106.64 86.59
2023 04 29 20 52 53.14 169.79 111.44 106.74 86.34
2023 04 29 20 53 53.15 169.81 111.36 106.84 86.09
2023 04 29 20 54 53.17 169.83 111.29 106.94 85.84
2023 04 29 20 55 53.19 169.85 111.21 107.03 85.58
2023 04 29 20 56 53.20 169.87 111.14 107.13 85.33
2023 04 29 20 57 53.22 169.89 111.06 107.23 85.07
2023 04 29 20 58 53.23 169.91 110.99 107.32 84.81
2023 04 29 20 59 53.25 169.92 110.91 107.42 84.55
2023 04 29 21 00 53.26 169.94 110.84 107.52 84.29
2023 04 29 21 01 53.27 169.95 110.76 107.61 84.03
2023 04 29 21 02 53.28 169.97 110.68 107.71 83.76
2023 04 29 21 03 53.29 169.98 110.60 107.80 83.50
2023 04 29 21 04 53.30 169.99 110.52 107.89 83.23
2023 04 29 21 05 53.31 170.01 110.44 107.98 82.96
2023 04 29 21 06 53.31 170.02 110.36 108.08 82.69
2023 04 29 21 07 53.32 170.03 110.28 108.17 82.42
2023 04 29 21 08 53.33 170.03 110.20 108.26 82.15
2023 04 29 21 09 53.33 170.04 110.12 108.35 81.88
2023 04 29 21 10 53.33 170.05 110.04 108.44 81.60
2023 04 29 21 11 53.34 170.06 109.96 108.53 81.33
2023 04 29 21 12 53.34 170.06 109.87 108.62 81.05
2023 04 29 21 13 53.34 170.07 109.79 108.71 80.78
2023 04 29 21 14 53.34 170.07 109.71 108.79 80.50
2023 04 29 21 15 53.34 170.08 109.62 108.88 80.22
2023 04 29 21 16 53.34 170.08 109.54 108.97 79.94
2023 04 29 21 17 53.34 170.08 109.45 109.05 79.66
2023 04 29 21 18 53.33 170.08 109.37 109.14 79.38
2023 04 29 21 19 53.33 170.08 109.28 109.22 79.10
2023 04 29 21 20 53.33 170.08 109.19 109.31 78.82
2023 04 29 21 21 53.32 170.08 109.10 109.39 78.54
2023 04 29 21 22 53.31 170.08 109.01 109.48 78.26
2023 04 29 21 23 53.31 170.07 108.93 109.56 77.97
2023 04 29 21 24 53.30 170.07 108.84 109.64 77.69
2023 04 29 21 25 53.29 170.06 108.75 109.72 77.40
2023 04 29 21 26 53.28 170.06 108.66 109.80 77.12
2023 04 29 21 27 53.27 170.05 108.56 109.88 76.84
2023 04 29 21 28 53.26 170.04 108.47 109.97 76.55
2023 04 29 21 29 53.25 170.04 108.38 110.05 76.26
2023 04 29 21 30 53.23 170.03 108.29 110.12 75.98
2023 04 29 21 31 53.22 170.02 108.20 110.20 75.69
2023 04 29 21 32 53.21 170.01 108.10 110.28 75.40
2023 04 29 21 33 53.19 170.00 108.01 110.36 75.12
2023 04 29 21 34 53.17 169.98 107.91 110.44 74.83
2023 04 29 21 35 53.16 169.97 107.82 110.51 74.54
2023 04 29 21 36 53.14 169.96 107.72 110.59 74.26
2023 04 29 21 37 53.12 169.94 107.62 110.66 73.97
2023 04 29 21 38 53.10 169.93 107.53 110.74 73.68
2023 04 29 21 39 53.08 169.91 107.43 110.81 73.39
2023 04 29 21 40 53.06 169.89 107.33 110.89 73.11
2023 04 29 21 41 53.04 169.88 107.23 110.96 72.82
2023 04 29 21 42 53.01 169.86 107.13 111.04 72.53
2023 04 29 21 43 52.99 169.84 107.03 111.11 72.25
2023 04 29 21 44 52.97 169.82 106.93 111.18 71.96
2023 04 29 21 45 52.94 169.80 106.83 111.25 71.67
2023 04 29 21 46 52.91 169.78 106.73 111.32 71.38
2023 04 29 21 47 52.89 169.75 106.63 111.39 71.10
2023 04 29 21 48 52.86 169.73 106.52 111.46 70.81
2023 04 29 21 49 52.83 169.70 106.42 111.53 70.53
2023 04 29 21 50 52.80 169.68 106.32 111.60 70.24
2023 04 29 21 51 52.77 169.65 106.21 111.67 69.95
2023 04 29 21 52 52.74 169.63 106.11 111.74 69.67
2023 04 29 21 53 52.71 169.60 106.00 111.81 69.39
2023 04 29 21 54 52.67 169.57 105.89 111.87 69.10
2023 04 29 21 55 52.64 169.54 105.79 111.94 68.82
2023 04 29 21 56 52.61 169.51 105.68 112.01 68.53
2023 04 29 21 57 52.57 169.48 105.57 112.07 68.25
2023 04 29 21 58 52.54 169.45 105.46 112.14 67.97
2023 04 29 21 59 52.50 169.42 105.35 112.20 67.69
2023 04 29 22 00 52.46 169.39 105.24 112.27 67.41
2023 04 29 22 01 52.42 169.35 105.13 112.33 67.12
2023 04 29 22 02 52.38 169.32 105.02 112.40 66.84
2023 04 29 22 03 52.35 169.28 104.91 112.46 66.57
2023 04 29 22 04 52.30 169.25 104.80 112.52 66.29
2023 04 29 22 05 52.26 169.21 104.69 112.58 66.01
2023 04 29 22 06 52.22 169.17 104.57 112.65 65.73
2023 04 29 22 07 52.18 169.14 104.46 112.71 65.45
2023 04 29 22 08 52.14 169.10 104.34 112.77 65.18
2023 04 29 22 09 52.09 169.06 104.23 112.83 64.90
2023 04 29 22 10 52.05 169.02 104.11 112.89 64.63
2023 04 29 22 11 52.00 168.98 104.00 112.95 64.36
2023 04 29 22 12 51.95 168.94 103.88 113.01 64.08
2023 04 29 22 13 51.91 168.89 103.76 113.06 63.81
2023 04 29 22 14 51.86 168.85 103.65 113.12 63.54
2023 04 29 22 15 51.81 168.81 103.53 113.18 63.27
2023 04 29 22 16 51.76 168.76 103.41 113.24 63.00
2023 04 29 22 17 51.71 168.72 103.29 113.29 62.73
2023 04 29 22 18 51.66 168.67 103.17 113.35 62.47
2023 04 29 22 19 51.61 168.62 103.05 113.41 62.20
2023 04 29 22 20 51.55 168.57 102.92 113.46 61.93
2023 04 29 22 21 51.50 168.53 102.80 113.52 61.67
2023 04 29 22 22 51.45 168.48 102.68 113.57 61.41
2023 04 29 22 23 51.39 168.43 102.56 113.62 61.14
2023 04 29 22 24 51.34 168.38 102.43 113.68 60.88
2023 04 29 22 25 51.28 168.33 102.31 113.73 60.62
2023 04 29 22 26 51.22 168.27 102.18 113.78 60.36
2023 04 29 22 27 51.17 168.22 102.06 113.84 60.11
2023 04 29 22 28 51.11 168.17 101.93 113.89 59.85
2023 04 29 22 29 51.05 168.11 101.80 113.94 59.59
2023 04 29 22 30 50.99 168.06 101.68 113.99 59.34
2023 04 29 22 31 50.93 168.00 101.55 114.04 59.09
2023 04 29 22 32 50.87 167.95 101.42 114.09 58.84
2023 04 29 22 33 50.81 167.89 101.29 114.14 58.58
2023 04 29 22 34 50.75 167.83 101.16 114.19 58.34
2023 04 29 22 35 50.68 167.78 101.03 114.24 58.09
2023 04 29 22 36 50.62 167.72 100.90 114.29 57.84
2023 04 29 22 37 50.56 167.66 100.77 114.34 57.59
2023 04 29 22 38 50.49 167.60 100.64 114.39 57.35
2023 04 29 22 39 50.43 167.54 100.50 114.43 57.11
2023 04 29 22 40 50.36 167.48 100.37 114.48 56.87
2023 04 29 22 41 50.29 167.41 100.24 114.53 56.63
2023 04 29 22 42 50.23 167.35 100.10 114.57 56.39
2023 04 29 22 43 50.16 167.29 99.97 114.62 56.15
2023 04 29 22 44 50.09 167.22 99.83 114.66 55.91
2023 04 29 22 45 50.02 167.16 99.70 114.71 55.68
2023 04 29 22 46 49.95 167.10 99.56 114.75 55.45
2023 04 29 22 47 49.88 167.03 99.42 114.80 55.21
2023 04 29 22 48 49.81 166.96 99.28 114.84 54.98
2023 04 29 22 49 49.74 166.90 99.14 114.89 54.76
2023 04 29 22 50 49.66 166.83 99.00 114.93 54.53
2023 04 29 22 51 49.59 166.76 98.86 114.97 54.30
2023 04 29 22 52 49.52 166.69 98.72 115.01 54.08
2023 04 29 22 53 49.44 166.62 98.58 115.06 53.85
2023 04 29 22 54 49.37 166.55 98.44 115.10 53.63
2023 04 29 22 55 49.29 166.48 98.30 115.14 53.41
2023 04 29 22 56 49.22 166.41 98.16 115.18 53.20
2023 04 29 22 57 49.14 166.34 98.01 115.22 52.98
2023 04 29 22 58 49.06 166.27 97.87 115.26 52.76
2023 04 29 22 59 48.99 166.19 97.73 115.30 52.55
2023 04 29 23 00 48.91 166.12 97.58 115.34 52.34
2023 04 29 23 01 48.83 166.05 97.43 115.38 52.13
2023 04 29 23 02 48.75 165.97 97.29 115.42 51.92
2023 04 29 23 03 48.67 165.90 97.14 115.46 51.71
2023 04 29 23 04 48.59 165.82 96.99 115.49 51.51
2023 04 29 23 05 48.51 165.75 96.85 115.53 51.30
2023 04 29 23 06 48.43 165.67 96.70 115.57 51.10
2023 04 29 23 07 48.35 165.59 96.55 115.61 50.90
2023 04 29 23 08 48.26 165.52 96.40 115.64 50.70
2023 04 29 23 09 48.18 165.44 96.25 115.68 50.51
2023 04 29 23 10 48.10 165.36 96.10 115.72 50.31
2023 04 29 23 11 48.01 165.28 95.95 115.75 50.12
2023 04 29 23 12 47.93 165.20 95.79 115.79 49.93
2023 04 29 23 13 47.84 165.12 95.64 115.82 49.74
2023 04 29 23 14 47.76 165.04 95.49 115.86 49.55
2023 04 29 23 15 47.67 164.96 95.33 115.89 49.36
2023 04 29 23 16 47.58 164.88 95.18 115.92 49.18
2023 04 29 23 17 47.50 164.80 95.02 115.96 48.99
2023 04 29 23 18 47.41 164.71 94.87 115.99 48.81
2023 04 29 23 19 47.32 164.63 94.71 116.02 48.63
2023 04 29 23 20 47.23 164.55 94.56 116.06 48.46
2023 04 29 23 21 47.14 164.46 94.40 116.09 48.28
2023 04 29 23 22 47.05 164.38 94.24 116.12 48.11
2023 04 29 23 23 46.96 164.30 94.08 116.15 47.93
2023 04 29 23 24 46.87 164.21 93.92 116.18 47.76
2023 04 29 23 25 46.78 164.12 93.76 116.22 47.59
2023 04 29 23 26 46.69 164.04 93.60 116.25 47.43
2023 04 29 23 27 46.60 163.95 93.44 116.28 47.26
2023 04 29 23 28 46.50 163.87 93.28 116.31 47.10
2023 04 29 23 29 46.41 163.78 93.12 116.34 46.94
2023 04 29 23 30 46.32 163.69 92.96 116.37 46.78
2023 04 29 23 31 46.22 163.60 92.80 116.40 46.62
2023 04 29 23 32 46.13 163.52 92.63 116.42 46.46
2023 04 29 23 33 46.04 163.43 92.47 116.45 46.31
2023 04 29 23 34 45.94 163.34 92.30 116.48 46.16
2023 04 29 23 35 45.85 163.25 92.14 116.51 46.01
2023 04 29 23 36 45.75 163.16 91.97 116.54 45.86
2023 04 29 23 37 45.65 163.07 91.81 116.56 45.71
2023 04 29 23 38 45.56 162.98 91.64 116.59 45.57
2023 04 29 23 39 45.46 162.89 91.47 116.62 45.43
2023 04 29 23 40 45.36 162.80 91.31 116.64 45.29
2023 04 29 23 41 45.26 162.71 91.14 116.67 45.15
2023 04 29 23 42 45.16 162.61 90.97 116.70 45.01
2023 04 29 23 43 45.07 162.52 90.80 116.72 44.88
2023 04 29 23 44 44.97 162.43 90.63 116.75 44.74
2023 04 29 23 45 44.87 162.34 90.46 116.77 44.61
2023 04 29 23 46 44.77 162.25 90.29 116.80 44.48
2023 04 29 23 47 44.67 162.15 90.12 116.82 44.36
2023 04 29 23 48 44.57 162.06 89.94 116.85 44.23
2023 04 29 23 49 44.46 161.97 89.77 116.87 44.11
2023 04 29 23 50 44.36 161.87 89.60 116.89 43.99
2023 04 29 23 51 44.26 161.78 89.42 116.92 43.87
2023 04 29 23 52 44.16 161.68 89.25 116.94 43.75
2023 04 29 23 53 44.06 161.59 89.08 116.96 43.63
2023 04 29 23 54 43.95 161.49 88.90 116.99 43.52
2023 04 29 23 55 43.85 161.40 88.72 117.01 43.41
2023 04 29 23 56 43.75 161.30 88.55 117.03 43.30
2023 04 29 23 57 43.64 161.21 88.37 117.05 43.19
2023 04 29 23 58 43.54 161.11 88.19 117.08 43.08
2023 04 29 23 59 43.43 161.02 88.02 117.10 42.98
2023 04 30 00 00 43.33 160.92 87.84 117.12 42.88
2023 04 30 00 01 43.22 160.82 87.66 117.14 42.78
2023 04 30 00 02 43.12 160.73 87.48 117.16 42.68
2023 04 30 00 03 43.01 160.63 87.30 117.18 42.58
2023 04 30 00 04 42.90 160.53 87.12 117.20 42.49
2023 04 30 00 05 42.80 160.44 86.94 117.22 42.40
2023 04 30 00 06 42.69 160.34 86.76 117.24 42.31
2023 04 30 00 07 42.58 160.24 86.58 117.26 42.22
2023 04 30 00 08 42.47 160.15 86.40 117.28 42.13
2023 04 30 00 09 42.37 160.05 86.21 117.30 42.05
2023 04 30 00 10 42.26 159.95 86.03 117.32 41.96
2023 04 30 00 11 42.15 159.85 85.85 117.33 41.88
2023 04 30 00 12 42.04 159.76 85.66 117.35 41.80
2023 04 30 00 13 41.93 159.66 85.48 117.37 41.73
2023 04 30 00 14 41.82 159.56 85.29 117.39 41.65
2023 04 30 00 15 41.71 159.46 85.11 117.40 41.58
2023 04 30 00 16 41.60 159.36 84.92 117.42 41.51
2023 04 30 00 17 41.49 159.27 84.73 117.44 41.44
2023 04 30 00 18 41.38 159.17 84.55 117.46 41.37
2023 04 30 00 19 41.27 159.07 84.36 117.47 0.00
2023 04 30 00 20 41.16 158.97 84.17 117.49 0.00
2023 04 30 00 21 41.05 158.87 83.98 117.50 0.00
2023 04 30 00 22 40.94 158.77 83.80 117.52 0.00
2023 04 30 00 23 40.82 158.68 83.61 117.54 0.00
2023 04 30 00 24 40.71 158.58 83.42 117.55 0.00
2023 04 30 00 25 40.60 158.48 83.23 117.57 0.00
2023 04 30 00 26 40.49 158.38 83.04 117.58 0.00
2023 04 30 00 27 40.37 158.28 82.85 117.60 0.00
2023 04 30 00 28 40.26 158.18 82.65 117.61 0.00
2023 04 30 00 29 40.15 158.09 82.46 117.63 0.00
2023 04 30 00 30 40.03 157.99 82.27 117.64 0.00
2023 04 30 00 31 39.92 157.89 82.08 117.65 0.00
2023 04 30 00 32 39.80 157.79 81.88 117.67 0.00
2023 04 30 00 33 39.69 157.69 81.69 117.68 0.00
2023 04 30 00 34 39.57 157.60 81.50 117.69 0.00
2023 04 30 00 35 39.46 157.50 81.30 117.71 0.00
2023 04 30 00 36 39.34 157.40 81.11 117.72 0.00
2023 04 30 00 37 39.23 157.30 80.91 117.73 0.00
2023 04 30 00 38 39.11 157.20 80.72 117.75 0.00
2023 04 30 00 39 39.00 157.11 80.52 117.76 0.00
2023 04 30 00 40 38.88 157.01 80.33 117.77 0.00
2023 04 30 00 41 38.76 156.91 80.13 117.78 0.00
2023 04 30 00 42 38.65 156.81 79.93 117.79 0.00
2023 04 30 00 43 38.53 156.72 79.74 117.80 0.00
2023 04 30 00 44 38.41 156.62 79.54 117.82 0.00
2023 04 30 00 45 38.30 156.52 79.34 117.83 0.00
2023 04 30 00 46 38.18 156.43 79.14 117.84 0.00
2023 04 30 00 47 38.06 156.33 78.94 117.85 0.00
2023 04 30 00 48 37.94 156.23 78.74 117.86 0.00
2023 04 30 00 49 37.83 156.14 78.54 117.87 0.00
2023 04 30 00 50 37.71 156.04 78.34 117.88 0.00
2023 04 30 00 51 37.59 155.95 78.14 117.89 0.00
2023 04 30 00 52 37.47 155.85 77.94 117.90 0.00
2023 04 30 00 53 37.35 155.75 77.74 117.91 0.00
2023 04 30 00 54 37.23 155.66 77.54 117.92 0.00
2023 04 30 00 55 37.12 155.56 77.34 117.93 0.00
2023 04 30 00 56 37.00 155.47 77.14 117.94 0.00
2023 04 30 00 57 36.88 155.38 76.94 117.94 0.00
2023 04 30 00 58 36.76 155.28 76.73 117.95 0.00
2023 04 30 00 59 36.64 155.19 76.53 117.96 0.00
2023 04 30 01 00 36.52 155.09 76.33 117.97 0.00
2023 04 30 01 01 36.40 155.00 76.12 117.98 0.00
2023 04 30 01 02 36.28 154.91 75.92 117.98 0.00
2023 04 30 01 03 36.16 154.81 75.72 117.99 0.00
2023 04 30 01 04 36.04 154.72 75.51 118.00 0.00
2023 04 30 01 05 35.92 154.63 75.31 118.01 0.00
2023 04 30 01 06 35.80 154.54 75.10 118.01 0.00
2023 04 30 01 07 35.68 154.45 74.90 118.02 0.00
2023 04 30 01 08 35.55 154.36 74.69 118.03 0.00
2023 04 30 01 09 35.43 154.26 74.49 118.03 0.00
2023 04 30 01 10 35.31 154.17 74.28 118.04 0.00
2023 04 30 01 11 35.19 154.08 74.08 118.05 0.00
2023 04 30 01 12 35.07 153.99 73.87 118.05 0.00
2023 04 30 01 13 34.95 153.90 73.66 118.06 0.00
2023 04 30 01 14 34.82 153.82 73.46 118.06 0.00
2023 04 30 01 15 34.70 153.73 73.25 118.07 0.00
2023 04 30 01 16 34.58 153.64 73.04 118.08 0.00
2023 04 30 01 17 34.46 153.55 72.84 118.08 0.00
2023 04 30 01 18 34.34 153.46 72.63 118.09 0.00
2023 04 30 01 19 34.21 153.38 72.42 118.09 0.00
2023 04 30 01 20 34.09 153.29 72.21 118.10 0.00
2023 04 30 01 21 33.97 153.20 72.00 118.10 0.00
2023 04 30 01 22 33.85 153.12 71.80 118.10 0.00
2023 04 30 01 23 33.72 153.03 71.59 118.11 0.00
2023 04 30 01 24 33.60 152.95 71.38 118.11 0.00
2023 04 30 01 25 33.48 152.86 71.17 118.12 0.00
2023 04 30 01 26 33.35 152.78 70.96 118.12 0.00
2023 04 30 01 27 33.23 152.69 70.75 118.12 0.00
2023 04 30 01 28 33.11 152.61 70.54 118.13 0.00
2023 04 30 01 29 32.98 152.53 70.33 118.13 0.00
2023 04 30 01 30 32.86 152.45 70.12 118.13 0.00
2023 04 30 01 31 32.74 152.37 69.91 118.14 0.00
2023 04 30 01 32 32.61 152.28 69.70 118.14 0.00
2023 04 30 01 33 32.49 152.20 69.49 118.14 0.00
2023 04 30 01 34 32.36 152.12 69.28 118.14 0.00
2023 04 30 01 35 32.24 152.04 69.07 118.14 0.00
2023 04 30 01 36 32.12 151.97 68.86 118.15 0.00
2023 04 30 01 37 31.99 151.89 68.65 118.15 0.00
2023 04 30 01 38 31.87 151.81 68.44 118.15 0.00
2023 04 30 01 39 31.74 151.73 68.23 118.15 0.00
2023 04 30 01 40 31.62 151.65 68.02 118.15 0.00
2023 04 30 01 41 31.50 151.58 67.81 118.15 0.00
2023 04 30 01 42 31.37 151.50 67.60 118.15 0.00
2023 04 30 01 43 31.25 151.43 67.39 118.16 0.00
2023 04 30 01 44 31.12 151.35 67.18 118.16 0.00
2023 04 30 01 45 31.00 151.28 66.97 118.16 0.00
2023 04 30 01 46 30.87 151.21 66.76 118.16 0.00
2023 04 30 01 47 30.75 151.13 66.55 118.16 0.00
2023 04 30 01 48 30.62 151.06 66.34 118.16 0.00
2023 04 30 01 49 30.50 150.99 66.13 118.16 0.00
2023 04 30 01 50 30.37 150.92 65.92 118.16 0.00
2023 04 30 01 51 30.25 150.85 65.70 118.16 0.00
2023 04 30 01 52 30.12 150.78 65.49 118.16 0.00
2023 04 30 01 53 30.00 150.71 65.28 118.15 0.00
2023 04 30 01 54 29.87 150.64 65.07 118.15 0.00
2023 04 30 01 55 29.75 150.58 64.86 118.15 0.00
2023 04 30 01 56 29.62 150.51 64.65 118.15 0.00
2023 04 30 01 57 29.50 150.44 64.44 118.15 0.00
2023 04 30 01 58 29.37 150.38 64.23 118.15 0.00
2023 04 30 01 59 29.25 150.31 64.02 118.15 0.00
2023 04 30 02 00 29.12 150.25 63.81 118.14 0.00
2023 04 30 02 01 29.00 150.18 63.60 118.14 0.00
2023 04 30 02 02 28.87 150.12 63.39 118.14 0.00
2023 04 30 02 03 28.74 150.06 63.18 118.14 0.00
2023 04 30 02 04 28.62 150.00 62.97 118.13 0.00
2023 04 30 02 05 28.49 149.94 62.76 118.13 0.00
2023 04 30 02 06 28.37 149.88 62.55 118.13 0.00
2023 04 30 02 07 28.24 149.82 62.34 118.13 0.00
2023 04 30 02 08 28.12 149.76 62.14 118.12 0.00
2023 04 30 02 09 27.99 149.70 61.93 118.12 0.00
2023 04 30 02 10 27.87 149.64 61.72 118.11 0.00
2023 04 30 02 11 27.74 149.59 61.51 118.11 0.00
2023 04 30 02 12 27.61 149.53 61.30 118.11 0.00
2023 04 30 02 13 27.49 149.48 61.09 118.10 0.00
2023 04 30 02 14 27.36 149.42 60.89 118.10 0.00
2023 04 30 02 15 27.24 149.37 60.68 118.09 0.00
2023 04 30 02 16 27.11 149.32 60.47 118.09 0.00
2023 04 30 02 17 26.99 149.27 60.26 118.08 0.00
2023 04 30 02 18 26.86 149.22 60.06 118.08 0.00
2023 04 30 02 19 26.74 149.17 59.85 118.07 0.00
2023 04 30 02 20 26.61 149.12 59.65 118.07 0.00
2023 04 30 02 21 26.48 149.07 59.44 118.06 0.00
2023 04 30 02 22 26.36 149.02 59.24 118.06 0.00
2023 04 30 02 23 26.23 148.97 59.03 118.05 0.00
2023 04 30 02 24 26.11 148.93 58.83 118.05 0.00
2023 04 30 02 25 25.98 148.88 58.62 118.04 0.00
2023 04 30 02 26 25.86 148.84 58.42 118.03 0.00
2023 04 30 02 27 25.73 148.80 58.21 118.03 0.00
2023 04 30 02 28 25.61 148.75 58.01 118.02 0.00
2023 04 30 02 29 25.48 148.71 57.81 118.01 0.00
2023 04 30 02 30 25.35 148.67 57.61 118.01 0.00
2023 04 30 02 31 25.23 148.63 57.40 118.00 0.00
2023 04 30 02 32 25.10 148.59 57.20 117.99 0.00
2023 04 30 02 33 24.98 148.55 57.00 117.98 0.00
2023 04 30 02 34 24.85 148.51 56.80 117.97 0.00
2023 04 30 02 35 24.73 148.48 56.60 117.97 0.00
2023 04 30 02 36 24.60 148.44 56.40 117.96 0.00
2023 04 30 02 37 24.48 148.41 56.20 117.95 0.00
2023 04 30 02 38 24.35 148.37 56.01 117.94 0.00
2023 04 30 02 39 24.23 148.34 55.81 117.93 0.00
2023 04 30 02 40 24.10 148.31 55.61 117.92 0.00
2023 04 30 02 41 23.98 148.28 55.41 117.91 0.00
2023 04 30 02 42 23.85 148.24 55.22 117.91 0.00
2023 04 30 02 43 23.73 148.21 55.02 117.90 0.00
2023 04 30 02 44 23.60 148.19 54.83 117.89 0.00
2023 04 30 02 45 23.48 148.16 54.63 117.88 0.00
2023 04 30 02 46 23.35 148.13 54.44 117.87 0.00
2023 04 30 02 47 23.23 148.10 54.25 117.86 0.00
2023 04 30 02 48 23.10 148.08 54.06 117.84 0.00
2023 04 30 02 49 22.98 148.05 53.86 117.83 0.00
2023 04 30 02 50 22.85 148.03 53.67 117.82 0.00
2023 04 30 02 51 22.73 148.01 53.48 117.81 0.00
2023 04 30 02 52 22.60 147.99 53.29 117.80 0.00
2023 04 30 02 53 22.48 147.97 53.10 117.79 0.00
2023 04 30 02 54 22.36 147.95 52.92 117.78 0.00
2023 04 30 02 55 22.23 147.93 52.73 117.77 0.00
2023 04 30 02 56 22.11 147.91 52.54 117.75 0.00
2023 04 30 02 57 21.98 147.89 52.36 117.74 0.00
2023 04 30 02 58 21.86 147.87 52.17 117.73 0.00
2023 04 30 02 59 21.73 147.86 51.99 117.72 0.00
2023 04 30 03 00 21.61 147.85 51.81 117.70 0.00
2023 04 30 03 01 21.49 147.83 51.63 117.69 0.00
2023 04 30 03 02 21.36 147.82 51.44 117.68 0.00
2023 04 30 03 03 21.24 147.81 51.26 117.66 0.00
2023 04 30 03 04 21.12 147.80 51.08 117.65 0.00
2023 04 30 03 05 20.99 147.79 50.91 117.64 0.00
2023 04 30 03 06 20.87 147.78 50.73 117.62 0.00
2023 04 30 03 07 20.75 147.77 50.55 117.61 0.00
2023 04 30 03 08 20.62 147.76 50.38 117.59 0.00
2023 04 30 03 09 20.50 147.76 50.20 117.58 0.00
2023 04 30 03 10 20.38 147.75 50.03 117.56 0.00
2023 04 30 03 11 20.25 147.75 49.86 117.55 0.00
2023 04 30 03 12 20.13 147.74 49.69 117.53 0.00
2023 04 30 03 13 20.01 147.74 49.52 117.52 0.00
2023 04 30 03 14 19.88 147.74 49.35 117.50 0.00
2023 04 30 03 15 19.76 147.74 49.18 117.48 0.00
2023 04 30 03 16 19.64 147.74 49.01 117.47 0.00
2023 04 30 03 17 19.52 147.74 48.85 117.45 0.00
2023 04 30 03 18 19.39 147.74 48.68 117.43 0.00
2023 04 30 03 19 19.27 147.75 48.52 117.42 0.00
2023 04 30 03 20 19.15 147.75 48.36 117.40 0.00
2023 04 30 03 21 19.03 147.76 48.20 117.38 0.00
2023 04 30 03 22 18.91 147.76 48.04 117.36 0.00
2023 04 30 03 23 18.78 147.77 47.88 117.35 0.00
2023 04 30 03 24 18.66 147.78 47.72 117.33 0.00
2023 04 30 03 25 18.54 147.78 47.57 117.31 0.00
2023 04 30 03 26 18.42 147.79 47.41 117.29 0.00
2023 04 30 03 27 18.30 147.80 47.26 117.27 0.00
2023 04 30 03 28 18.18 147.82 47.11 117.25 0.00
2023 04 30 03 29 18.06 147.83 46.96 117.23 0.00
2023 04 30 03 30 17.93 147.84 46.81 117.21 0.00
2023 04 30 03 31 17.81 147.86 46.67 117.19 0.00
2023 04 30 03 32 17.69 147.87 46.52 117.17 0.00
2023 04 30 03 33 17.57 147.89 46.38 117.15 0.00
2023 04 30 03 34 17.45 147.90 46.23 117.13 0.00
2023 04 30 03 35 17.33 147.92 46.09 117.11 0.00
2023 04 30 03 36 17.21 147.94 45.95 117.09 0.00
2023 04 30 03 37 17.09 147.96 45.81 117.07 0.00
2023 04 30 03 38 16.97 147.98 45.68 117.05 0.00
2023 04 30 03 39 16.85 148.00 45.54 117.03 0.00
2023 04 30 03 40 16.73 148.03 45.41 117.00 0.00
2023 04 30 03 41 16.61 148.05 45.28 116.98 0.00
2023 04 30 03 42 16.49 148.07 45.15 116.96 0.00
2023 04 30 03 43 16.37 148.10 45.02 116.93 0.00
2023 04 30 03 44 16.25 148.12 44.89 116.91 0.00
2023 04 30 03 45 16.14 148.15 44.77 116.89 0.00
2023 04 30 03 46 16.02 148.18 44.65 116.86 0.00
2023 04 30 03 47 15.90 148.21 44.53 116.84 0.00
2023 04 30 03 48 15.78 148.24 44.41 116.82 0.00
2023 04 30 03 49 15.66 148.27 44.29 116.79 0.00
2023 04 30 03 50 15.54 148.30 44.17 116.77 0.00
2023 04 30 03 51 15.42 148.33 44.06 116.74 0.00
2023 04 30 03 52 15.31 148.37 43.95 116.72 0.00
2023 04 30 03 53 15.19 148.40 43.84 116.69 0.00
2023 04 30 03 54 15.07 148.43 43.73 116.66 0.00
2023 04 30 03 55 14.95 148.47 43.62 116.64 0.00
2023 04 30 03 56 14.84 148.51 43.52 116.61 0.00
2023 04 30 03 57 14.72 148.54 43.41 116.58 0.00
2023 04 30 03 58 14.60 148.58 43.31 116.56 0.00
2023 04 30 03 59 14.48 148.62 43.21 116.53 0.00
2023 04 30 04 00 14.37 148.66 43.12 116.50 0.00
2023 04 30 04 01 14.25 148.70 43.02 116.47 0.00
2023 04 30 04 02 14.14 148.74 42.93 116.44 0.00
2023 04 30 04 03 14.02 148.79 42.84 116.42 0.00
2023 04 30 04 04 13.90 148.83 42.75 116.39 0.00
2023 04 30 04 05 13.79 148.87 42.66 116.36 0.00
2023 04 30 04 06 13.67 148.92 42.58 116.33 0.00
2023 04 30 04 07 13.56 148.97 42.50 116.30 0.00
2023 04 30 04 08 13.44 149.01 42.42 116.27 0.00
2023 04 30 04 09 13.33 149.06 42.34 116.24 0.00
2023 04 30 04 10 13.21 149.11 42.26 116.21 0.00
2023 04 30 04 11 13.10 149.16 42.19 116.18 0.00
2023 04 30 04 12 12.98 149.21 42.12 116.14 0.00
2023 04 30 04 13 12.87 149.26 42.05 116.11 0.00
2023 04 30 04 14 12.75 149.31 41.98 116.08 0.00
2023 04 30 04 15 12.64 149.36 41.92 116.05 0.00
2023 04 30 04 16 12.52 149.41 41.85 116.02 0.00
2023 04 30 04 17 12.41 149.47 41.79 115.98 0.00
2023 04 30 04 18 12.30 149.52 41.74 115.95 0.00
2023 04 30 04 19 12.18 149.58 41.68 115.91 0.00
2023 04 30 04 20 12.07 149.63 41.63 115.88 0.00
2023 04 30 04 21 11.96 149.69 41.58 115.85 0.00
2023 04 30 04 22 11.85 149.75 41.53 115.81 0.00
2023 04 30 04 23 11.73 149.81 41.48 115.78 0.00
2023 04 30 04 24 11.62 149.86 41.44 115.74 0.00
2023 04 30 04 25 11.51 149.92 41.40 115.71 0.00
2023 04 30 04 26 11.40 149.99 41.36 115.67 0.00
2023 04 30 04 27 11.29 150.05 41.32 115.63 0.00
2023 04 30 04 28 11.17 150.11 41.29 115.60 0.00
2023 04 30 04 29 11.06 150.17 41.25 115.56 0.00
2023 04 30 04 30 10.95 150.23 41.22 115.52 0.00
2023 04 30 04 31 10.84 150.30 41.20 115.48 0.00
2023 04 30 04 32 10.73 150.36 41.17 115.45 0.00
2023 04 30 04 33 10.62 0.00 0.00 0.00 0.00
2023 04 30 04 34 10.51 0.00 0.00 0.00 0.00
2023 04 30 04 35 10.40 0.00 0.00 0.00 0.00
2023 04 30 04 36 10.29 0.00 0.00 0.00 0.00
2023 04 30 04 37 10.18 0.00 0.00 0.00 0.00
2023 04 30 04 38 10.07 0.00 0.00 0.00 0.00
2023 04 30 04 39 9.96 0.00 0.00 0.00 0.00
2023 04 30 04 40 9.85 0.00 0.00 0.00 0.00
2023 04 30 04 41 9.74 0.00 0.00 0.00 0.00
2023 04 30 04 42 9.64 0.00 0.00 0.00 0.00
2023 04 30 04 43 9.53 0.00 0.00 0.00 0.00
2023 04 30 04 44 9.42 0.00 0.00 0.00 0.00
2023 04 30 04 45 9.31 0.00 0.00 0.00 0.00
2023 04 30 04 46 9.20 0.00 0.00 0.00 0.00
2023 04 30 04 47 9.10 0.00 0.00 0.00 0.00
2023 04 30 04 48 8.99 0.00 0.00 0.00 0.00
2023 04 30 04 49 8.88 0.00 0.00 0.00 0.00
2023 04 30 04 50 8.78 0.00 0.00 0.00 0.00
2023 04 30 04 51 8.67 0.00 0.00 0.00 0.00
2023 04 30 04 52 8.56 0.00 0.00 0.00 0.00
2023 04 30 04 53 8.46 0.00 0.00 0.00 0.00
2023 04 30 04 54 8.35 0.00 0.00 0.00 0.00
2023 04 30 04 55 8.25 0.00 0.00 0.00 0.00
2023 04 30 04 56 8.14 0.00 0.00 0.00 0.00
2023 04 30 04 57 8.04 0.00 0.00 0.00 0.00
2023 04 30 04 58 7.93 0.00 0.00 0.00 0.00
2023 04 30 04 59 7.83 0.00 0.00 0.00 0.00
