# year, month, day, hour, min, alt, bl13, bl14, bl34, moon 
2023 04 27 17 00 32.11 0.00 0.00 0.00 0.00
2023 04 27 17 01 32.24 0.00 0.00 0.00 0.00
2023 04 27 17 02 32.36 0.00 0.00 0.00 0.00
2023 04 27 17 03 32.49 0.00 0.00 0.00 0.00
2023 04 27 17 04 32.61 0.00 0.00 0.00 0.00
2023 04 27 17 05 32.73 0.00 0.00 0.00 0.00
2023 04 27 17 06 32.86 0.00 0.00 0.00 0.00
2023 04 27 17 07 32.98 0.00 0.00 0.00 0.00
2023 04 27 17 08 33.10 0.00 0.00 0.00 0.00
2023 04 27 17 09 33.23 0.00 0.00 0.00 0.00
2023 04 27 17 10 33.35 0.00 0.00 0.00 0.00
2023 04 27 17 11 33.47 0.00 0.00 0.00 0.00
2023 04 27 17 12 33.60 151.68 118.51 69.75 72.39
2023 04 27 17 13 33.72 151.76 118.50 69.96 72.57
2023 04 27 17 14 33.84 151.85 118.50 70.18 72.75
2023 04 27 17 15 33.97 151.94 118.50 70.39 72.92
2023 04 27 17 16 34.09 152.02 118.49 70.60 73.10
2023 04 27 17 17 34.21 152.11 118.49 70.81 73.27
2023 04 27 17 18 34.33 152.20 118.49 71.02 73.44
2023 04 27 17 19 34.46 152.29 118.48 71.23 73.61
2023 04 27 17 20 34.58 152.38 118.48 71.44 73.78
2023 04 27 17 21 34.70 152.47 118.47 71.65 73.95
2023 04 27 17 22 34.82 152.56 118.47 71.86 74.11
2023 04 27 17 23 34.94 152.65 118.46 72.06 74.28
2023 04 27 17 24 35.07 152.74 118.46 72.27 74.44
2023 04 27 17 25 35.19 152.83 118.45 72.48 74.60
2023 04 27 17 26 35.31 152.92 118.45 72.69 74.76
2023 04 27 17 27 35.43 153.01 118.44 72.90 74.92
2023 04 27 17 28 35.55 153.10 118.44 73.11 75.07
2023 04 27 17 29 35.67 153.20 118.43 73.31 75.22
2023 04 27 17 30 35.79 153.29 118.42 73.52 75.38
2023 04 27 17 31 35.91 153.38 118.42 73.73 75.53
2023 04 27 17 32 36.03 153.48 118.41 73.94 75.68
2023 04 27 17 33 36.15 153.57 118.40 74.14 75.82
2023 04 27 17 34 36.27 153.67 118.40 74.35 75.97
2023 04 27 17 35 36.40 153.76 118.39 74.55 76.11
2023 04 27 17 36 36.52 153.85 118.38 74.76 76.25
2023 04 27 17 37 36.63 153.95 118.38 74.97 76.39
2023 04 27 17 38 36.75 154.05 118.37 75.17 76.53
2023 04 27 17 39 36.87 154.14 118.36 75.38 76.67
2023 04 27 17 40 36.99 154.24 118.35 75.58 76.80
2023 04 27 17 41 37.11 154.34 118.35 75.78 76.94
2023 04 27 17 42 37.23 154.43 118.34 75.99 77.07
2023 04 27 17 43 37.35 154.53 118.33 76.19 77.20
2023 04 27 17 44 37.47 154.63 118.32 76.40 77.32
2023 04 27 17 45 37.59 154.72 118.31 76.60 77.45
2023 04 27 17 46 37.71 154.82 118.30 76.80 77.57
2023 04 27 17 47 37.82 154.92 118.29 77.00 77.70
2023 04 27 17 48 37.94 155.02 118.29 77.21 77.82
2023 04 27 17 49 38.06 155.12 118.28 77.41 77.93
2023 04 27 17 50 38.18 155.22 118.27 77.61 78.05
2023 04 27 17 51 38.29 155.32 118.26 77.81 78.16
2023 04 27 17 52 38.41 155.42 118.25 78.01 78.28
2023 04 27 17 53 38.53 155.51 118.24 78.21 78.39
2023 04 27 17 54 38.65 155.61 118.23 78.41 78.49
2023 04 27 17 55 38.76 155.71 118.22 78.61 78.60
2023 04 27 17 56 38.88 155.81 118.21 78.81 78.70
2023 04 27 17 57 38.99 155.91 118.19 79.01 78.81
2023 04 27 17 58 39.11 156.02 118.18 79.21 78.91
2023 04 27 17 59 39.23 156.12 118.17 79.40 79.00
2023 04 27 18 00 39.34 156.22 118.16 79.60 79.10
2023 04 27 18 01 39.46 156.32 118.15 79.80 79.19
2023 04 27 18 02 39.57 156.42 118.14 80.00 79.29
2023 04 27 18 03 39.69 156.52 118.13 80.19 79.38
2023 04 27 18 04 39.80 156.62 118.11 80.39 79.46
2023 04 27 18 05 39.91 156.72 118.10 80.58 79.55
2023 04 27 18 06 40.03 156.82 118.09 80.78 79.63
2023 04 27 18 07 40.14 156.92 118.08 80.97 79.71
2023 04 27 18 08 40.26 157.03 118.06 81.17 79.79
2023 04 27 18 09 40.37 157.13 118.05 81.36 79.87
2023 04 27 18 10 40.48 157.23 118.04 81.56 79.95
2023 04 27 18 11 40.60 157.33 118.02 81.75 80.02
2023 04 27 18 12 40.71 157.43 118.01 81.94 80.09
2023 04 27 18 13 40.82 157.53 117.99 82.13 80.16
2023 04 27 18 14 40.93 157.64 117.98 82.33 80.23
2023 04 27 18 15 41.04 157.74 117.97 82.52 80.29
2023 04 27 18 16 41.16 157.84 117.95 82.71 80.35
2023 04 27 18 17 41.27 157.94 117.94 82.90 80.41
2023 04 27 18 18 41.38 158.04 117.92 83.09 80.47
2023 04 27 18 19 41.49 158.14 117.91 83.28 80.53
2023 04 27 18 20 41.60 158.25 117.89 83.47 80.58
2023 04 27 18 21 41.71 158.35 117.87 83.66 80.63
2023 04 27 18 22 41.82 158.45 117.86 83.84 80.68
2023 04 27 18 23 41.93 158.55 117.84 84.03 80.73
2023 04 27 18 24 42.04 158.65 117.83 84.22 80.78
2023 04 27 18 25 42.15 158.75 117.81 84.41 80.82
2023 04 27 18 26 42.26 158.86 117.79 84.59 80.86
2023 04 27 18 27 42.36 158.96 117.78 84.78 80.90
2023 04 27 18 28 42.47 159.06 117.76 84.96 80.94
2023 04 27 18 29 42.58 159.16 117.74 85.15 80.97
2023 04 27 18 30 42.69 159.26 117.72 85.33 81.00
2023 04 27 18 31 42.79 159.36 117.70 85.52 81.03
2023 04 27 18 32 42.90 159.46 117.69 85.70 81.06
2023 04 27 18 33 43.01 159.56 117.67 85.88 81.09
2023 04 27 18 34 43.11 159.67 117.65 86.07 81.11
2023 04 27 18 35 43.22 159.77 117.63 86.25 81.13
2023 04 27 18 36 43.32 159.87 117.61 86.43 81.15
2023 04 27 18 37 43.43 159.97 117.59 86.61 81.17
2023 04 27 18 38 43.53 160.07 117.57 86.79 81.18
2023 04 27 18 39 43.64 160.17 117.55 86.97 81.19
2023 04 27 18 40 43.74 160.27 117.53 87.15 81.21
2023 04 27 18 41 43.85 160.37 117.51 87.33 81.21
2023 04 27 18 42 43.95 160.47 117.49 87.51 81.22
2023 04 27 18 43 44.05 160.57 117.47 87.69 81.22
2023 04 27 18 44 44.16 160.66 117.45 87.87 81.23
2023 04 27 18 45 44.26 160.76 117.43 88.04 81.23
2023 04 27 18 46 44.36 160.86 117.41 88.22 81.22
2023 04 27 18 47 44.46 160.96 117.38 88.39 81.22
2023 04 27 18 48 44.56 161.06 117.36 88.57 81.21
2023 04 27 18 49 44.66 161.16 117.34 88.75 81.20
2023 04 27 18 50 44.76 161.26 117.32 88.92 81.19
2023 04 27 18 51 44.86 161.35 117.29 89.09 81.18
2023 04 27 18 52 44.96 161.45 117.27 89.27 81.16
2023 04 27 18 53 45.06 161.55 117.25 89.44 81.15
2023 04 27 18 54 45.16 161.64 117.22 89.61 81.13
2023 04 27 18 55 45.26 161.74 117.20 89.78 81.11
2023 04 27 18 56 45.36 161.84 117.17 89.95 81.08
2023 04 27 18 57 45.46 161.93 117.15 90.13 81.06
2023 04 27 18 58 45.55 162.03 117.12 90.30 81.03
2023 04 27 18 59 45.65 162.12 117.10 90.47 81.00
2023 04 27 19 00 45.75 162.22 117.07 90.63 80.97
2023 04 27 19 01 45.84 162.31 117.05 90.80 80.93
2023 04 27 19 02 45.94 162.41 117.02 90.97 80.90
2023 04 27 19 03 46.03 162.50 117.00 91.14 80.86
2023 04 27 19 04 46.13 162.60 116.97 91.31 80.82
2023 04 27 19 05 46.22 162.69 116.94 91.47 80.77
2023 04 27 19 06 46.32 162.78 116.91 91.64 80.73
2023 04 27 19 07 46.41 162.88 116.89 91.80 80.68
2023 04 27 19 08 46.50 162.97 116.86 91.97 80.64
2023 04 27 19 09 46.60 163.06 116.83 92.13 80.58
2023 04 27 19 10 46.69 163.15 116.80 92.30 80.53
2023 04 27 19 11 46.78 163.24 116.77 92.46 80.48
2023 04 27 19 12 46.87 163.33 116.74 92.62 80.42
2023 04 27 19 13 46.96 163.42 116.72 92.78 80.36
2023 04 27 19 14 47.05 163.51 116.69 92.94 80.30
2023 04 27 19 15 47.14 163.60 116.66 93.10 80.24
2023 04 27 19 16 47.23 163.69 116.63 93.27 80.18
2023 04 27 19 17 47.32 163.78 116.60 93.42 80.11
2023 04 27 19 18 47.41 163.87 116.56 93.58 80.04
2023 04 27 19 19 47.49 163.96 116.53 93.74 79.97
2023 04 27 19 20 47.58 164.05 116.50 93.90 79.90
2023 04 27 19 21 47.67 164.13 116.47 94.06 79.82
2023 04 27 19 22 47.75 164.22 116.44 94.21 79.75
2023 04 27 19 23 47.84 164.31 116.41 94.37 79.67
2023 04 27 19 24 47.93 164.39 116.37 94.53 79.59
2023 04 27 19 25 48.01 164.48 116.34 94.68 79.51
2023 04 27 19 26 48.09 164.56 116.31 94.84 79.43
2023 04 27 19 27 48.18 164.65 116.27 94.99 79.34
2023 04 27 19 28 48.26 164.73 116.24 95.14 79.25
2023 04 27 19 29 48.34 164.81 116.20 95.30 79.16
2023 04 27 19 30 48.43 164.90 116.17 95.45 79.07
2023 04 27 19 31 48.51 164.98 116.13 95.60 78.98
2023 04 27 19 32 48.59 165.06 116.10 95.75 78.89
2023 04 27 19 33 48.67 165.14 116.06 95.90 78.79
2023 04 27 19 34 48.75 165.22 116.03 96.05 78.69
2023 04 27 19 35 48.83 165.30 115.99 96.20 78.59
2023 04 27 19 36 48.91 165.38 115.95 96.35 78.49
2023 04 27 19 37 48.98 165.46 115.92 96.50 78.39
2023 04 27 19 38 49.06 165.54 115.88 96.65 78.28
2023 04 27 19 39 49.14 165.62 115.84 96.79 78.18
2023 04 27 19 40 49.22 165.70 115.80 96.94 78.07
2023 04 27 19 41 49.29 165.78 115.76 97.08 77.96
2023 04 27 19 42 49.37 165.85 115.72 97.23 77.85
2023 04 27 19 43 49.44 165.93 115.69 97.37 77.74
2023 04 27 19 44 49.52 166.00 115.65 97.52 77.62
2023 04 27 19 45 49.59 166.08 115.61 97.66 77.50
2023 04 27 19 46 49.66 166.15 115.57 97.81 77.39
2023 04 27 19 47 49.74 166.23 115.52 97.95 77.27
2023 04 27 19 48 49.81 166.30 115.48 98.09 77.15
2023 04 27 19 49 49.88 166.37 115.44 98.23 77.02
2023 04 27 19 50 49.95 166.45 115.40 98.37 76.90
2023 04 27 19 51 50.02 166.52 115.36 98.51 76.77
2023 04 27 19 52 50.09 166.59 115.32 98.65 76.65
2023 04 27 19 53 50.16 166.66 115.27 98.79 76.52
2023 04 27 19 54 50.22 166.73 115.23 98.93 76.39
2023 04 27 19 55 50.29 166.80 115.19 99.06 76.26
2023 04 27 19 56 50.36 166.87 115.14 99.20 76.12
2023 04 27 19 57 50.42 166.93 115.10 99.34 75.99
2023 04 27 19 58 50.49 167.00 115.05 99.47 75.85
2023 04 27 19 59 50.55 167.07 115.01 99.61 75.72
2023 04 27 20 00 50.62 167.13 114.96 99.74 75.58
2023 04 27 20 01 50.68 167.20 114.91 99.88 75.44
2023 04 27 20 02 50.75 167.26 114.87 100.01 75.30
2023 04 27 20 03 50.81 167.33 114.82 100.14 75.15
2023 04 27 20 04 50.87 167.39 114.77 100.28 75.01
2023 04 27 20 05 50.93 167.45 114.73 100.41 74.87
2023 04 27 20 06 50.99 167.52 114.68 100.54 74.72
2023 04 27 20 07 51.05 167.58 114.63 100.67 74.57
2023 04 27 20 08 51.11 167.64 114.58 100.80 74.42
2023 04 27 20 09 51.17 167.70 114.53 100.93 74.27
2023 04 27 20 10 51.22 167.76 114.48 101.06 74.12
2023 04 27 20 11 51.28 167.82 114.43 101.19 73.97
2023 04 27 20 12 51.34 167.87 114.38 101.31 73.82
2023 04 27 20 13 51.39 167.93 114.33 101.44 73.66
2023 04 27 20 14 51.45 167.99 114.28 101.57 73.51
2023 04 27 20 15 51.50 168.04 114.23 101.69 73.35
2023 04 27 20 16 51.55 168.10 114.17 101.82 73.19
2023 04 27 20 17 51.61 168.15 114.12 101.94 73.03
2023 04 27 20 18 51.66 168.21 114.07 102.07 72.87
2023 04 27 20 19 51.71 168.26 114.01 102.19 72.71
2023 04 27 20 20 51.76 168.31 113.96 102.31 72.55
2023 04 27 20 21 51.81 168.36 113.91 102.44 72.38
2023 04 27 20 22 51.86 168.42 113.85 102.56 72.22
2023 04 27 20 23 51.90 168.47 113.80 102.68 72.06
2023 04 27 20 24 51.95 168.52 113.74 102.80 71.89
2023 04 27 20 25 52.00 168.56 113.68 102.92 71.72
2023 04 27 20 26 52.04 168.61 113.63 103.04 71.56
2023 04 27 20 27 52.09 168.66 113.57 103.16 71.39
2023 04 27 20 28 52.13 168.71 113.51 103.28 71.22
2023 04 27 20 29 52.18 168.75 113.45 103.39 71.05
2023 04 27 20 30 52.22 168.80 113.40 103.51 70.88
2023 04 27 20 31 52.26 168.84 113.34 103.63 70.70
2023 04 27 20 32 52.30 168.89 113.28 103.74 70.53
2023 04 27 20 33 52.34 168.93 113.22 103.86 70.36
2023 04 27 20 34 52.38 168.97 113.16 103.97 70.19
2023 04 27 20 35 52.42 169.01 113.10 104.09 70.01
2023 04 27 20 36 52.46 169.05 113.04 104.20 69.84
2023 04 27 20 37 52.50 169.09 112.97 104.31 69.66
2023 04 27 20 38 52.54 169.13 112.91 104.43 69.48
2023 04 27 20 39 52.57 169.17 112.85 104.54 69.31
2023 04 27 20 40 52.61 169.21 112.79 104.65 69.13
2023 04 27 20 41 52.64 169.24 112.72 104.76 68.95
2023 04 27 20 42 52.67 169.28 112.66 104.87 68.77
2023 04 27 20 43 52.71 169.32 112.59 104.98 68.59
2023 04 27 20 44 52.74 169.35 112.53 105.09 68.41
2023 04 27 20 45 52.77 169.38 112.46 105.20 68.23
2023 04 27 20 46 52.80 169.42 112.40 105.30 68.05
2023 04 27 20 47 52.83 169.45 112.33 105.41 67.87
2023 04 27 20 48 52.86 169.48 112.27 105.52 67.69
2023 04 27 20 49 52.89 169.51 112.20 105.62 67.51
2023 04 27 20 50 52.91 169.54 112.13 105.73 67.33
2023 04 27 20 51 52.94 169.57 112.06 105.83 67.14
2023 04 27 20 52 52.96 169.60 111.99 105.94 66.96
2023 04 27 20 53 52.99 169.63 111.92 106.04 66.78
2023 04 27 20 54 53.01 169.65 111.85 106.14 66.60
2023 04 27 20 55 53.04 169.68 111.78 106.25 66.41
2023 04 27 20 56 53.06 169.70 111.71 106.35 66.23
2023 04 27 20 57 53.08 169.73 111.64 106.45 66.05
2023 04 27 20 58 53.10 169.75 111.57 106.55 65.86
2023 04 27 20 59 53.12 169.77 111.50 106.65 65.68
2023 04 27 21 00 53.14 169.80 111.43 106.75 65.49
2023 04 27 21 01 53.16 169.82 111.35 106.85 65.31
2023 04 27 21 02 53.17 169.84 111.28 106.95 65.13
2023 04 27 21 03 53.19 169.86 111.20 107.05 64.94
2023 04 27 21 04 53.21 169.87 111.13 107.14 64.76
2023 04 27 21 05 53.22 169.89 111.05 107.24 64.57
2023 04 27 21 06 53.23 169.91 110.98 107.34 64.39
2023 04 27 21 07 53.25 169.93 110.90 107.43 64.20
2023 04 27 21 08 53.26 169.94 110.83 107.53 64.02
2023 04 27 21 09 53.27 169.96 110.75 107.62 63.84
2023 04 27 21 10 53.28 169.97 110.67 107.72 63.65
2023 04 27 21 11 53.29 169.98 110.59 107.81 63.47
2023 04 27 21 12 53.30 170.00 110.51 107.90 63.29
2023 04 27 21 13 53.31 170.01 110.43 108.00 63.10
2023 04 27 21 14 53.31 170.02 110.35 108.09 62.92
2023 04 27 21 15 53.32 170.03 110.27 108.18 62.74
2023 04 27 21 16 53.33 170.04 110.19 108.27 62.56
2023 04 27 21 17 53.33 170.04 110.11 108.36 62.38
2023 04 27 21 18 53.34 170.05 110.03 108.45 62.19
2023 04 27 21 19 53.34 170.06 109.95 108.54 62.01
2023 04 27 21 20 53.34 170.06 109.86 108.63 61.83
2023 04 27 21 21 53.34 170.07 109.78 108.72 61.65
2023 04 27 21 22 53.34 170.07 109.70 108.81 61.47
2023 04 27 21 23 53.34 170.08 109.61 108.89 61.29
2023 04 27 21 24 53.34 170.08 109.53 108.98 61.11
2023 04 27 21 25 53.34 170.08 109.44 109.07 60.94
2023 04 27 21 26 53.33 170.08 109.35 109.15 60.76
2023 04 27 21 27 53.33 170.08 109.27 109.24 60.58
2023 04 27 21 28 53.33 170.08 109.18 109.32 60.40
2023 04 27 21 29 53.32 170.08 109.09 109.40 60.23
2023 04 27 21 30 53.31 170.08 109.00 109.49 60.05
2023 04 27 21 31 53.31 170.07 108.91 109.57 59.88
2023 04 27 21 32 53.30 170.07 108.82 109.65 59.70
2023 04 27 21 33 53.29 170.06 108.73 109.73 59.53
2023 04 27 21 34 53.28 170.06 108.64 109.82 59.36
2023 04 27 21 35 53.27 170.05 108.55 109.90 59.19
2023 04 27 21 36 53.26 170.04 108.46 109.98 59.02
2023 04 27 21 37 53.25 170.04 108.37 110.06 58.85
2023 04 27 21 38 53.23 170.03 108.28 110.14 58.68
2023 04 27 21 39 53.22 170.02 108.18 110.21 58.51
2023 04 27 21 40 53.20 170.01 108.09 110.29 58.34
2023 04 27 21 41 53.19 169.99 107.99 110.37 58.17
2023 04 27 21 42 53.17 169.98 107.90 110.45 58.01
2023 04 27 21 43 53.15 169.97 107.80 110.52 57.84
2023 04 27 21 44 53.14 169.95 107.71 110.60 57.68
2023 04 27 21 45 53.12 169.94 107.61 110.67 57.52
2023 04 27 21 46 53.10 169.92 107.51 110.75 57.36
2023 04 27 21 47 53.08 169.91 107.42 110.82 57.19
2023 04 27 21 48 53.06 169.89 107.32 110.90 57.03
2023 04 27 21 49 53.03 169.87 107.22 110.97 56.88
2023 04 27 21 50 53.01 169.85 107.12 111.05 56.72
2023 04 27 21 51 52.99 169.84 107.02 111.12 56.56
2023 04 27 21 52 52.96 169.82 106.92 111.19 56.41
2023 04 27 21 53 52.94 169.79 106.82 111.26 56.25
2023 04 27 21 54 52.91 169.77 106.71 111.33 56.10
2023 04 27 21 55 52.88 169.75 106.61 111.40 55.95
2023 04 27 21 56 52.86 169.73 106.51 111.47 55.80
2023 04 27 21 57 52.83 169.70 106.41 111.54 55.65
2023 04 27 21 58 52.80 169.68 106.30 111.61 55.50
2023 04 27 21 59 52.77 169.65 106.20 111.68 55.35
2023 04 27 22 00 52.74 169.62 106.09 111.75 55.21
2023 04 27 22 01 52.70 169.60 105.99 111.82 55.06
2023 04 27 22 02 52.67 169.57 105.88 111.88 54.92
2023 04 27 22 03 52.64 169.54 105.77 111.95 54.78
2023 04 27 22 04 52.60 169.51 105.66 112.02 54.64
2023 04 27 22 05 52.57 169.48 105.56 112.08 54.50
2023 04 27 22 06 52.53 169.45 105.45 112.15 54.36
2023 04 27 22 07 52.49 169.42 105.34 112.21 54.22
2023 04 27 22 08 52.46 169.38 105.23 112.28 54.09
2023 04 27 22 09 52.42 169.35 105.12 112.34 53.96
2023 04 27 22 10 52.38 169.32 105.01 112.40 53.82
2023 04 27 22 11 52.34 169.28 104.90 112.47 53.69
2023 04 27 22 12 52.30 169.24 104.78 112.53 53.56
2023 04 27 22 13 52.26 169.21 104.67 112.59 53.44
2023 04 27 22 14 52.22 169.17 104.56 112.65 53.31
2023 04 27 22 15 52.17 169.13 104.44 112.71 53.19
2023 04 27 22 16 52.13 169.09 104.33 112.78 53.06
2023 04 27 22 17 52.08 169.05 104.21 112.84 52.94
2023 04 27 22 18 52.04 169.01 104.10 112.90 52.82
2023 04 27 22 19 51.99 168.97 103.98 112.95 52.70
2023 04 27 22 20 51.95 168.93 103.86 113.01 52.59
2023 04 27 22 21 51.90 168.89 103.75 113.07 52.47
2023 04 27 22 22 51.85 168.84 103.63 113.13 52.36
2023 04 27 22 23 51.80 168.80 103.51 113.19 52.25
2023 04 27 22 24 51.75 168.75 103.39 113.24 52.14
2023 04 27 22 25 51.70 168.71 103.27 113.30 52.03
2023 04 27 22 26 51.65 168.66 103.15 113.36 51.92
2023 04 27 22 27 51.60 168.62 103.03 113.41 51.81
2023 04 27 22 28 51.55 168.57 102.91 113.47 51.71
2023 04 27 22 29 51.49 168.52 102.79 113.52 51.61
2023 04 27 22 30 51.44 168.47 102.66 113.58 51.51
2023 04 27 22 31 51.39 168.42 102.54 113.63 51.41
2023 04 27 22 32 51.33 168.37 102.42 113.69 0.00
2023 04 27 22 33 51.27 168.32 102.29 113.74 0.00
2023 04 27 22 34 51.22 168.27 102.17 113.79 0.00
2023 04 27 22 35 51.16 168.21 102.04 113.84 0.00
2023 04 27 22 36 51.10 168.16 101.91 113.90 0.00
2023 04 27 22 37 51.04 168.11 101.79 113.95 0.00
2023 04 27 22 38 50.98 168.05 101.66 114.00 0.00
2023 04 27 22 39 50.92 168.00 101.53 114.05 0.00
2023 04 27 22 40 50.86 167.94 101.40 114.10 0.00
2023 04 27 22 41 50.80 167.88 101.27 114.15 0.00
2023 04 27 22 42 50.74 167.83 101.14 114.20 0.00
2023 04 27 22 43 50.68 167.77 101.01 114.25 0.00
2023 04 27 22 44 50.61 167.71 100.88 114.30 0.00
2023 04 27 22 45 50.55 167.65 100.75 114.34 0.00
2023 04 27 22 46 50.48 167.59 100.62 114.39 0.00
2023 04 27 22 47 50.42 167.53 100.49 114.44 0.00
2023 04 27 22 48 50.35 167.47 100.35 114.49 0.00
2023 04 27 22 49 50.28 167.41 100.22 114.53 0.00
2023 04 27 22 50 50.22 167.34 100.08 114.58 0.00
2023 04 27 22 51 50.15 167.28 99.95 114.63 0.00
2023 04 27 22 52 50.08 167.22 99.81 114.67 0.00
2023 04 27 22 53 50.01 167.15 99.68 114.72 0.00
2023 04 27 22 54 49.94 167.09 99.54 114.76 0.00
2023 04 27 22 55 49.87 167.02 99.40 114.80 0.00
2023 04 27 22 56 49.80 166.95 99.26 114.85 0.00
2023 04 27 22 57 49.73 166.89 99.13 114.89 0.00
2023 04 27 22 58 49.65 166.82 98.99 114.93 0.00
2023 04 27 22 59 49.58 166.75 98.85 114.98 0.00
2023 04 27 23 00 49.51 166.68 98.71 115.02 0.00
2023 04 27 23 01 49.43 166.61 98.56 115.06 0.00
2023 04 27 23 02 49.36 166.54 98.42 115.10 0.00
2023 04 27 23 03 49.28 166.47 98.28 115.14 0.00
2023 04 27 23 04 49.21 166.40 98.14 115.19 0.00
2023 04 27 23 05 49.13 166.33 97.99 115.23 0.00
2023 04 27 23 06 49.05 166.26 97.85 115.27 0.00
2023 04 27 23 07 48.98 166.18 97.71 115.31 0.00
2023 04 27 23 08 48.90 166.11 97.56 115.35 0.00
2023 04 27 23 09 48.82 166.04 97.41 115.38 0.00
2023 04 27 23 10 48.74 165.96 97.27 115.42 0.00
2023 04 27 23 11 48.66 165.89 97.12 115.46 0.00
2023 04 27 23 12 48.58 165.81 96.97 115.50 0.00
2023 04 27 23 13 48.50 165.74 96.83 115.54 0.00
2023 04 27 23 14 48.42 165.66 96.68 115.57 0.00
2023 04 27 23 15 48.33 165.58 96.53 115.61 0.00
2023 04 27 23 16 48.25 165.51 96.38 115.65 0.00
2023 04 27 23 17 48.17 165.43 96.23 115.68 0.00
2023 04 27 23 18 48.09 165.35 96.08 115.72 0.00
2023 04 27 23 19 48.00 165.27 95.92 115.76 0.00
2023 04 27 23 20 47.92 165.19 95.77 115.79 0.00
2023 04 27 23 21 47.83 165.11 95.62 115.83 0.00
2023 04 27 23 22 47.74 165.03 95.47 115.86 0.00
2023 04 27 23 23 47.66 164.95 95.31 115.90 0.00
2023 04 27 23 24 47.57 164.87 95.16 115.93 0.00
2023 04 27 23 25 47.48 164.78 95.00 115.96 0.00
2023 04 27 23 26 47.40 164.70 94.85 116.00 0.00
2023 04 27 23 27 47.31 164.62 94.69 116.03 0.00
2023 04 27 23 28 47.22 164.54 94.53 116.06 0.00
2023 04 27 23 29 47.13 164.45 94.38 116.09 0.00
2023 04 27 23 30 47.04 164.37 94.22 116.13 0.00
2023 04 27 23 31 46.95 164.28 94.06 116.16 0.00
2023 04 27 23 32 46.86 164.20 93.90 116.19 0.00
2023 04 27 23 33 46.77 164.11 93.74 116.22 0.00
2023 04 27 23 34 46.68 164.03 93.58 116.25 0.00
2023 04 27 23 35 46.58 163.94 93.42 116.28 0.00
2023 04 27 23 36 46.49 163.85 93.26 116.31 0.00
2023 04 27 23 37 46.40 163.77 93.10 116.34 0.00
2023 04 27 23 38 46.31 163.68 92.94 116.37 0.00
2023 04 27 23 39 46.21 163.59 92.77 116.40 0.00
2023 04 27 23 40 46.12 163.50 92.61 116.43 0.00
2023 04 27 23 41 46.02 163.41 92.45 116.46 0.00
2023 04 27 23 42 45.93 163.33 92.28 116.49 0.00
2023 04 27 23 43 45.83 163.24 92.12 116.51 0.00
2023 04 27 23 44 45.74 163.15 91.95 116.54 0.00
2023 04 27 23 45 45.64 163.06 91.78 116.57 0.00
2023 04 27 23 46 45.54 162.97 91.62 116.60 0.00
2023 04 27 23 47 45.45 162.88 91.45 116.62 0.00
2023 04 27 23 48 45.35 162.78 91.28 116.65 0.00
2023 04 27 23 49 45.25 162.69 91.11 116.67 0.00
2023 04 27 23 50 45.15 162.60 90.95 116.70 0.00
2023 04 27 23 51 45.05 162.51 90.78 116.73 0.00
2023 04 27 23 52 44.95 162.42 90.61 116.75 0.00
2023 04 27 23 53 44.85 162.33 90.44 116.78 0.00
2023 04 27 23 54 44.75 162.23 90.26 116.80 0.00
2023 04 27 23 55 44.65 162.14 90.09 116.83 0.00
2023 04 27 23 56 44.55 162.05 89.92 116.85 0.00
2023 04 27 23 57 44.45 161.95 89.75 116.87 0.00
2023 04 27 23 58 44.35 161.86 89.57 116.90 0.00
2023 04 27 23 59 44.25 161.76 89.40 116.92 0.00
2023 04 28 00 00 44.14 161.67 89.23 116.94 0.00
2023 04 28 00 01 44.04 161.58 89.05 116.97 0.00
2023 04 28 00 02 43.94 161.48 88.88 116.99 0.00
2023 04 28 00 03 43.84 161.39 88.70 117.01 0.00
2023 04 28 00 04 43.73 161.29 88.52 117.03 0.00
2023 04 28 00 05 43.63 161.19 88.35 117.06 0.00
2023 04 28 00 06 43.52 161.10 88.17 117.08 0.00
2023 04 28 00 07 43.42 161.00 87.99 117.10 0.00
2023 04 28 00 08 43.31 160.91 87.81 117.12 0.00
2023 04 28 00 09 43.21 160.81 87.64 117.14 0.00
2023 04 28 00 10 43.10 160.71 87.46 117.16 0.00
2023 04 28 00 11 43.00 160.62 87.28 117.18 0.00
2023 04 28 00 12 42.89 160.52 87.10 117.20 0.00
2023 04 28 00 13 42.78 160.42 86.92 117.22 0.00
2023 04 28 00 14 42.67 160.33 86.73 117.24 0.00
2023 04 28 00 15 42.57 160.23 86.55 117.26 0.00
2023 04 28 00 16 42.46 160.13 86.37 117.28 0.00
2023 04 28 00 17 42.35 160.04 86.19 117.30 0.00
2023 04 28 00 18 42.24 159.94 86.00 117.32 0.00
2023 04 28 00 19 42.13 159.84 85.82 117.34 0.00
2023 04 28 00 20 42.03 159.74 85.64 117.35 0.00
2023 04 28 00 21 41.92 159.64 85.45 117.37 0.00
2023 04 28 00 22 41.81 159.55 85.27 117.39 0.00
2023 04 28 00 23 41.70 159.45 85.08 117.41 0.00
2023 04 28 00 24 41.59 159.35 84.90 117.42 0.00
2023 04 28 00 25 41.48 159.25 84.71 117.44 0.00
2023 04 28 00 26 41.37 159.15 84.52 117.46 0.00
2023 04 28 00 27 41.25 159.06 84.33 117.47 0.00
2023 04 28 00 28 41.14 158.96 84.15 117.49 0.00
2023 04 28 00 29 41.03 158.86 83.96 117.51 0.00
2023 04 28 00 30 40.92 158.76 83.77 117.52 0.00
2023 04 28 00 31 40.81 158.66 83.58 117.54 0.00
2023 04 28 00 32 40.70 158.56 83.39 117.55 0.00
2023 04 28 00 33 40.58 158.47 83.20 117.57 0.00
2023 04 28 00 34 40.47 158.37 83.01 117.58 0.00
2023 04 28 00 35 40.36 158.27 82.82 117.60 0.00
2023 04 28 00 36 40.24 158.17 82.63 117.61 0.00
2023 04 28 00 37 40.13 158.07 82.44 117.63 0.00
2023 04 28 00 38 40.02 157.97 82.24 117.64 0.00
2023 04 28 00 39 39.90 157.88 82.05 117.66 0.00
2023 04 28 00 40 39.79 157.78 81.86 117.67 0.00
2023 04 28 00 41 39.67 157.68 81.66 117.68 0.00
2023 04 28 00 42 39.56 157.58 81.47 117.70 0.00
2023 04 28 00 43 39.44 157.48 81.28 117.71 0.00
2023 04 28 00 44 39.33 157.39 81.08 117.72 0.00
2023 04 28 00 45 39.21 157.29 80.89 117.73 0.00
2023 04 28 00 46 39.10 157.19 80.69 117.75 0.00
2023 04 28 00 47 38.98 157.09 80.50 117.76 0.00
2023 04 28 00 48 38.87 157.00 80.30 117.77 0.00
2023 04 28 00 49 38.75 156.90 80.10 117.78 0.00
2023 04 28 00 50 38.63 156.80 79.91 117.79 0.00
2023 04 28 00 51 38.52 156.70 79.71 117.81 0.00
2023 04 28 00 52 38.40 156.61 79.51 117.82 0.00
2023 04 28 00 53 38.28 156.51 79.31 117.83 0.00
2023 04 28 00 54 38.16 156.41 79.11 117.84 0.00
2023 04 28 00 55 38.05 156.32 78.92 117.85 0.00
2023 04 28 00 56 37.93 156.22 78.72 117.86 0.00
2023 04 28 00 57 37.81 156.12 78.52 117.87 0.00
2023 04 28 00 58 37.69 156.03 78.32 117.88 0.00
2023 04 28 00 59 37.57 155.93 78.12 117.89 0.00
2023 04 28 01 00 37.46 155.84 77.92 117.90 0.00
2023 04 28 01 01 37.34 155.74 77.72 117.91 0.00
2023 04 28 01 02 37.22 155.65 77.51 117.92 0.00
2023 04 28 01 03 37.10 155.55 77.31 117.93 0.00
2023 04 28 01 04 36.98 155.46 77.11 117.94 0.00
2023 04 28 01 05 36.86 155.36 76.91 117.95 0.00
2023 04 28 01 06 36.74 155.27 76.71 117.95 0.00
2023 04 28 01 07 36.62 155.17 76.50 117.96 0.00
2023 04 28 01 08 36.50 155.08 76.30 117.97 0.00
2023 04 28 01 09 36.38 154.99 76.10 117.98 0.00
2023 04 28 01 10 36.26 154.89 75.89 117.99 0.00
2023 04 28 01 11 36.14 154.80 75.69 117.99 0.00
2023 04 28 01 12 36.02 154.71 75.49 118.00 0.00
2023 04 28 01 13 35.90 154.62 75.28 118.01 0.00
2023 04 28 01 14 35.78 154.53 75.08 118.02 0.00
2023 04 28 01 15 35.66 154.43 74.87 118.02 0.00
2023 04 28 01 16 35.54 154.34 74.67 118.03 0.00
2023 04 28 01 17 35.42 154.25 74.46 118.04 0.00
2023 04 28 01 18 35.30 154.16 74.25 118.04 0.00
2023 04 28 01 19 35.17 154.07 74.05 118.05 0.00
2023 04 28 01 20 35.05 153.98 73.84 118.05 0.00
2023 04 28 01 21 34.93 153.89 73.64 118.06 0.00
2023 04 28 01 22 34.81 153.80 73.43 118.07 0.00
2023 04 28 01 23 34.69 153.71 73.22 118.07 0.00
2023 04 28 01 24 34.56 153.63 73.01 118.08 0.00
2023 04 28 01 25 34.44 153.54 72.81 118.08 0.00
2023 04 28 01 26 34.32 153.45 72.60 118.09 0.00
2023 04 28 01 27 34.20 153.36 72.39 118.09 0.00
2023 04 28 01 28 34.07 153.28 72.18 118.10 0.00
2023 04 28 01 29 33.95 153.19 71.98 118.10 0.00
2023 04 28 01 30 33.83 153.11 71.77 118.10 0.00
2023 04 28 01 31 33.71 153.02 71.56 118.11 0.00
2023 04 28 01 32 33.58 152.94 71.35 118.11 0.00
2023 04 28 01 33 33.46 152.85 71.14 118.12 0.00
2023 04 28 01 34 33.34 152.77 70.93 118.12 0.00
2023 04 28 01 35 33.21 152.68 70.72 118.12 0.00
2023 04 28 01 36 33.09 152.60 70.51 118.13 0.00
2023 04 28 01 37 32.97 152.52 70.30 118.13 0.00
2023 04 28 01 38 32.84 152.44 70.09 118.13 0.00
2023 04 28 01 39 32.72 152.35 69.88 118.14 0.00
2023 04 28 01 40 32.60 152.27 69.68 118.14 0.00
2023 04 28 01 41 32.47 152.19 69.47 118.14 0.00
2023 04 28 01 42 32.35 152.11 69.26 118.14 0.00
2023 04 28 01 43 32.22 152.03 69.04 118.14 0.00
2023 04 28 01 44 32.10 151.95 68.83 118.15 0.00
2023 04 28 01 45 31.98 151.88 68.62 118.15 0.00
2023 04 28 01 46 31.85 151.80 68.41 118.15 0.00
2023 04 28 01 47 31.73 151.72 68.20 118.15 0.00
2023 04 28 01 48 31.60 151.64 67.99 118.15 0.00
2023 04 28 01 49 31.48 151.57 67.78 118.15 0.00
2023 04 28 01 50 31.35 151.49 67.57 118.15 0.00
2023 04 28 01 51 31.23 151.42 67.36 118.16 0.00
2023 04 28 01 52 31.10 151.34 67.15 118.16 0.00
2023 04 28 01 53 30.98 151.27 66.94 118.16 0.00
2023 04 28 01 54 30.86 151.20 66.73 118.16 0.00
2023 04 28 01 55 30.73 151.12 66.52 118.16 0.00
2023 04 28 01 56 30.61 151.05 66.31 118.16 0.00
2023 04 28 01 57 30.48 150.98 66.10 118.16 0.00
2023 04 28 01 58 30.36 150.91 65.89 118.16 0.00
2023 04 28 01 59 30.23 150.84 65.68 118.16 0.00
2023 04 28 02 00 30.11 150.77 65.47 118.16 0.00
2023 04 28 02 01 29.98 150.70 65.25 118.15 0.00
2023 04 28 02 02 29.86 150.63 65.04 118.15 0.00
2023 04 28 02 03 29.73 150.57 64.83 118.15 0.00
2023 04 28 02 04 29.60 150.50 64.62 118.15 0.00
2023 04 28 02 05 29.48 150.43 64.41 118.15 0.00
2023 04 28 02 06 29.35 150.37 64.20 118.15 0.00
2023 04 28 02 07 29.23 150.30 63.99 118.15 0.00
2023 04 28 02 08 29.10 150.24 63.78 118.14 0.00
2023 04 28 02 09 28.98 150.18 63.57 118.14 0.00
2023 04 28 02 10 28.85 150.11 63.36 118.14 0.00
2023 04 28 02 11 28.73 150.05 63.15 118.14 0.00
2023 04 28 02 12 28.60 149.99 62.94 118.13 0.00
2023 04 28 02 13 28.48 149.93 62.73 118.13 0.00
2023 04 28 02 14 28.35 149.87 62.52 118.13 0.00
2023 04 28 02 15 28.23 149.81 62.32 118.12 0.00
2023 04 28 02 16 28.10 149.75 62.11 118.12 0.00
2023 04 28 02 17 27.97 149.69 61.90 118.12 0.00
2023 04 28 02 18 27.85 149.64 61.69 118.11 0.00
2023 04 28 02 19 27.72 149.58 61.48 118.11 0.00
2023 04 28 02 20 27.60 149.53 61.27 118.11 0.00
2023 04 28 02 21 27.47 149.47 61.07 118.10 0.00
2023 04 28 02 22 27.35 149.42 60.86 118.10 0.00
2023 04 28 02 23 27.22 149.36 60.65 118.09 0.00
2023 04 28 02 24 27.09 149.31 60.44 118.09 0.00
2023 04 28 02 25 26.97 149.26 60.24 118.08 0.00
2023 04 28 02 26 26.84 149.21 60.03 118.08 0.00
2023 04 28 02 27 26.72 149.16 59.82 118.07 0.00
2023 04 28 02 28 26.59 149.11 59.62 118.07 0.00
2023 04 28 02 29 26.47 149.06 59.41 118.06 0.00
2023 04 28 02 30 26.34 149.01 59.21 118.06 0.00
2023 04 28 02 31 26.22 148.97 59.00 118.05 0.00
2023 04 28 02 32 26.09 148.92 58.80 118.04 0.00
2023 04 28 02 33 25.96 148.88 58.59 118.04 0.00
2023 04 28 02 34 25.84 148.83 58.39 118.03 0.00
2023 04 28 02 35 25.71 148.79 58.19 118.03 0.00
2023 04 28 02 36 25.59 148.75 57.98 118.02 0.00
2023 04 28 02 37 25.46 148.71 57.78 118.01 0.00
2023 04 28 02 38 25.34 148.66 57.58 118.00 0.00
2023 04 28 02 39 25.21 148.62 57.38 118.00 0.00
2023 04 28 02 40 25.09 148.58 57.18 117.99 0.00
2023 04 28 02 41 24.96 148.55 56.98 117.98 0.00
2023 04 28 02 42 24.84 148.51 56.77 117.97 0.00
2023 04 28 02 43 24.71 148.47 56.58 117.97 0.00
2023 04 28 02 44 24.59 148.44 56.38 117.96 0.00
2023 04 28 02 45 24.46 148.40 56.18 117.95 0.00
2023 04 28 02 46 24.33 148.37 55.98 117.94 0.00
2023 04 28 02 47 24.21 148.33 55.78 117.93 0.00
2023 04 28 02 48 24.08 148.30 55.58 117.92 0.00
2023 04 28 02 49 23.96 148.27 55.39 117.91 0.00
2023 04 28 02 50 23.83 148.24 55.19 117.90 0.00
2023 04 28 02 51 23.71 148.21 55.00 117.89 0.00
2023 04 28 02 52 23.58 148.18 54.80 117.88 0.00
2023 04 28 02 53 23.46 148.15 54.61 117.87 0.00
2023 04 28 02 54 23.34 148.13 54.41 117.86 0.00
2023 04 28 02 55 23.21 148.10 54.22 117.85 0.00
2023 04 28 02 56 23.09 148.08 54.03 117.84 0.00
2023 04 28 02 57 22.96 148.05 53.84 117.83 0.00
2023 04 28 02 58 22.84 148.03 53.65 117.82 0.00
2023 04 28 02 59 22.71 148.00 53.46 117.81 0.00
2023 04 28 03 00 22.59 147.98 53.27 117.80 0.00
2023 04 28 03 01 22.46 147.96 53.08 117.79 0.00
2023 04 28 03 02 22.34 147.94 52.89 117.78 0.00
2023 04 28 03 03 22.21 147.92 52.70 117.76 0.00
2023 04 28 03 04 22.09 147.91 52.52 117.75 0.00
2023 04 28 03 05 21.97 147.89 52.33 117.74 0.00
2023 04 28 03 06 21.84 147.87 52.15 117.73 0.00
2023 04 28 03 07 21.72 147.86 51.97 117.71 0.00
2023 04 28 03 08 21.59 147.84 51.78 117.70 0.00
2023 04 28 03 09 21.47 147.83 51.60 117.69 0.00
2023 04 28 03 10 21.35 147.82 51.42 117.68 0.00
2023 04 28 03 11 21.22 147.81 51.24 117.66 0.00
2023 04 28 03 12 21.10 147.79 51.06 117.65 0.00
2023 04 28 03 13 20.98 147.79 50.88 117.63 0.00
2023 04 28 03 14 20.85 147.78 50.71 117.62 0.00
2023 04 28 03 15 20.73 147.77 50.53 117.61 0.00
2023 04 28 03 16 20.61 147.76 50.35 117.59 0.00
2023 04 28 03 17 20.48 147.76 50.18 117.58 0.00
2023 04 28 03 18 20.36 147.75 50.01 117.56 0.00
2023 04 28 03 19 20.24 147.75 49.83 117.55 0.00
2023 04 28 03 20 20.11 147.74 49.66 117.53 0.00
2023 04 28 03 21 19.99 147.74 49.49 117.51 0.00
2023 04 28 03 22 19.87 147.74 49.32 117.50 0.00
2023 04 28 03 23 19.74 147.74 49.16 117.48 0.00
2023 04 28 03 24 19.62 147.74 48.99 117.47 0.00
2023 04 28 03 25 19.50 147.74 48.83 117.45 0.00
2023 04 28 03 26 19.38 147.74 48.66 117.43 0.00
2023 04 28 03 27 19.26 147.75 48.50 117.42 0.00
2023 04 28 03 28 19.13 147.75 48.34 117.40 0.00
2023 04 28 03 29 19.01 147.76 48.18 117.38 0.00
2023 04 28 03 30 18.89 147.76 48.02 117.36 0.00
2023 04 28 03 31 18.77 147.77 47.86 117.34 0.00
2023 04 28 03 32 18.65 147.78 47.70 117.33 0.00
2023 04 28 03 33 18.52 147.79 47.55 117.31 0.00
2023 04 28 03 34 18.40 147.80 47.39 117.29 0.00
2023 04 28 03 35 18.28 147.81 47.24 117.27 0.00
2023 04 28 03 36 18.16 147.82 47.09 117.25 0.00
2023 04 28 03 37 18.04 147.83 46.94 117.23 0.00
2023 04 28 03 38 17.92 147.84 46.79 117.21 0.00
2023 04 28 03 39 17.80 147.86 46.65 117.19 0.00
2023 04 28 03 40 17.68 147.87 46.50 117.17 0.00
2023 04 28 03 41 17.56 147.89 46.36 117.15 0.00
2023 04 28 03 42 17.44 147.91 46.21 117.13 0.00
2023 04 28 03 43 17.32 147.93 46.07 117.11 0.00
2023 04 28 03 44 17.19 147.94 45.93 117.09 0.00
2023 04 28 03 45 17.07 147.96 45.80 117.07 0.00
2023 04 28 03 46 16.95 147.98 45.66 117.04 0.00
2023 04 28 03 47 16.83 148.01 45.52 117.02 0.00
2023 04 28 03 48 16.72 148.03 45.39 117.00 0.00
2023 04 28 03 49 16.60 148.05 45.26 116.98 0.00
2023 04 28 03 50 16.48 148.08 45.13 116.95 0.00
2023 04 28 03 51 16.36 148.10 45.00 116.93 0.00
2023 04 28 03 52 16.24 148.13 44.88 116.91 0.00
2023 04 28 03 53 16.12 148.16 44.75 116.88 0.00
2023 04 28 03 54 16.00 148.18 44.63 116.86 0.00
2023 04 28 03 55 15.88 148.21 44.51 116.84 0.00
2023 04 28 03 56 15.76 148.24 44.39 116.81 0.00
2023 04 28 03 57 15.64 148.27 44.27 116.79 0.00
2023 04 28 03 58 15.53 148.30 44.16 116.76 0.00
2023 04 28 03 59 15.41 148.34 44.04 116.74 0.00
2023 04 28 04 00 15.29 148.37 43.93 116.71 0.00
2023 04 28 04 01 15.17 148.40 43.82 116.69 0.00
2023 04 28 04 02 15.05 148.44 43.71 116.66 0.00
2023 04 28 04 03 14.94 148.47 43.61 116.63 0.00
2023 04 28 04 04 14.82 148.51 43.50 116.61 0.00
2023 04 28 04 05 14.70 148.55 43.40 116.58 0.00
2023 04 28 04 06 14.59 148.59 43.30 116.55 0.00
2023 04 28 04 07 14.47 148.63 43.20 116.53 0.00
2023 04 28 04 08 14.35 148.67 43.10 116.50 0.00
2023 04 28 04 09 14.24 148.71 43.01 116.47 0.00
2023 04 28 04 10 14.12 148.75 42.92 116.44 0.00
2023 04 28 04 11 14.00 148.79 42.83 116.41 0.00
2023 04 28 04 12 13.89 148.84 42.74 116.38 0.00
2023 04 28 04 13 13.77 148.88 42.65 116.35 0.00
2023 04 28 04 14 13.66 148.93 42.57 116.32 0.00
2023 04 28 04 15 13.54 148.97 42.49 116.29 0.00
2023 04 28 04 16 13.42 149.02 42.41 116.26 0.00
2023 04 28 04 17 13.31 149.07 42.33 116.23 0.00
2023 04 28 04 18 13.19 149.11 42.25 116.20 0.00
2023 04 28 04 19 13.08 149.16 42.18 116.17 0.00
2023 04 28 04 20 12.97 149.21 42.11 116.14 0.00
2023 04 28 04 21 12.85 149.26 42.04 116.11 0.00
2023 04 28 04 22 12.74 149.32 41.97 116.08 0.00
2023 04 28 04 23 12.62 149.37 41.91 116.04 0.00
2023 04 28 04 24 12.51 149.42 41.85 116.01 0.00
2023 04 28 04 25 12.40 149.47 41.79 115.98 0.00
2023 04 28 04 26 12.28 149.53 41.73 115.94 0.00
2023 04 28 04 27 12.17 149.58 41.67 115.91 0.00
2023 04 28 04 28 12.06 149.64 41.62 115.88 0.00
2023 04 28 04 29 11.94 149.70 41.57 115.84 0.00
2023 04 28 04 30 11.83 149.76 41.52 115.81 0.00
2023 04 28 04 31 11.72 149.81 41.48 115.77 0.00
2023 04 28 04 32 11.61 0.00 0.00 0.00 0.00
2023 04 28 04 33 11.49 0.00 0.00 0.00 0.00
2023 04 28 04 34 11.38 0.00 0.00 0.00 0.00
2023 04 28 04 35 11.27 0.00 0.00 0.00 0.00
2023 04 28 04 36 11.16 0.00 0.00 0.00 0.00
2023 04 28 04 37 11.05 0.00 0.00 0.00 0.00
2023 04 28 04 38 10.94 0.00 0.00 0.00 0.00
2023 04 28 04 39 10.83 0.00 0.00 0.00 0.00
2023 04 28 04 40 10.71 0.00 0.00 0.00 0.00
2023 04 28 04 41 10.60 0.00 0.00 0.00 0.00
2023 04 28 04 42 10.49 0.00 0.00 0.00 0.00
2023 04 28 04 43 10.38 0.00 0.00 0.00 0.00
2023 04 28 04 44 10.27 0.00 0.00 0.00 0.00
2023 04 28 04 45 10.17 0.00 0.00 0.00 0.00
2023 04 28 04 46 10.06 0.00 0.00 0.00 0.00
2023 04 28 04 47 9.95 0.00 0.00 0.00 0.00
2023 04 28 04 48 9.84 0.00 0.00 0.00 0.00
2023 04 28 04 49 9.73 0.00 0.00 0.00 0.00
2023 04 28 04 50 9.62 0.00 0.00 0.00 0.00
2023 04 28 04 51 9.51 0.00 0.00 0.00 0.00
2023 04 28 04 52 9.41 0.00 0.00 0.00 0.00
2023 04 28 04 53 9.30 0.00 0.00 0.00 0.00
2023 04 28 04 54 9.19 0.00 0.00 0.00 0.00
2023 04 28 04 55 9.08 0.00 0.00 0.00 0.00
2023 04 28 04 56 8.98 0.00 0.00 0.00 0.00
2023 04 28 04 57 8.87 0.00 0.00 0.00 0.00
2023 04 28 04 58 8.76 0.00 0.00 0.00 0.00
2023 04 28 04 59 8.66 0.00 0.00 0.00 0.00
