# Time, baseline, baseline error
4.504833969547705055e+04 1.132488648648648706e+02 4.275610379793213789e-01
4.504835683479827276e+04 1.116318378378378355e+02 5.103076715564631716e-01
4.504837396454562258e+04 1.097132162162162103e+02 6.003604158555299053e-01
4.504839109433103295e+04 1.074702162162162011e+02 6.970931588887286923e-01
4.504840822406266670e+04 1.048847297297297274e+02 7.976591139635481609e-01
4.504842535375124862e+04 1.019474594594594663e+02 9.004392500058282511e-01
4.504944878160992812e+04 9.677024449877750101e+01 1.169387417789921946e+00
4.504946771684109262e+04 9.250740831295843236e+01 1.290867539459287450e+00
4.504948665216756490e+04 8.783535452322739445e+01 1.405680036763638840e+00
4.504950558741376153e+04 8.279474327628362573e+01 1.506141622459410412e+00
4.504952453019158565e+04 7.743885085574571292e+01 1.585800808783957239e+00
4.504954347248188424e+04 7.184320293398532442e+01 1.644011957312358829e+00
4.504956244150509156e+04 6.610999999999999943e+01 1.662798183638351412e+00
4.504958147977060435e+04 6.037999999999999545e+01 1.632616212347995477e+00
4.504960043725628930e+04 5.488718826405867901e+01 1.529491874733073908e+00
