# ChA: baseline, error baseline, integral, error integral
1.132142877787927375e+02 4.316810530283460845e-01 2.186923896529582745e+00 1.184001594111061317e+00
1.115781845961093950e+02 5.149724357163486532e-01 3.849729202414516216e+00 1.219929947089926747e+00
1.096377973778277095e+02 6.064017640631511608e-01 2.959570284225860437e+00 1.314565681928030916e+00
1.073704778115043865e+02 7.035377484056863917e-01 4.578883844054761454e+00 1.109487568946552649e+00
1.047589795279555318e+02 8.048802011376143817e-01 4.060452123346695252e+00 1.236872265667579018e+00
1.017916884495713248e+02 9.086809187242397279e-01 4.989580468286158421e+00 1.423344695921731962e+00
9.656147255571691801e+01 1.179672017763100378e+00 4.068411916191975841e+00 1.009615383891698137e+00
9.226234041424895338e+01 1.301768482048278663e+00 6.608354486021520202e+00 1.094380092974692520e+00
8.755411625472666515e+01 1.415192598432971627e+00 7.613503363738918672e+00 1.337394909503672125e+00
8.247531372994187393e+01 1.514971433909192200e+00 9.970950777975160051e+00 1.387490941458803473e+00
7.708105324769037736e+01 1.596470921364328666e+00 8.381743746449842547e+00 2.575863923467243133e+00
7.145409124792266198e+01 1.649368627034497825e+00 1.023625059140698568e+01 1.770105812064330264e+00
6.569628131155107553e+01 1.670397592980535917e+00 1.082374575683287965e+01 1.579190672985067767e+00
5.994444822014187224e+01 1.636846014806124794e+00 1.296933250365294832e+01 1.591500569466930193e+00
5.444566260331072272e+01 1.530147001795344686e+00 1.072943940312650746e+01 2.374360031114833181e+00
