22 04 10.06 102.85
22 05 10.27 105.89
22 06 10.48 108.94
22 07 10.69 111.99
22 08 10.90 115.03
22 09 11.11 118.04
22 10 11.32 120.99
22 11 11.53 123.95
22 12 11.74 126.92
22 13 11.95 129.88
22 14 12.16 132.62
22 15 12.37 135.30
22 16 12.59 137.98
22 17 12.80 140.67
22 18 13.01 143.35
22 19 13.22 145.94
22 20 13.43 148.53
22 21 13.64 151.12
22 22 13.86 153.72
22 23 14.07 156.25
22 24 14.28 158.66
22 25 14.49 161.07
22 26 14.71 163.47
22 27 14.92 165.88
22 28 15.13 168.17
22 29 15.34 170.39
22 30 15.56 172.61
22 31 15.77 174.84
22 32 15.98 177.06
22 33 16.20 179.10
22 34 16.41 181.14
22 35 16.62 183.17
22 36 16.84 185.20
22 37 17.05 187.24
22 38 17.26 189.27
22 39 17.48 191.31
22 40 17.69 193.35
22 41 17.91 195.38
22 42 18.12 197.26
22 43 18.34 199.01
22 44 18.55 200.76
22 45 18.76 202.51
22 46 18.98 204.26
22 47 19.19 206.01
22 48 19.41 207.77
22 49 19.62 209.52
22 50 19.84 211.28
22 51 20.05 212.98
22 52 20.27 214.54
22 53 20.49 216.11
22 54 20.70 217.67
22 55 20.92 219.23
22 56 21.13 220.80
22 57 21.35 222.36
22 58 21.56 223.93
22 59 21.78 225.49
23 00 22.00 227.06
23 01 22.21 228.44
23 02 22.43 229.81
23 03 22.64 231.18
23 04 22.86 232.56
23 05 23.08 233.93
23 06 23.29 235.31
23 07 23.51 236.68
23 08 23.73 238.06
23 09 23.94 239.43
23 10 24.16 240.74
23 11 24.38 242.02
23 12 24.60 243.29
23 13 24.81 244.57
23 14 25.03 245.84
23 15 25.25 247.02
23 16 25.47 248.21
23 17 25.68 249.39
23 18 25.90 250.57
23 19 26.12 251.71
23 20 26.34 252.79
23 21 26.55 253.88
23 22 26.77 254.96
23 23 26.99 256.05
23 24 27.21 257.14
23 25 27.43 258.23
23 26 27.64 259.32
23 27 27.86 260.40
23 28 28.08 261.46
23 29 28.30 262.45
23 30 28.52 263.44
23 31 28.74 264.43
23 32 28.96 265.42
23 33 29.17 266.41
23 34 29.39 267.40
23 35 29.61 268.40
23 36 29.83 269.39
23 37 30.05 270.36
23 38 30.27 271.25
23 39 30.49 272.15
23 40 30.71 273.04
23 41 30.93 273.94
23 42 31.15 274.77
23 43 31.37 275.56
23 44 31.59 276.36
23 45 31.81 277.16
23 46 32.03 277.97
23 47 32.25 278.86
23 48 32.47 279.76
23 49 32.69 280.66
23 50 32.91 281.55
23 51 33.13 282.34
23 52 33.35 283.04
23 53 33.57 283.73
23 54 33.79 284.43
23 55 34.01 285.14
23 56 34.23 285.93
23 57 34.45 286.73
23 58 34.67 287.53
23 59 34.89 288.33
00 00 35.11 289.08
00 01 35.33 289.78
00 02 35.55 290.49
00 03 35.77 291.19
00 04 35.99 291.89
00 05 36.21 292.49
00 06 36.43 293.09
00 07 36.66 293.69
00 08 36.88 294.29
00 09 37.10 294.94
00 10 37.32 295.64
00 11 37.54 296.34
00 12 37.76 297.05
00 13 37.98 297.75
00 14 38.20 298.36
00 15 38.43 298.96
00 16 38.65 299.56
00 17 38.87 300.17
00 18 39.09 300.73
00 19 39.31 301.23
00 20 39.53 301.73
00 21 39.76 302.24
00 22 39.98 302.74
00 23 40.20 303.33
00 24 40.42 303.94
00 25 40.64 304.54
00 26 40.87 305.14
00 27 41.09 305.71
00 28 41.31 306.21
00 29 41.53 306.72
00 30 41.75 307.22
00 31 41.98 307.72
00 32 42.20 308.23
00 33 42.42 308.73
00 34 42.64 309.24
00 35 42.87 309.74
00 36 43.09 310.24
00 37 43.31 310.75
00 38 43.53 311.25
00 39 43.76 311.76
00 40 43.98 312.26
00 41 44.20 312.68
00 42 44.43 313.08
00 43 44.65 313.48
00 44 44.87 313.89
00 45 45.09 314.33
00 46 45.32 314.84
00 47 45.54 315.35
00 48 45.76 315.85
00 49 45.99 316.36
00 50 46.21 316.77
00 51 46.43 317.17
00 52 46.66 317.58
00 53 46.88 317.98
00 54 47.10 318.39
00 55 47.33 318.79
00 56 47.55 319.20
00 57 47.77 319.60
00 58 48.00 320.01
00 59 48.22 320.41
01 00 48.44 320.82
01 01 48.67 321.22
01 02 48.89 321.63
01 03 49.11 321.98
01 04 49.34 322.29
01 05 49.56 322.59
01 06 49.79 322.89
01 07 50.01 323.20
01 08 50.23 323.61
01 09 50.46 324.01
01 10 50.68 324.42
01 11 50.90 324.83
01 12 51.13 325.17
01 13 51.35 325.48
01 14 51.58 325.78
01 15 51.80 326.09
01 16 52.02 326.39
01 17 52.25 326.70
01 18 52.47 327.00
01 19 52.70 327.31
01 20 52.92 327.61
01 21 53.14 327.92
01 22 53.37 328.22
01 23 53.59 328.53
01 24 53.82 328.83
01 25 54.04 329.14
01 26 54.27 329.44
01 27 54.49 329.75
01 28 54.71 330.05
01 29 54.94 330.36
01 30 55.16 330.66
01 31 55.39 330.97
01 32 55.61 331.27
01 33 55.84 331.58
01 34 56.06 331.85
01 35 56.29 332.06
01 36 56.51 332.26
01 37 56.73 332.46
01 38 56.96 332.67
01 39 57.18 332.96
01 40 57.41 333.26
01 41 57.63 333.57
01 42 57.86 333.87
01 43 58.08 334.14
01 44 58.31 334.34
01 45 58.53 334.55
01 46 58.76 334.75
01 47 58.98 334.95
01 48 59.21 335.25
01 49 59.43 335.56
01 50 59.66 335.86
01 51 59.88 336.17
01 52 60.10 336.43
01 53 60.33 336.63
01 54 60.55 336.83
01 55 60.78 337.04
01 56 61.00 337.24
01 57 61.23 337.45
01 58 61.45 337.65
01 59 61.68 337.85
02 00 61.90 338.06
02 01 62.13 338.26
02 02 62.35 338.46
02 03 62.58 338.67
02 04 62.80 338.87
02 05 63.03 339.08
02 06 63.25 339.28
02 07 63.48 339.48
02 08 63.70 339.69
02 09 63.93 339.89
02 10 64.15 340.03
02 11 64.38 340.13
02 12 64.60 340.23
02 13 64.83 340.33
02 14 65.05 340.46
02 15 65.28 340.66
02 16 65.50 340.86
02 17 65.73 341.07
02 18 65.95 341.27
02 19 66.18 341.48
02 20 66.40 341.68
02 21 66.62 341.88
02 22 66.85 342.09
02 23 67.07 342.26
02 24 67.30 342.36
02 25 67.52 342.46
02 26 67.75 342.56
02 27 67.97 342.67
02 28 68.20 342.86
02 29 68.42 343.06
02 30 68.65 343.26
02 31 68.87 343.47
02 32 69.10 343.63
02 33 69.32 343.73
02 34 69.54 343.83
02 35 69.77 343.93
02 36 69.99 344.03
02 37 70.22 344.14
02 38 70.44 344.24
02 39 70.67 344.34
02 40 70.89 344.44
02 41 71.11 344.59
02 42 71.34 344.80
02 43 71.56 345.00
02 44 71.79 345.20
02 45 72.01 345.40
02 46 72.23 345.50
02 47 72.46 345.60
02 48 72.68 345.71
02 49 72.91 345.81
02 50 73.13 345.91
02 51 73.35 346.01
02 52 73.58 346.11
02 53 73.80 346.21
02 54 74.02 346.31
02 55 74.25 346.42
02 56 74.47 346.52
02 57 74.69 346.62
02 58 74.91 346.72
02 59 75.14 346.82
03 00 75.36 346.92
03 01 75.58 347.02
03 02 75.80 347.12
03 03 76.03 347.22
03 04 76.25 347.32
03 05 76.47 347.42
03 06 76.69 347.52
03 07 76.91 347.62
03 08 77.14 347.66
03 09 77.36 347.66
03 10 77.58 347.66
03 11 77.80 347.66
03 12 78.02 347.67
03 13 78.24 347.77
03 14 78.46 347.87
03 15 78.68 347.97
03 16 78.90 348.07
03 17 79.12 348.17
03 18 79.33 348.27
03 19 79.55 348.37
03 20 79.77 348.47
03 21 79.99 348.56
03 22 80.21 348.57
03 23 80.42 348.57
03 24 80.64 348.57
03 25 80.85 348.57
03 26 81.07 348.60
03 27 81.28 348.70
03 28 81.50 348.79
03 29 81.71 348.89
03 30 81.92 348.99
03 31 82.13 349.02
03 32 82.34 349.02
03 33 82.55 349.02
03 34 82.76 349.02
03 35 82.97 349.02
03 36 83.17 349.10
03 37 83.38 349.19
03 38 83.58 349.29
03 39 83.78 349.38
03 40 83.98 349.47
03 41 84.18 349.48
03 42 84.37 349.48
03 43 84.56 349.48
03 44 84.75 349.48
03 45 84.94 349.48
03 46 85.12 349.48
03 47 85.30 349.48
03 48 85.47 349.48
03 49 85.64 349.48
03 50 85.81 349.48
03 51 85.96 349.48
03 52 86.11 349.53
03 53 86.26 349.59
03 54 86.39 349.65
03 55 86.52 349.71
03 56 86.63 349.76
03 57 86.73 349.81
03 58 86.82 349.85
03 59 86.90 349.88
04 00 86.95 349.91
04 01 87.00 349.93
04 02 87.02 349.93
04 03 87.03 349.93
04 04 87.03 349.93
04 05 87.00 349.93
04 06 86.96 349.91
04 07 86.90 349.88
04 08 86.82 349.85
04 09 86.74 349.81
04 10 86.64 349.76
04 11 86.52 349.71
04 12 86.40 349.66
04 13 86.26 349.60
04 14 86.12 349.53
04 15 85.97 349.48
04 16 85.81 349.48
04 17 85.65 349.48
04 18 85.48 349.48
04 19 85.31 349.48
04 20 85.13 349.48
04 21 84.95 349.48
04 22 84.76 349.48
04 23 84.57 349.48
04 24 84.38 349.48
04 25 84.18 349.48
04 26 83.99 349.47
04 27 83.79 349.38
04 28 83.59 349.29
