2022 04 17 17 00 -38.96 0.00 0.00
2022 04 17 17 01 -38.90 0.00 0.00
2022 04 17 17 02 -38.84 0.00 0.00
2022 04 17 17 03 -38.78 0.00 0.00
2022 04 17 17 04 -38.72 0.00 0.00
2022 04 17 17 05 -38.65 0.00 0.00
2022 04 17 17 06 -38.59 0.00 0.00
2022 04 17 17 07 -38.52 0.00 0.00
2022 04 17 17 08 -38.46 0.00 0.00
2022 04 17 17 09 -38.39 0.00 0.00
2022 04 17 17 10 -38.32 0.00 0.00
2022 04 17 17 11 -38.25 0.00 0.00
2022 04 17 17 12 -38.18 0.00 0.00
2022 04 17 17 13 -38.11 0.00 0.00
2022 04 17 17 14 -38.03 0.00 0.00
2022 04 17 17 15 -37.96 0.00 0.00
2022 04 17 17 16 -37.88 0.00 0.00
2022 04 17 17 17 -37.81 0.00 0.00
2022 04 17 17 18 -37.73 0.00 0.00
2022 04 17 17 19 -37.65 0.00 0.00
2022 04 17 17 20 -37.57 0.00 0.00
2022 04 17 17 21 -37.49 0.00 0.00
2022 04 17 17 22 -37.41 0.00 0.00
2022 04 17 17 23 -37.33 0.00 0.00
2022 04 17 17 24 -37.25 0.00 0.00
2022 04 17 17 25 -37.16 0.00 0.00
2022 04 17 17 26 -37.08 0.00 0.00
2022 04 17 17 27 -36.99 0.00 0.00
2022 04 17 17 28 -36.90 0.00 0.00
2022 04 17 17 29 -36.81 0.00 0.00
2022 04 17 17 30 -36.73 0.00 0.00
2022 04 17 17 31 -36.64 0.00 0.00
2022 04 17 17 32 -36.54 0.00 0.00
2022 04 17 17 33 -36.45 0.00 0.00
2022 04 17 17 34 -36.36 0.00 0.00
2022 04 17 17 35 -36.27 0.00 0.00
2022 04 17 17 36 -36.17 0.00 0.00
2022 04 17 17 37 -36.08 0.00 0.00
2022 04 17 17 38 -35.98 0.00 0.00
2022 04 17 17 39 -35.88 0.00 0.00
2022 04 17 17 40 -35.78 0.00 0.00
2022 04 17 17 41 -35.68 0.00 0.00
2022 04 17 17 42 -35.58 0.00 0.00
2022 04 17 17 43 -35.48 0.00 0.00
2022 04 17 17 44 -35.38 0.00 0.00
2022 04 17 17 45 -35.28 0.00 0.00
2022 04 17 17 46 -35.17 0.00 0.00
2022 04 17 17 47 -35.07 0.00 0.00
2022 04 17 17 48 -34.96 0.00 0.00
2022 04 17 17 49 -34.86 0.00 0.00
2022 04 17 17 50 -34.75 0.00 0.00
2022 04 17 17 51 -34.64 0.00 0.00
2022 04 17 17 52 -34.53 0.00 0.00
2022 04 17 17 53 -34.42 0.00 0.00
2022 04 17 17 54 -34.31 0.00 0.00
2022 04 17 17 55 -34.20 0.00 0.00
2022 04 17 17 56 -34.09 0.00 0.00
2022 04 17 17 57 -33.98 0.00 0.00
2022 04 17 17 58 -33.86 0.00 0.00
2022 04 17 17 59 -33.75 0.00 0.00
2022 04 17 18 00 -33.63 0.00 0.00
2022 04 17 18 01 -33.52 0.00 0.00
2022 04 17 18 02 -33.40 0.00 0.00
2022 04 17 18 03 -33.28 0.00 0.00
2022 04 17 18 04 -33.16 0.00 0.00
2022 04 17 18 05 -33.04 0.00 0.00
2022 04 17 18 06 -32.92 0.00 0.00
2022 04 17 18 07 -32.80 0.00 0.00
2022 04 17 18 08 -32.68 0.00 0.00
2022 04 17 18 09 -32.56 0.00 0.00
2022 04 17 18 10 -32.43 0.00 0.00
2022 04 17 18 11 -32.31 0.00 0.00
2022 04 17 18 12 -32.19 0.00 0.00
2022 04 17 18 13 -32.06 0.00 0.00
2022 04 17 18 14 -31.93 0.00 0.00
2022 04 17 18 15 -31.81 0.00 0.00
2022 04 17 18 16 -31.68 0.00 0.00
2022 04 17 18 17 -31.55 0.00 0.00
2022 04 17 18 18 -31.42 0.00 0.00
2022 04 17 18 19 -31.29 0.00 0.00
2022 04 17 18 20 -31.16 0.00 0.00
2022 04 17 18 21 -31.03 0.00 0.00
2022 04 17 18 22 -30.90 0.00 0.00
2022 04 17 18 23 -30.77 0.00 0.00
2022 04 17 18 24 -30.63 0.00 0.00
2022 04 17 18 25 -30.50 0.00 0.00
2022 04 17 18 26 -30.36 0.00 0.00
2022 04 17 18 27 -30.23 0.00 0.00
2022 04 17 18 28 -30.09 0.00 0.00
2022 04 17 18 29 -29.95 0.00 0.00
2022 04 17 18 30 -29.82 0.00 0.00
2022 04 17 18 31 -29.68 0.00 0.00
2022 04 17 18 32 -29.54 0.00 0.00
2022 04 17 18 33 -29.40 0.00 0.00
2022 04 17 18 34 -29.26 0.00 0.00
2022 04 17 18 35 -29.12 0.00 0.00
2022 04 17 18 36 -28.98 0.00 0.00
2022 04 17 18 37 -28.84 0.00 0.00
2022 04 17 18 38 -28.69 0.00 0.00
2022 04 17 18 39 -28.55 0.00 0.00
2022 04 17 18 40 -28.41 0.00 0.00
2022 04 17 18 41 -28.26 0.00 0.00
2022 04 17 18 42 -28.12 0.00 0.00
2022 04 17 18 43 -27.97 0.00 0.00
2022 04 17 18 44 -27.83 0.00 0.00
2022 04 17 18 45 -27.68 0.00 0.00
2022 04 17 18 46 -27.53 0.00 0.00
2022 04 17 18 47 -27.38 0.00 0.00
2022 04 17 18 48 -27.23 0.00 0.00
2022 04 17 18 49 -27.08 0.00 0.00
2022 04 17 18 50 -26.93 0.00 0.00
2022 04 17 18 51 -26.78 0.00 0.00
2022 04 17 18 52 -26.63 0.00 0.00
2022 04 17 18 53 -26.48 0.00 0.00
2022 04 17 18 54 -26.33 0.00 0.00
2022 04 17 18 55 -26.18 0.00 0.00
2022 04 17 18 56 -26.02 0.00 0.00
2022 04 17 18 57 -25.87 0.00 0.00
2022 04 17 18 58 -25.72 0.00 0.00
2022 04 17 18 59 -25.56 0.00 0.00
2022 04 17 19 00 -25.41 0.00 0.00
2022 04 17 19 01 -25.25 0.00 0.00
2022 04 17 19 02 -25.09 0.00 0.00
2022 04 17 19 03 -24.94 0.00 0.00
2022 04 17 19 04 -24.78 0.00 0.00
2022 04 17 19 05 -24.62 0.00 0.00
2022 04 17 19 06 -24.46 0.00 0.00
2022 04 17 19 07 -24.30 0.00 0.00
2022 04 17 19 08 -24.14 0.00 0.00
2022 04 17 19 09 -23.98 0.00 0.00
2022 04 17 19 10 -23.82 0.00 0.00
2022 04 17 19 11 -23.66 0.00 0.00
2022 04 17 19 12 -23.50 0.00 0.00
2022 04 17 19 13 -23.34 0.00 0.00
2022 04 17 19 14 -23.18 0.00 0.00
2022 04 17 19 15 -23.01 0.00 0.00
2022 04 17 19 16 -22.85 0.00 0.00
2022 04 17 19 17 -22.69 0.00 0.00
2022 04 17 19 18 -22.52 0.00 0.00
2022 04 17 19 19 -22.36 0.00 0.00
2022 04 17 19 20 -22.19 0.00 0.00
2022 04 17 19 21 -22.03 0.00 0.00
2022 04 17 19 22 -21.86 0.00 0.00
2022 04 17 19 23 -21.69 0.00 0.00
2022 04 17 19 24 -21.53 0.00 0.00
2022 04 17 19 25 -21.36 0.00 0.00
2022 04 17 19 26 -21.19 0.00 0.00
2022 04 17 19 27 -21.02 0.00 0.00
2022 04 17 19 28 -20.85 0.00 0.00
2022 04 17 19 29 -20.68 0.00 0.00
2022 04 17 19 30 -20.51 0.00 0.00
2022 04 17 19 31 -20.34 0.00 0.00
2022 04 17 19 32 -20.17 0.00 0.00
2022 04 17 19 33 -20.00 0.00 0.00
2022 04 17 19 34 -19.83 0.00 0.00
2022 04 17 19 35 -19.66 0.00 0.00
2022 04 17 19 36 -19.49 0.00 0.00
2022 04 17 19 37 -19.31 0.00 0.00
2022 04 17 19 38 -19.14 0.00 0.00
2022 04 17 19 39 -18.97 0.00 0.00
2022 04 17 19 40 -18.79 0.00 0.00
2022 04 17 19 41 -18.62 0.00 0.00
2022 04 17 19 42 -18.45 0.00 0.00
2022 04 17 19 43 -18.27 0.00 0.00
2022 04 17 19 44 -18.09 0.00 0.00
2022 04 17 19 45 -17.92 0.00 0.00
2022 04 17 19 46 -17.74 0.00 0.00
2022 04 17 19 47 -17.57 0.00 0.00
2022 04 17 19 48 -17.39 0.00 0.00
2022 04 17 19 49 -17.21 0.00 0.00
2022 04 17 19 50 -17.03 0.00 0.00
2022 04 17 19 51 -16.86 0.00 0.00
2022 04 17 19 52 -16.68 0.00 0.00
2022 04 17 19 53 -16.50 0.00 0.00
2022 04 17 19 54 -16.32 0.00 0.00
2022 04 17 19 55 -16.14 0.00 0.00
2022 04 17 19 56 -15.96 0.00 0.00
2022 04 17 19 57 -15.78 0.00 0.00
2022 04 17 19 58 -15.60 0.00 0.00
2022 04 17 19 59 -15.42 0.00 0.00
2022 04 17 20 00 -15.24 0.00 0.00
2022 04 17 20 01 -15.06 0.00 0.00
2022 04 17 20 02 -14.87 0.00 0.00
2022 04 17 20 03 -14.69 0.00 0.00
2022 04 17 20 04 -14.51 0.00 0.00
2022 04 17 20 05 -14.33 0.00 0.00
2022 04 17 20 06 -14.14 0.00 0.00
2022 04 17 20 07 -13.96 0.00 0.00
2022 04 17 20 08 -13.78 0.00 0.00
2022 04 17 20 09 -13.59 0.00 0.00
2022 04 17 20 10 -13.41 0.00 0.00
2022 04 17 20 11 -13.22 0.00 0.00
2022 04 17 20 12 -13.04 0.00 0.00
2022 04 17 20 13 -12.85 0.00 0.00
2022 04 17 20 14 -12.67 0.00 0.00
2022 04 17 20 15 -12.48 0.00 0.00
2022 04 17 20 16 -12.29 0.00 0.00
2022 04 17 20 17 -12.11 0.00 0.00
2022 04 17 20 18 -11.92 0.00 0.00
2022 04 17 20 19 -11.73 0.00 0.00
2022 04 17 20 20 -11.54 0.00 0.00
2022 04 17 20 21 -11.36 0.00 0.00
2022 04 17 20 22 -11.17 0.00 0.00
2022 04 17 20 23 -10.98 0.00 0.00
2022 04 17 20 24 -10.79 0.00 0.00
2022 04 17 20 25 -10.60 0.00 0.00
2022 04 17 20 26 -10.41 0.00 0.00
2022 04 17 20 27 -10.22 0.00 0.00
2022 04 17 20 28 -10.03 0.00 0.00
2022 04 17 20 29 -9.84 0.00 0.00
2022 04 17 20 30 -9.65 0.00 0.00
2022 04 17 20 31 -9.46 0.00 0.00
2022 04 17 20 32 -9.27 0.00 0.00
2022 04 17 20 33 -9.08 0.00 0.00
2022 04 17 20 34 -8.89 0.00 0.00
2022 04 17 20 35 -8.70 0.00 0.00
2022 04 17 20 36 -8.50 0.00 0.00
2022 04 17 20 37 -8.31 0.00 0.00
2022 04 17 20 38 -8.12 0.00 0.00
2022 04 17 20 39 -7.93 0.00 0.00
2022 04 17 20 40 -7.73 0.00 0.00
2022 04 17 20 41 -7.54 0.00 0.00
2022 04 17 20 42 -7.35 0.00 0.00
2022 04 17 20 43 -7.15 0.00 0.00
2022 04 17 20 44 -6.96 0.00 0.00
2022 04 17 20 45 -6.76 0.00 0.00
2022 04 17 20 46 -6.57 0.00 0.00
2022 04 17 20 47 -6.37 0.00 0.00
2022 04 17 20 48 -6.18 0.00 0.00
2022 04 17 20 49 -5.98 0.00 0.00
2022 04 17 20 50 -5.79 0.00 0.00
2022 04 17 20 51 -5.59 0.00 0.00
2022 04 17 20 52 -5.40 0.00 0.00
2022 04 17 20 53 -5.20 0.00 0.00
2022 04 17 20 54 -5.00 0.00 0.00
2022 04 17 20 55 -4.81 0.00 0.00
2022 04 17 20 56 -4.61 0.00 0.00
2022 04 17 20 57 -4.41 0.00 0.00
2022 04 17 20 58 -4.22 0.00 0.00
2022 04 17 20 59 -4.02 0.00 0.00
2022 04 17 21 00 -3.82 0.00 0.00
2022 04 17 21 01 -3.62 0.00 0.00
2022 04 17 21 02 -3.42 0.00 0.00
2022 04 17 21 03 -3.23 0.00 0.00
2022 04 17 21 04 -3.03 0.00 0.00
2022 04 17 21 05 -2.83 0.00 0.00
2022 04 17 21 06 -2.63 0.00 0.00
2022 04 17 21 07 -2.43 0.00 0.00
2022 04 17 21 08 -2.23 0.00 0.00
2022 04 17 21 09 -2.03 0.00 0.00
2022 04 17 21 10 -1.83 0.00 0.00
2022 04 17 21 11 -1.63 0.00 0.00
2022 04 17 21 12 -1.43 0.00 0.00
2022 04 17 21 13 -1.23 0.00 0.00
2022 04 17 21 14 -1.03 0.00 0.00
2022 04 17 21 15 -0.83 0.00 0.00
2022 04 17 21 16 -0.63 0.00 0.00
2022 04 17 21 17 -0.43 0.00 0.00
2022 04 17 21 18 -0.22 0.00 0.00
2022 04 17 21 19 -0.02 0.00 0.00
2022 04 17 21 20 0.18 0.00 0.00
2022 04 17 21 21 0.38 0.00 0.00
2022 04 17 21 22 0.58 0.00 0.00
2022 04 17 21 23 0.79 0.00 0.00
2022 04 17 21 24 0.99 0.00 0.00
2022 04 17 21 25 1.19 0.00 0.00
2022 04 17 21 26 1.40 0.00 0.00
2022 04 17 21 27 1.60 0.00 0.00
2022 04 17 21 28 1.80 0.00 0.00
2022 04 17 21 29 2.01 0.00 0.00
2022 04 17 21 30 2.21 0.00 0.00
2022 04 17 21 31 2.41 0.00 0.00
2022 04 17 21 32 2.62 0.00 0.00
2022 04 17 21 33 2.82 0.00 0.00
2022 04 17 21 34 3.03 0.00 0.00
2022 04 17 21 35 3.23 0.00 0.00
2022 04 17 21 36 3.44 0.00 0.00
2022 04 17 21 37 3.64 0.00 0.00
2022 04 17 21 38 3.85 0.00 0.00
2022 04 17 21 39 4.05 0.00 0.00
2022 04 17 21 40 4.26 0.00 0.00
2022 04 17 21 41 4.46 0.00 0.00
2022 04 17 21 42 4.67 0.00 0.00
2022 04 17 21 43 4.87 0.00 0.00
2022 04 17 21 44 5.08 0.00 0.00
2022 04 17 21 45 5.29 0.00 0.00
2022 04 17 21 46 5.49 0.00 0.00
2022 04 17 21 47 5.70 0.00 0.00
2022 04 17 21 48 5.91 0.00 0.00
2022 04 17 21 49 6.11 0.00 0.00
2022 04 17 21 50 6.32 0.00 0.00
2022 04 17 21 51 6.53 0.00 0.00
2022 04 17 21 52 6.74 0.00 0.00
2022 04 17 21 53 6.94 0.00 0.00
2022 04 17 21 54 7.15 0.00 0.00
2022 04 17 21 55 7.36 0.00 0.00
2022 04 17 21 56 7.57 0.00 0.00
2022 04 17 21 57 7.77 0.00 0.00
2022 04 17 21 58 7.98 0.00 0.00
2022 04 17 21 59 8.19 0.00 0.00
2022 04 17 22 00 8.40 0.00 0.00
2022 04 17 22 01 8.61 0.00 0.00
2022 04 17 22 02 8.82 0.00 0.00
2022 04 17 22 03 9.03 0.00 0.00
2022 04 17 22 04 9.24 0.00 0.00
2022 04 17 22 05 9.45 0.00 0.00
2022 04 17 22 06 9.65 0.00 0.00
2022 04 17 22 07 9.86 0.00 0.00
2022 04 17 22 08 10.07 46.95 55.66
2022 04 17 22 09 10.28 47.26 55.73
2022 04 17 22 10 10.49 47.57 55.81
2022 04 17 22 11 10.70 47.88 55.89
2022 04 17 22 12 10.91 48.20 55.97
2022 04 17 22 13 11.12 48.51 56.05
2022 04 17 22 14 11.34 48.82 56.13
2022 04 17 22 15 11.55 49.14 56.21
2022 04 17 22 16 11.76 49.45 56.29
2022 04 17 22 17 11.97 49.77 56.37
2022 04 17 22 18 12.18 50.09 56.46
2022 04 17 22 19 12.39 50.41 56.54
2022 04 17 22 20 12.60 50.73 56.63
2022 04 17 22 21 12.81 51.04 56.71
2022 04 17 22 22 13.02 51.36 56.80
2022 04 17 22 23 13.24 51.68 56.89
2022 04 17 22 24 13.45 52.00 56.98
2022 04 17 22 25 13.66 52.33 57.08
2022 04 17 22 26 13.87 52.65 57.17
2022 04 17 22 27 14.08 52.97 57.26
2022 04 17 22 28 14.30 53.29 57.36
2022 04 17 22 29 14.51 53.62 57.46
2022 04 17 22 30 14.72 53.94 57.56
2022 04 17 22 31 14.93 54.26 57.66
2022 04 17 22 32 15.15 54.59 57.76
2022 04 17 22 33 15.36 54.91 57.87
2022 04 17 22 34 15.57 55.24 57.97
2022 04 17 22 35 15.79 55.56 58.08
2022 04 17 22 36 16.00 55.89 58.19
2022 04 17 22 37 16.21 56.21 58.31
2022 04 17 22 38 16.43 56.54 58.42
2022 04 17 22 39 16.64 56.86 58.54
2022 04 17 22 40 16.85 57.19 58.66
2022 04 17 22 41 17.07 57.51 58.78
2022 04 17 22 42 17.28 57.84 58.90
2022 04 17 22 43 17.49 58.17 59.03
2022 04 17 22 44 17.71 58.49 59.16
2022 04 17 22 45 17.92 58.82 59.29
2022 04 17 22 46 18.14 59.15 59.43
2022 04 17 22 47 18.35 59.47 59.57
2022 04 17 22 48 18.57 59.80 59.71
2022 04 17 22 49 18.78 60.12 59.86
2022 04 17 22 50 18.99 60.45 60.01
2022 04 17 22 51 19.21 60.78 60.16
2022 04 17 22 52 19.42 61.10 60.32
2022 04 17 22 53 19.64 61.43 60.48
2022 04 17 22 54 19.85 61.75 60.64
2022 04 17 22 55 20.07 62.08 60.81
2022 04 17 22 56 20.29 62.40 60.98
2022 04 17 22 57 20.50 62.73 61.16
2022 04 17 22 58 20.72 63.05 61.34
2022 04 17 22 59 20.93 63.38 61.53
2022 04 17 23 00 21.15 63.70 61.73
2022 04 17 23 01 21.36 64.03 61.92
2022 04 17 23 02 21.58 64.35 62.13
2022 04 17 23 03 21.80 64.68 62.34
2022 04 17 23 04 22.01 65.00 62.56
2022 04 17 23 05 22.23 65.32 62.78
2022 04 17 23 06 22.44 65.65 63.01
2022 04 17 23 07 22.66 65.97 63.25
2022 04 17 23 08 22.88 66.29 63.50
2022 04 17 23 09 23.09 66.61 63.75
2022 04 17 23 10 23.31 66.93 64.01
2022 04 17 23 11 23.53 67.25 64.28
2022 04 17 23 12 23.74 67.58 64.56
2022 04 17 23 13 23.96 67.90 64.85
2022 04 17 23 14 24.18 68.22 65.14
2022 04 17 23 15 24.39 68.54 65.45
2022 04 17 23 16 24.61 68.85 65.77
2022 04 17 23 17 24.83 69.17 66.10
2022 04 17 23 18 25.05 69.49 66.44
2022 04 17 23 19 25.26 69.81 66.79
2022 04 17 23 20 25.48 70.13 67.16
2022 04 17 23 21 25.70 70.44 67.53
2022 04 17 23 22 25.92 70.76 67.92
2022 04 17 23 23 26.13 71.08 68.33
2022 04 17 23 24 26.35 71.39 68.75
2022 04 17 23 25 26.57 71.71 69.18
2022 04 17 23 26 26.79 72.02 69.63
2022 04 17 23 27 27.01 72.33 70.10
2022 04 17 23 28 27.22 72.65 70.58
2022 04 17 23 29 27.44 72.96 71.08
2022 04 17 23 30 27.66 73.27 71.59
2022 04 17 23 31 27.88 73.58 72.13
2022 04 17 23 32 28.10 73.89 72.68
2022 04 17 23 33 28.32 74.20 73.25
2022 04 17 23 34 28.53 74.51 73.84
2022 04 17 23 35 28.75 74.82 74.45
2022 04 17 23 36 28.97 75.13 75.08
2022 04 17 23 37 29.19 75.44 75.73
2022 04 17 23 38 29.41 75.74 76.39
2022 04 17 23 39 29.63 76.05 77.08
2022 04 17 23 40 29.85 76.35 77.79
2022 04 17 23 41 30.07 76.66 78.52
2022 04 17 23 42 30.29 76.96 79.27
2022 04 17 23 43 30.50 77.27 80.04
2022 04 17 23 44 30.72 77.57 80.83
2022 04 17 23 45 30.94 77.87 81.63
2022 04 17 23 46 31.16 78.17 82.46
2022 04 17 23 47 31.38 78.47 83.30
2022 04 17 23 48 31.60 78.77 84.15
2022 04 17 23 49 31.82 79.07 85.02
2022 04 17 23 50 32.04 79.37 85.91
2022 04 17 23 51 32.26 79.67 86.80
2022 04 17 23 52 32.48 79.96 87.71
2022 04 17 23 53 32.70 80.26 88.62
2022 04 17 23 54 32.92 80.56 89.54
2022 04 17 23 55 33.14 80.85 90.46
2022 04 17 23 56 33.36 81.14 91.39
2022 04 17 23 57 33.58 81.44 92.32
2022 04 17 23 58 33.80 81.73 93.25
2022 04 17 23 59 34.02 82.02 94.17
2022 04 18 00 00 34.24 82.31 95.09
2022 04 18 00 01 34.46 82.60 96.00
2022 04 18 00 02 34.68 82.89 96.90
2022 04 18 00 03 34.90 83.17 97.79
2022 04 18 00 04 35.12 83.46 98.67
2022 04 18 00 05 35.35 83.75 99.54
2022 04 18 00 06 35.57 84.03 100.38
2022 04 18 00 07 35.79 84.32 101.22
2022 04 18 00 08 36.01 84.60 102.03
2022 04 18 00 09 36.23 84.88 102.82
2022 04 18 00 10 36.45 85.16 103.59
2022 04 18 00 11 36.67 85.44 104.34
2022 04 18 00 12 36.89 85.72 105.07
2022 04 18 00 13 37.11 86.00 105.78
2022 04 18 00 14 37.33 86.28 106.47
2022 04 18 00 15 37.56 86.56 107.13
2022 04 18 00 16 37.78 86.83 107.77
2022 04 18 00 17 38.00 87.11 108.38
2022 04 18 00 18 38.22 87.38 108.98
2022 04 18 00 19 38.44 87.66 109.55
2022 04 18 00 20 38.66 87.93 110.10
2022 04 18 00 21 38.88 88.20 110.63
2022 04 18 00 22 39.11 88.47 111.13
2022 04 18 00 23 39.33 88.74 111.62
2022 04 18 00 24 39.55 89.01 112.09
2022 04 18 00 25 39.77 89.27 112.53
2022 04 18 00 26 39.99 89.54 112.96
2022 04 18 00 27 40.22 89.81 113.37
2022 04 18 00 28 40.44 90.07 113.76
2022 04 18 00 29 40.66 90.33 114.13
2022 04 18 00 30 40.88 90.60 114.49
2022 04 18 00 31 41.10 90.86 114.83
2022 04 18 00 32 41.33 91.12 115.15
2022 04 18 00 33 41.55 91.38 115.47
2022 04 18 00 34 41.77 91.64 115.76
2022 04 18 00 35 41.99 91.89 116.05
2022 04 18 00 36 42.22 92.15 116.32
2022 04 18 00 37 42.44 92.40 116.57
2022 04 18 00 38 42.66 92.66 116.82
2022 04 18 00 39 42.88 92.91 117.06
2022 04 18 00 40 43.11 93.16 117.28
2022 04 18 00 41 43.33 93.42 117.49
2022 04 18 00 42 43.55 93.67 117.70
2022 04 18 00 43 43.77 93.91 117.89
2022 04 18 00 44 44.00 94.16 118.08
2022 04 18 00 45 44.22 94.41 118.25
2022 04 18 00 46 44.44 94.65 118.42
2022 04 18 00 47 44.66 94.90 118.58
2022 04 18 00 48 44.89 95.14 118.74
2022 04 18 00 49 45.11 95.38 118.88
2022 04 18 00 50 45.33 95.63 119.02
2022 04 18 00 51 45.56 95.87 119.16
2022 04 18 00 52 45.78 96.11 119.28
2022 04 18 00 53 46.00 96.34 119.41
2022 04 18 00 54 46.23 96.58 119.52
2022 04 18 00 55 46.45 96.82 119.63
2022 04 18 00 56 46.67 97.05 119.74
2022 04 18 00 57 46.90 97.28 119.84
2022 04 18 00 58 47.12 97.52 119.93
2022 04 18 00 59 47.34 97.75 120.02
2022 04 18 01 00 47.57 97.98 120.11
2022 04 18 01 01 47.79 98.21 120.20
2022 04 18 01 02 48.01 98.44 120.27
2022 04 18 01 03 48.24 98.66 120.35
2022 04 18 01 04 48.46 98.89 120.42
2022 04 18 01 05 48.68 99.11 120.49
2022 04 18 01 06 48.91 99.34 120.56
2022 04 18 01 07 49.13 99.56 120.62
2022 04 18 01 08 49.35 99.78 120.68
2022 04 18 01 09 49.58 100.00 120.74
2022 04 18 01 10 49.80 100.22 120.79
2022 04 18 01 11 50.02 100.44 120.84
2022 04 18 01 12 50.25 100.65 120.89
2022 04 18 01 13 50.47 100.87 120.94
2022 04 18 01 14 50.70 101.08 120.98
2022 04 18 01 15 50.92 101.30 121.03
2022 04 18 01 16 51.14 101.51 121.07
2022 04 18 01 17 51.37 101.72 121.10
2022 04 18 01 18 51.59 101.93 121.14
2022 04 18 01 19 51.82 102.14 121.18
2022 04 18 01 20 52.04 102.34 121.21
2022 04 18 01 21 52.26 102.55 121.24
2022 04 18 01 22 52.49 102.76 121.27
2022 04 18 01 23 52.71 102.96 121.30
2022 04 18 01 24 52.94 103.16 121.32
2022 04 18 01 25 53.16 103.36 121.35
2022 04 18 01 26 53.38 103.56 121.37
2022 04 18 01 27 53.61 103.76 121.40
2022 04 18 01 28 53.83 103.96 121.42
2022 04 18 01 29 54.06 104.16 121.44
2022 04 18 01 30 54.28 104.35 121.46
2022 04 18 01 31 54.51 104.55 121.47
2022 04 18 01 32 54.73 104.74 121.49
2022 04 18 01 33 54.95 104.93 121.51
2022 04 18 01 34 55.18 105.12 121.52
2022 04 18 01 35 55.40 105.31 121.54
2022 04 18 01 36 55.63 105.50 121.55
2022 04 18 01 37 55.85 105.68 121.56
2022 04 18 01 38 56.08 105.87 121.57
2022 04 18 01 39 56.30 106.06 121.58
2022 04 18 01 40 56.53 106.24 121.59
2022 04 18 01 41 56.75 106.42 121.60
2022 04 18 01 42 56.98 106.60 121.61
2022 04 18 01 43 57.20 106.78 121.61
2022 04 18 01 44 57.42 106.96 121.62
2022 04 18 01 45 57.65 107.14 121.63
2022 04 18 01 46 57.87 107.31 121.63
2022 04 18 01 47 58.10 107.49 121.64
2022 04 18 01 48 58.32 107.66 121.64
2022 04 18 01 49 58.55 107.83 121.64
2022 04 18 01 50 58.77 108.00 121.64
2022 04 18 01 51 59.00 108.17 121.65
2022 04 18 01 52 59.22 108.34 121.65
2022 04 18 01 53 59.45 108.51 121.65
2022 04 18 01 54 59.67 108.68 121.65
2022 04 18 01 55 59.90 108.84 121.65
2022 04 18 01 56 60.12 109.01 121.65
2022 04 18 01 57 60.35 109.17 121.65
2022 04 18 01 58 60.57 109.33 121.64
2022 04 18 01 59 60.79 109.49 121.64
2022 04 18 02 00 61.02 109.65 121.64
2022 04 18 02 01 61.24 109.81 121.64
2022 04 18 02 02 61.47 109.96 121.63
2022 04 18 02 03 61.69 110.12 121.63
2022 04 18 02 04 61.92 110.27 121.63
2022 04 18 02 05 62.14 110.42 121.62
2022 04 18 02 06 62.37 110.58 121.62
2022 04 18 02 07 62.59 110.73 121.61
2022 04 18 02 08 62.82 110.87 121.60
2022 04 18 02 09 63.04 111.02 121.60
2022 04 18 02 10 63.27 111.17 121.59
2022 04 18 02 11 63.49 111.31 121.58
2022 04 18 02 12 63.72 111.46 121.58
2022 04 18 02 13 63.94 111.60 121.57
2022 04 18 02 14 64.17 111.74 121.56
2022 04 18 02 15 64.39 111.88 121.55
2022 04 18 02 16 64.62 112.02 121.54
2022 04 18 02 17 64.84 112.16 121.53
2022 04 18 02 18 65.07 112.30 121.52
2022 04 18 02 19 65.29 112.43 121.51
2022 04 18 02 20 65.52 112.57 121.50
2022 04 18 02 21 65.74 112.70 121.49
2022 04 18 02 22 65.97 112.83 121.48
2022 04 18 02 23 66.19 112.96 121.47
2022 04 18 02 24 66.42 113.09 121.45
2022 04 18 02 25 66.64 113.22 121.44
2022 04 18 02 26 66.87 113.35 121.43
2022 04 18 02 27 67.09 113.47 121.41
2022 04 18 02 28 67.31 113.60 121.40
2022 04 18 02 29 67.54 113.72 121.39
2022 04 18 02 30 67.76 113.84 121.37
2022 04 18 02 31 67.99 113.96 121.36
2022 04 18 02 32 68.21 114.08 121.34
2022 04 18 02 33 68.44 114.20 121.32
2022 04 18 02 34 68.66 114.32 121.31
2022 04 18 02 35 68.89 114.43 121.29
2022 04 18 02 36 69.11 114.55 121.27
2022 04 18 02 37 69.34 114.66 121.25
2022 04 18 02 38 69.56 114.77 121.24
2022 04 18 02 39 69.78 114.88 121.22
2022 04 18 02 40 70.01 114.99 121.20
2022 04 18 02 41 70.23 115.10 121.18
2022 04 18 02 42 70.46 115.21 121.16
2022 04 18 02 43 70.68 115.32 121.14
2022 04 18 02 44 70.91 115.42 121.11
2022 04 18 02 45 71.13 115.52 121.09
2022 04 18 02 46 71.35 115.63 121.07
2022 04 18 02 47 71.58 115.73 121.04
2022 04 18 02 48 71.80 115.83 121.02
2022 04 18 02 49 72.03 115.93 120.99
2022 04 18 02 50 72.25 116.02 120.97
2022 04 18 02 51 72.47 116.12 120.94
2022 04 18 02 52 72.70 116.22 120.91
2022 04 18 02 53 72.92 116.31 120.88
2022 04 18 02 54 73.15 116.40 120.85
2022 04 18 02 55 73.37 116.50 120.82
2022 04 18 02 56 73.59 116.59 120.79
2022 04 18 02 57 73.82 116.67 120.76
2022 04 18 02 58 74.04 116.76 120.73
2022 04 18 02 59 74.26 116.85 120.69
2022 04 18 03 00 74.48 116.94 120.66
2022 04 18 03 01 74.71 117.02 120.62
2022 04 18 03 02 74.93 117.10 120.58
2022 04 18 03 03 75.15 117.19 120.54
2022 04 18 03 04 75.38 117.27 120.50
2022 04 18 03 05 75.60 117.35 120.46
2022 04 18 03 06 75.82 117.43 120.41
2022 04 18 03 07 76.04 117.50 120.37
2022 04 18 03 08 76.26 117.58 120.32
2022 04 18 03 09 76.49 117.66 120.27
2022 04 18 03 10 76.71 117.73 120.21
2022 04 18 03 11 76.93 117.80 120.16
2022 04 18 03 12 77.15 117.87 120.10
2022 04 18 03 13 77.37 117.95 120.05
2022 04 18 03 14 77.59 118.01 119.98
2022 04 18 03 15 77.81 118.08 119.92
2022 04 18 03 16 78.03 118.15 119.85
2022 04 18 03 17 78.25 118.22 119.78
2022 04 18 03 18 78.47 118.28 119.71
2022 04 18 03 19 78.69 118.35 119.63
2022 04 18 03 20 78.91 118.41 119.55
2022 04 18 03 21 79.13 118.47 119.46
2022 04 18 03 22 79.35 118.53 119.37
2022 04 18 03 23 79.57 118.59 119.28
2022 04 18 03 24 79.79 118.65 119.18
2022 04 18 03 25 80.00 118.70 119.07
2022 04 18 03 26 80.22 118.76 118.96
2022 04 18 03 27 80.44 118.82 118.84
2022 04 18 03 28 80.65 118.87 118.72
2022 04 18 03 29 80.87 118.92 118.59
2022 04 18 03 30 81.08 118.97 118.45
2022 04 18 03 31 81.30 119.02 118.30
2022 04 18 03 32 81.51 119.07 118.14
2022 04 18 03 33 81.72 119.12 117.97
2022 04 18 03 34 81.94 119.17 117.79
2022 04 18 03 35 82.15 119.22 117.59
2022 04 18 03 36 82.36 119.26 117.38
2022 04 18 03 37 82.57 119.30 117.16
2022 04 18 03 38 82.77 119.35 116.92
2022 04 18 03 39 82.98 119.39 116.66
2022 04 18 03 40 83.19 119.43 116.38
2022 04 18 03 41 83.39 119.47 116.08
2022 04 18 03 42 83.59 119.51 115.75
2022 04 18 03 43 83.79 119.55 115.40
2022 04 18 03 44 83.99 119.58 115.01
2022 04 18 03 45 84.19 119.62 114.59
2022 04 18 03 46 84.38 119.65 114.13
2022 04 18 03 47 84.58 119.69 113.62
2022 04 18 03 48 84.77 119.72 113.07
2022 04 18 03 49 84.95 119.75 112.47
2022 04 18 03 50 85.13 119.78 111.80
2022 04 18 03 51 85.31 119.81 111.07
2022 04 18 03 52 85.49 119.84 110.27
2022 04 18 03 53 85.65 119.87 109.38
2022 04 18 03 54 85.82 119.89 108.40
2022 04 18 03 55 85.98 119.92 107.31
2022 04 18 03 56 86.13 119.94 106.12
2022 04 18 03 57 86.27 119.96 104.81
2022 04 18 03 58 86.40 119.99 103.36
2022 04 18 03 59 86.52 120.01 101.79
2022 04 18 04 00 86.64 120.03 100.07
2022 04 18 04 01 86.74 120.05 98.21
2022 04 18 04 02 86.83 120.07 96.22
2022 04 18 04 03 86.90 120.08 94.10
2022 04 18 04 04 86.96 120.10 91.88
2022 04 18 04 05 87.00 120.12 89.57
2022 04 18 04 06 87.03 120.13 87.21
2022 04 18 04 07 87.03 120.14 84.84
2022 04 18 04 08 87.02 120.16 82.49
2022 04 18 04 09 87.00 120.17 80.20
2022 04 18 04 10 86.95 120.18 78.01
2022 04 18 04 11 86.89 120.19 75.93
2022 04 18 04 12 86.82 120.20 73.99
2022 04 18 04 13 86.73 120.21 72.20
2022 04 18 04 14 86.63 120.21 70.57
2022 04 18 04 15 86.51 120.22 69.10
2022 04 18 04 16 86.39 120.22 67.77
2022 04 18 04 17 86.25 120.23 66.59
2022 04 18 04 18 86.11 120.23 65.53
2022 04 18 04 19 85.96 120.23 64.60
2022 04 18 04 20 85.80 120.24 63.77
2022 04 18 04 21 85.64 120.24 63.04
2022 04 18 04 22 85.47 120.24 62.39
2022 04 18 04 23 85.29 120.24 61.82
2022 04 18 04 24 85.12 120.23 61.31
2022 04 18 04 25 84.93 120.23 60.86
2022 04 18 04 26 84.75 120.23 60.47
2022 04 18 04 27 84.56 120.22 60.11
2022 04 18 04 28 84.37 120.22 59.80
2022 04 18 04 29 84.17 0.00 0.00
2022 04 18 04 30 83.97 0.00 0.00
2022 04 18 04 31 83.77 0.00 0.00
2022 04 18 04 32 83.57 0.00 0.00
2022 04 18 04 33 83.37 0.00 0.00
2022 04 18 04 34 83.17 0.00 0.00
2022 04 18 04 35 82.96 0.00 0.00
2022 04 18 04 36 82.75 0.00 0.00
2022 04 18 04 37 82.55 0.00 0.00
2022 04 18 04 38 82.34 0.00 0.00
2022 04 18 04 39 82.13 0.00 0.00
2022 04 18 04 40 81.92 0.00 0.00
2022 04 18 04 41 81.70 0.00 0.00
2022 04 18 04 42 81.49 0.00 0.00
2022 04 18 04 43 81.28 0.00 0.00
2022 04 18 04 44 81.06 0.00 0.00
2022 04 18 04 45 80.85 0.00 0.00
2022 04 18 04 46 80.63 0.00 0.00
2022 04 18 04 47 80.42 0.00 0.00
2022 04 18 04 48 80.20 0.00 0.00
2022 04 18 04 49 79.98 0.00 0.00
2022 04 18 04 50 79.77 0.00 0.00
2022 04 18 04 51 79.55 0.00 0.00
2022 04 18 04 52 79.33 0.00 0.00
2022 04 18 04 53 79.11 0.00 0.00
2022 04 18 04 54 78.89 0.00 0.00
2022 04 18 04 55 78.67 0.00 0.00
2022 04 18 04 56 78.45 0.00 0.00
2022 04 18 04 57 78.23 0.00 0.00
2022 04 18 04 58 78.01 0.00 0.00
2022 04 18 04 59 77.79 0.00 0.00
