22 00 10.04 102.64
22 01 10.25 105.68
22 02 10.46 108.73
22 03 10.67 111.78
22 04 10.89 114.82
22 05 11.10 117.83
22 06 11.31 120.79
22 07 11.52 123.75
22 08 11.73 126.71
22 09 11.94 129.68
22 10 12.15 132.44
22 11 12.36 135.12
22 12 12.57 137.80
22 13 12.78 140.48
22 14 12.99 143.17
22 15 13.21 145.76
22 16 13.42 148.35
22 17 13.63 150.95
22 18 13.84 153.54
22 19 14.05 156.09
22 20 14.27 158.49
22 21 14.48 160.90
22 22 14.69 163.31
22 23 14.90 165.72
22 24 15.12 168.02
22 25 15.33 170.24
22 26 15.54 172.46
22 27 15.76 174.68
22 28 15.97 176.90
22 29 16.18 178.96
22 30 16.40 181.00
22 31 16.61 183.03
22 32 16.82 185.06
22 33 17.04 187.10
22 34 17.25 189.13
22 35 17.46 191.17
22 36 17.68 193.21
22 37 17.89 195.24
22 38 18.11 197.14
22 39 18.32 198.89
22 40 18.54 200.64
22 41 18.75 202.39
22 42 18.96 204.14
22 43 19.18 205.89
22 44 19.39 207.65
22 45 19.61 209.40
22 46 19.82 211.16
22 47 20.04 212.88
22 48 20.26 214.44
22 49 20.47 216.00
22 50 20.69 217.56
22 51 20.90 219.13
22 52 21.12 220.69
22 53 21.33 222.26
22 54 21.55 223.82
22 55 21.76 225.39
22 56 21.98 226.95
22 57 22.20 228.34
22 58 22.41 229.72
22 59 22.63 231.09
23 00 22.85 232.46
23 01 23.06 233.84
23 02 23.28 235.21
23 03 23.50 236.59
23 04 23.71 237.96
23 05 23.93 239.34
23 06 24.15 240.65
23 07 24.36 241.93
23 08 24.58 243.21
23 09 24.80 244.49
23 10 25.02 245.76
23 11 25.23 246.94
23 12 25.45 248.13
23 13 25.67 249.31
23 14 25.89 250.49
23 15 26.10 251.63
23 16 26.32 252.72
23 17 26.54 253.80
23 18 26.76 254.89
23 19 26.97 255.98
23 20 27.19 257.06
23 21 27.41 258.15
23 22 27.63 259.24
23 23 27.85 260.33
23 24 28.07 261.39
23 25 28.28 262.38
23 26 28.50 263.37
23 27 28.72 264.36
23 28 28.94 265.35
23 29 29.16 266.34
23 30 29.38 267.34
23 31 29.60 268.33
23 32 29.82 269.32
23 33 30.04 270.30
23 34 30.25 271.19
23 35 30.47 272.09
23 36 30.69 272.98
23 37 30.91 273.88
23 38 31.13 274.71
23 39 31.35 275.51
23 40 31.57 276.31
23 41 31.79 277.10
23 42 32.01 277.90
23 43 32.23 278.80
23 44 32.45 279.70
23 45 32.67 280.59
23 46 32.89 281.49
23 47 33.11 282.29
23 48 33.33 282.99
23 49 33.55 283.69
23 50 33.77 284.39
23 51 33.99 285.08
23 52 34.21 285.88
23 53 34.43 286.68
23 54 34.65 287.48
23 55 34.87 288.28
23 56 35.09 289.04
23 57 35.31 289.74
23 58 35.54 290.44
23 59 35.76 291.14
00 00 35.98 291.84
00 01 36.20 292.45
00 02 36.42 293.05
00 03 36.64 293.65
00 04 36.86 294.25
00 05 37.08 294.89
00 06 37.30 295.59
00 07 37.53 296.30
00 08 37.75 297.00
00 09 37.97 297.70
00 10 38.19 298.32
00 11 38.41 298.92
00 12 38.63 299.52
00 13 38.85 300.13
00 14 39.08 300.69
00 15 39.30 301.20
00 16 39.52 301.70
00 17 39.74 302.20
00 18 39.96 302.70
00 19 40.18 303.29
00 20 40.41 303.89
00 21 40.63 304.50
00 22 40.85 305.10
00 23 41.07 305.67
00 24 41.30 306.18
00 25 41.52 306.68
00 26 41.74 307.18
00 27 41.96 307.69
00 28 42.18 308.19
00 29 42.41 308.70
00 30 42.63 309.20
00 31 42.85 309.70
00 32 43.07 310.21
00 33 43.30 310.71
00 34 43.52 311.22
00 35 43.74 311.72
00 36 43.96 312.23
00 37 44.19 312.65
00 38 44.41 313.05
00 39 44.63 313.46
00 40 44.86 313.86
00 41 45.08 314.30
00 42 45.30 314.81
00 43 45.52 315.31
00 44 45.75 315.82
00 45 45.97 316.32
00 46 46.19 316.74
00 47 46.42 317.14
00 48 46.64 317.55
00 49 46.86 317.95
00 50 47.09 318.36
00 51 47.31 318.76
00 52 47.53 319.17
00 53 47.76 319.57
00 54 47.98 319.98
00 55 48.20 320.38
00 56 48.43 320.79
00 57 48.65 321.19
00 58 48.87 321.60
00 59 49.10 321.96
01 00 49.32 322.26
01 01 49.55 322.57
01 02 49.77 322.87
01 03 49.99 323.18
01 04 50.22 323.58
01 05 50.44 323.99
01 06 50.66 324.39
01 07 50.89 324.80
01 08 51.11 325.15
01 09 51.34 325.46
01 10 51.56 325.76
01 11 51.78 326.07
01 12 52.01 326.37
01 13 52.23 326.68
01 14 52.46 326.98
01 15 52.68 327.29
01 16 52.91 327.59
01 17 53.13 327.89
01 18 53.35 328.20
01 19 53.58 328.50
01 20 53.80 328.81
01 21 54.03 329.11
01 22 54.25 329.42
01 23 54.47 329.72
01 24 54.70 330.03
01 25 54.92 330.33
01 26 55.15 330.64
01 27 55.37 330.95
01 28 55.60 331.25
01 29 55.82 331.56
01 30 56.05 331.84
01 31 56.27 332.04
01 32 56.49 332.25
01 33 56.72 332.45
01 34 56.94 332.65
01 35 57.17 332.93
01 36 57.39 333.24
01 37 57.62 333.55
01 38 57.84 333.85
01 39 58.07 334.13
01 40 58.29 334.33
01 41 58.52 334.53
01 42 58.74 334.74
01 43 58.97 334.94
01 44 59.19 335.23
01 45 59.42 335.54
01 46 59.64 335.84
01 47 59.86 336.15
01 48 60.09 336.41
01 49 60.31 336.62
01 50 60.54 336.82
01 51 60.76 337.02
01 52 60.99 337.23
01 53 61.21 337.43
01 54 61.44 337.64
01 55 61.66 337.84
01 56 61.89 338.04
01 57 62.11 338.25
01 58 62.34 338.45
01 59 62.56 338.65
02 00 62.79 338.86
02 01 63.01 339.06
02 02 63.24 339.27
02 03 63.46 339.47
02 04 63.69 339.67
02 05 63.91 339.88
02 06 64.14 340.02
02 07 64.36 340.12
02 08 64.59 340.22
02 09 64.81 340.33
02 10 65.04 340.44
02 11 65.26 340.65
02 12 65.49 340.85
02 13 65.71 341.05
02 14 65.93 341.26
02 15 66.16 341.46
02 16 66.38 341.67
02 17 66.61 341.87
02 18 66.83 342.07
02 19 67.06 342.25
02 20 67.28 342.35
02 21 67.51 342.45
02 22 67.73 342.56
02 23 67.96 342.66
02 24 68.18 342.84
02 25 68.41 343.05
02 26 68.63 343.25
02 27 68.86 343.45
02 28 69.08 343.62
02 29 69.30 343.72
02 30 69.53 343.82
02 31 69.75 343.93
02 32 69.98 344.03
02 33 70.20 344.13
02 34 70.43 344.23
02 35 70.65 344.33
02 36 70.88 344.43
02 37 71.10 344.58
02 38 71.32 344.78
02 39 71.55 344.99
02 40 71.77 345.19
02 41 72.00 345.39
02 42 72.22 345.50
02 43 72.44 345.60
02 44 72.67 345.70
02 45 72.89 345.80
02 46 73.11 345.90
02 47 73.34 346.00
02 48 73.56 346.10
02 49 73.78 346.21
02 50 74.01 346.31
02 51 74.23 346.41
02 52 74.45 346.51
02 53 74.68 346.61
02 54 74.90 346.71
02 55 75.12 346.81
02 56 75.34 346.91
02 57 75.57 347.01
02 58 75.79 347.11
02 59 76.01 347.22
03 00 76.23 347.32
03 01 76.46 347.42
03 02 76.68 347.52
03 03 76.90 347.62
03 04 77.12 347.66
03 05 77.34 347.66
03 06 77.56 347.66
03 07 77.78 347.66
03 08 78.00 347.66
03 09 78.22 347.76
03 10 78.44 347.86
03 11 78.66 347.96
03 12 78.88 348.06
03 13 79.10 348.16
03 14 79.32 348.26
03 15 79.54 348.36
03 16 79.76 348.46
03 17 79.97 348.56
03 18 80.19 348.57
03 19 80.41 348.57
03 20 80.62 348.57
03 21 80.84 348.57
03 22 81.05 348.59
03 23 81.27 348.69
03 24 81.48 348.79
03 25 81.69 348.88
03 26 81.91 348.98
03 27 82.12 349.02
03 28 82.33 349.02
03 29 82.54 349.02
03 30 82.75 349.02
03 31 82.95 349.02
03 32 83.16 349.09
03 33 83.36 349.19
03 34 83.57 349.28
03 35 83.77 349.37
03 36 83.97 349.46
03 37 84.16 349.48
03 38 84.36 349.48
03 39 84.55 349.48
03 40 84.74 349.48
03 41 84.93 349.48
03 42 85.11 349.48
03 43 85.29 349.48
03 44 85.46 349.48
03 45 85.63 349.48
03 46 85.80 349.48
03 47 85.95 349.48
03 48 86.10 349.52
03 49 86.25 349.59
03 50 86.38 349.65
03 51 86.51 349.71
03 52 86.62 349.76
03 53 86.73 349.81
03 54 86.82 349.85
03 55 86.89 349.88
03 56 86.95 349.91
03 57 87.00 349.93
03 58 87.02 349.93
03 59 87.03 349.93
04 00 87.03 349.93
04 01 87.00 349.93
04 02 86.96 349.91
04 03 86.90 349.89
04 04 86.83 349.85
04 05 86.74 349.81
04 06 86.64 349.77
04 07 86.53 349.72
04 08 86.41 349.66
04 09 86.27 349.60
04 10 86.13 349.54
04 11 85.98 349.48
04 12 85.82 349.48
04 13 85.66 349.48
04 14 85.49 349.48
04 15 85.32 349.48
04 16 85.14 349.48
04 17 84.96 349.48
04 18 84.77 349.48
04 19 84.58 349.48
04 20 84.39 349.48
04 21 84.20 349.48
04 22 84.00 349.48
04 23 83.80 349.39
04 24 83.60 349.30
04 25 83.40 349.20
04 26 83.20 349.11
04 27 82.99 349.02
04 28 82.78 349.02
