21 47 10.09 46.92 103.28 0.81
21 48 10.30 47.23 106.32 0.80
21 49 10.51 47.54 109.37 0.80
21 50 10.72 47.85 112.41 0.80
21 51 10.93 48.17 115.46 0.80
21 52 11.14 48.48 118.45 0.79
21 53 11.35 48.79 121.41 0.79
21 54 11.56 49.11 124.37 0.79
21 55 11.77 49.42 127.33 0.79
21 56 11.98 49.74 130.29 0.78
21 57 12.19 50.06 133.00 0.78
21 58 12.40 50.38 135.67 0.78
21 59 12.62 50.70 138.36 0.78
22 00 12.83 51.01 141.04 0.77
22 01 13.04 51.33 143.71 0.77
22 02 13.25 51.66 146.30 0.77
22 03 13.46 51.98 148.89 0.77
22 04 13.67 52.30 151.48 0.76
22 05 13.89 52.62 154.07 0.76
22 06 14.10 52.94 156.58 0.76
22 07 14.31 53.27 158.99 0.76
22 08 14.52 53.59 161.39 0.75
22 09 14.73 53.91 163.80 0.75
22 10 14.95 54.24 166.21 0.75
22 11 15.16 54.56 168.48 0.75
22 12 15.37 54.89 170.69 0.74
22 13 15.59 55.21 172.91 0.74
22 14 15.80 55.54 175.14 0.74
22 15 16.01 55.86 177.35 0.73
22 16 16.23 56.19 179.38 0.73
22 17 16.44 56.51 181.41 0.73
22 18 16.65 56.84 183.44 0.73
22 19 16.87 57.16 185.47 0.72
22 20 17.08 57.49 187.51 0.72
22 21 17.29 57.82 189.54 0.72
22 22 17.51 58.14 191.58 0.72
22 23 17.72 58.47 193.62 0.71
22 24 17.94 58.79 195.66 0.71
22 25 18.15 59.12 197.49 0.71
22 26 18.36 59.45 199.24 0.70
22 27 18.58 59.77 200.99 0.70
22 28 18.79 60.10 202.74 0.70
22 29 19.01 60.43 204.49 0.70
22 30 19.22 60.75 206.24 0.69
22 31 19.44 61.08 208.00 0.69
22 32 19.65 61.40 209.75 0.69
22 33 19.87 61.73 211.51 0.68
22 34 20.08 62.06 213.19 0.68
22 35 20.30 62.38 214.75 0.68
22 36 20.51 62.71 216.31 0.68
22 37 20.73 63.03 217.87 0.67
22 38 20.94 63.36 219.44 0.67
22 39 21.16 63.68 221.00 0.67
22 40 21.38 64.00 222.57 0.67
22 41 21.59 64.33 224.13 0.66
22 42 21.81 64.65 225.70 0.66
22 43 22.02 64.98 227.24 0.66
22 44 22.24 65.30 228.61 0.65
22 45 22.46 65.62 229.99 0.65
22 46 22.67 65.95 231.36 0.65
22 47 22.89 66.27 232.73 0.65
22 48 23.11 66.59 234.11 0.64
22 49 23.32 66.91 235.48 0.64
22 50 23.54 67.23 236.86 0.64
22 51 23.76 67.55 238.23 0.63
22 52 23.97 67.87 239.61 0.63
22 53 24.19 68.19 240.90 0.63
22 54 24.41 68.51 242.18 0.63
22 55 24.62 68.83 243.46 0.62
22 56 24.84 69.15 244.74 0.62
22 57 25.06 69.47 245.99 0.62
22 58 25.28 69.79 247.17 0.61
22 59 25.49 70.11 248.36 0.61
23 00 25.71 70.42 249.54 0.61
23 01 25.93 70.74 250.72 0.61
23 02 26.15 71.06 251.84 0.60
23 03 26.36 71.37 252.93 0.60
23 04 26.58 71.69 254.01 0.60
23 05 26.80 72.00 255.10 0.59
23 06 27.02 72.31 256.19 0.59
23 07 27.24 72.63 257.27 0.59
23 08 27.45 72.94 258.36 0.59
23 09 27.67 73.25 259.45 0.58
23 10 27.89 73.56 260.54 0.58
23 11 28.11 73.87 261.58 0.58
23 12 28.33 74.18 262.57 0.57
23 13 28.55 74.49 263.56 0.57
23 14 28.76 74.80 264.55 0.57
23 15 28.98 75.11 265.54 0.57
23 16 29.20 75.42 266.53 0.56
23 17 29.42 75.72 267.53 0.56
23 18 29.64 76.03 268.52 0.56
23 19 29.86 76.34 269.51 0.55
23 20 30.08 76.64 270.47 0.55
23 21 30.30 76.95 271.36 0.55
23 22 30.52 77.25 272.26 0.55
23 23 30.74 77.55 273.15 0.54
23 24 30.95 77.85 274.05 0.54
23 25 31.17 78.15 274.86 0.54
23 26 31.39 78.46 275.66 0.54
23 27 31.61 78.76 276.46 0.53
23 28 31.83 79.05 277.25 0.53
23 29 32.05 79.35 278.07 0.53
23 30 32.27 79.65 278.97 0.52
23 31 32.49 79.95 279.87 0.52
23 32 32.71 80.24 280.76 0.52
23 33 32.93 80.54 281.66 0.52
23 34 33.15 80.83 282.42 0.51
23 35 33.37 81.13 283.12 0.51
23 36 33.59 81.42 283.82 0.51
23 37 33.81 81.71 284.52 0.51
23 38 34.03 82.00 285.23 0.50
23 39 34.25 82.29 286.03 0.50
23 40 34.47 82.58 286.83 0.50
23 41 34.69 82.87 287.63 0.50
23 42 34.91 83.16 288.43 0.49
23 43 35.14 83.44 289.17 0.49
23 44 35.36 83.73 289.87 0.49
23 45 35.58 84.02 290.57 0.49
23 46 35.80 84.30 291.27 0.48
23 47 36.02 84.58 291.96 0.48
23 48 36.24 84.87 292.56 0.48
23 49 36.46 85.15 293.16 0.48
23 50 36.68 85.43 293.76 0.47
23 51 36.90 85.71 294.36 0.47
23 52 37.12 85.99 295.02 0.47
23 53 37.34 86.26 295.72 0.47
23 54 37.57 86.54 296.43 0.46
23 55 37.79 86.82 297.13 0.46
23 56 38.01 87.09 297.83 0.46
23 57 38.23 87.37 298.43 0.46
23 58 38.45 87.64 299.03 0.45
23 59 38.67 87.91 299.63 0.45
00 00 38.89 88.18 300.24 0.45
00 01 39.12 88.45 300.79 0.45
00 02 39.34 88.72 301.29 0.44
00 03 39.56 88.99 301.79 0.44
00 04 39.78 89.26 302.29 0.44
00 05 40.00 89.53 302.80 0.44
00 06 40.22 89.79 303.40 0.43
00 07 40.45 90.06 304.00 0.43
00 08 40.67 90.32 304.61 0.43
00 09 40.89 90.58 305.21 0.43
00 10 41.11 90.84 305.76 0.43
00 11 41.34 91.10 306.27 0.42
00 12 41.56 91.36 306.77 0.42
00 13 41.78 91.62 307.28 0.42
00 14 42.00 91.88 307.78 0.42
00 15 42.22 92.13 308.28 0.41
00 16 42.45 92.39 308.79 0.41
00 17 42.67 92.64 309.29 0.41
00 18 42.89 92.90 309.80 0.41
00 19 43.11 93.15 310.30 0.41
00 20 43.34 93.40 310.80 0.40
00 21 43.56 93.65 311.31 0.40
00 22 43.78 93.90 311.81 0.40
00 23 44.00 94.15 312.32 0.40
00 24 44.23 94.39 312.72 0.40
00 25 44.45 94.64 313.12 0.39
00 26 44.67 94.88 313.53 0.39
00 27 44.90 95.13 313.93 0.39
00 28 45.12 95.37 314.39 0.39
00 29 45.34 95.61 314.89 0.38
00 30 45.56 95.85 315.40 0.38
00 31 45.79 96.09 315.91 0.38
00 32 46.01 96.33 316.41 0.38
00 33 46.23 96.57 316.81 0.38
00 34 46.46 96.80 317.22 0.37
00 35 46.68 97.04 317.62 0.37
00 36 46.90 97.27 318.02 0.37
00 37 47.13 97.50 318.43 0.37
00 38 47.35 97.73 318.83 0.37
00 39 47.57 97.97 319.24 0.37
00 40 47.80 98.19 319.64 0.36
00 41 48.02 98.42 320.05 0.36
00 42 48.24 98.65 320.45 0.36
00 43 48.47 98.88 320.86 0.36
00 44 48.69 99.10 321.27 0.36
00 45 48.91 99.32 321.67 0.35
00 46 49.14 99.55 322.01 0.35
00 47 49.36 99.77 322.32 0.35
00 48 49.58 99.99 322.62 0.35
00 49 49.81 100.21 322.93 0.35
00 50 50.03 100.42 323.24 0.35
00 51 50.26 100.64 323.65 0.34
00 52 50.48 100.86 324.06 0.34
00 53 50.70 101.07 324.46 0.34
00 54 50.93 101.28 324.87 0.34
00 55 51.15 101.50 325.21 0.34
00 56 51.38 101.71 325.51 0.33
00 57 51.60 101.92 325.81 0.33
00 58 51.82 102.12 326.12 0.33
00 59 52.05 102.33 326.42 0.33
01 00 52.27 102.54 326.73 0.33
01 01 52.50 102.74 327.03 0.33
01 02 52.72 102.95 327.34 0.32
01 03 52.94 103.15 327.64 0.32
01 04 53.17 103.35 327.95 0.32
01 05 53.39 103.55 328.25 0.32
01 06 53.62 103.75 328.56 0.32
01 07 53.84 103.95 328.86 0.32
01 08 54.06 104.14 329.17 0.32
01 09 54.29 104.34 329.47 0.31
01 10 54.51 104.53 329.78 0.31
01 11 54.74 104.73 330.08 0.31
01 12 54.96 104.92 330.39 0.31
01 13 55.19 105.11 330.69 0.31
01 14 55.41 105.30 331.00 0.31
01 15 55.63 105.49 331.30 0.30
01 16 55.86 105.67 331.61 0.30
01 17 56.08 105.86 331.87 0.30
01 18 56.31 106.04 332.08 0.30
01 19 56.53 106.23 332.28 0.30
01 20 56.76 106.41 332.48 0.30
01 21 56.98 106.59 332.69 0.30
01 22 57.21 106.77 332.99 0.30
01 23 57.43 106.95 333.29 0.29
01 24 57.65 107.12 333.60 0.29
01 25 57.88 107.30 333.90 0.29
01 26 58.10 107.48 334.16 0.29
01 27 58.33 107.65 334.36 0.29
01 28 58.55 107.82 334.57 0.29
01 29 58.78 107.99 334.77 0.29
01 30 59.00 108.16 334.98 0.28
01 31 59.23 108.33 335.28 0.28
01 32 59.45 108.50 335.59 0.28
01 33 59.68 108.67 335.89 0.28
01 34 59.90 108.83 336.20 0.28
01 35 60.13 108.99 336.45 0.28
01 36 60.35 109.16 336.65 0.28
01 37 60.58 109.32 336.85 0.28
01 38 60.80 109.48 337.06 0.27
01 39 61.03 109.64 337.26 0.27
01 40 61.25 109.79 337.46 0.27
01 41 61.47 109.95 337.67 0.27
01 42 61.70 110.11 337.87 0.27
01 43 61.92 110.26 338.08 0.27
01 44 62.15 110.41 338.28 0.27
01 45 62.37 110.56 338.48 0.27
01 46 62.60 110.71 338.69 0.27
01 47 62.82 110.86 338.89 0.26
01 48 63.05 111.01 339.09 0.26
01 49 63.27 111.16 339.30 0.26
01 50 63.50 111.30 339.50 0.26
01 51 63.72 111.45 339.71 0.26
01 52 63.95 111.59 339.91 0.26
01 53 64.17 111.73 340.04 0.26
01 54 64.40 111.87 340.14 0.26
01 55 64.62 112.01 340.24 0.26
01 56 64.85 112.15 340.34 0.26
01 57 65.07 112.29 340.48 0.25
01 58 65.30 112.42 340.68 0.25
01 59 65.52 112.56 340.88 0.25
02 00 65.75 112.69 341.09 0.25
02 01 65.97 112.82 341.29 0.25
02 02 66.20 112.95 341.49 0.25
02 03 66.42 113.08 341.70 0.25
02 04 66.64 113.21 341.90 0.25
02 05 66.87 113.34 342.11 0.25
02 06 67.09 113.46 342.27 0.25
02 07 67.32 113.59 342.37 0.25
02 08 67.54 113.71 342.47 0.24
02 09 67.77 113.83 342.57 0.24
02 10 67.99 113.95 342.67 0.24
02 11 68.22 114.07 342.87 0.24
02 12 68.44 114.19 343.08 0.24
02 13 68.67 114.31 343.28 0.24
02 14 68.89 114.42 343.48 0.24
02 15 69.11 114.54 343.64 0.24
02 16 69.34 114.65 343.74 0.24
02 17 69.56 114.76 343.84 0.24
02 18 69.79 114.87 343.94 0.24
02 19 70.01 114.98 344.04 0.24
02 20 70.24 115.09 344.14 0.23
02 21 70.46 115.20 344.25 0.23
02 22 70.68 115.31 344.35 0.23
02 23 70.91 115.41 344.45 0.23
02 24 71.13 115.52 344.61 0.23
02 25 71.36 115.62 344.81 0.23
02 26 71.58 115.72 345.02 0.23
02 27 71.80 115.82 345.22 0.23
02 28 72.03 115.92 345.41 0.23
02 29 72.25 116.02 345.51 0.23
02 30 72.48 116.11 345.61 0.23
02 31 72.70 116.21 345.71 0.23
02 32 72.92 116.30 345.82 0.23
02 33 73.15 116.40 345.92 0.23
02 34 73.37 116.49 346.02 0.23
02 35 73.59 116.58 346.12 0.22
02 36 73.82 116.67 346.22 0.22
02 37 74.04 116.76 346.32 0.22
02 38 74.26 116.84 346.42 0.22
02 39 74.49 116.93 346.52 0.22
02 40 74.71 117.01 346.62 0.22
02 41 74.93 117.10 346.73 0.22
02 42 75.15 117.18 346.83 0.22
02 43 75.38 117.26 346.93 0.22
02 44 75.60 117.34 347.03 0.22
02 45 75.82 117.42 347.13 0.22
02 46 76.04 117.50 347.23 0.22
02 47 76.26 117.57 347.33 0.22
02 48 76.49 117.65 347.43 0.22
02 49 76.71 117.72 347.53 0.22
02 50 76.93 117.80 347.63 0.22
02 51 77.15 117.87 347.66 0.22
02 52 77.37 117.94 347.66 0.22
02 53 77.59 118.01 347.66 0.22
02 54 77.81 118.08 347.66 0.22
02 55 78.03 118.14 347.68 0.21
02 56 78.25 118.21 347.78 0.21
02 57 78.47 118.28 347.88 0.21
02 58 78.69 118.34 347.98 0.21
02 59 78.91 118.40 348.08 0.21
03 00 79.13 118.46 348.18 0.21
03 01 79.35 118.52 348.27 0.21
03 02 79.57 118.58 348.37 0.21
03 03 79.78 118.64 348.47 0.21
03 04 80.00 118.70 348.57 0.21
03 05 80.22 118.76 348.57 0.21
03 06 80.43 118.81 348.57 0.21
03 07 80.65 118.86 348.57 0.21
03 08 80.86 118.92 348.57 0.21
03 09 81.08 118.97 348.61 0.21
03 10 81.29 119.02 348.70 0.21
03 11 81.51 119.07 348.80 0.21
03 12 81.72 119.12 348.90 0.21
03 13 81.93 119.16 348.99 0.21
03 14 82.14 119.21 349.02 0.21
03 15 82.35 119.26 349.02 0.21
03 16 82.56 119.30 349.02 0.21
03 17 82.77 119.34 349.02 0.21
03 18 82.97 119.39 349.02 0.21
03 19 83.18 119.43 349.10 0.21
03 20 83.38 119.47 349.20 0.21
03 21 83.58 119.50 349.29 0.21
03 22 83.79 119.54 349.38 0.21
03 23 83.98 119.58 349.47 0.21
03 24 84.18 119.61 349.48 0.21
03 25 84.37 119.65 349.48 0.20
03 26 84.56 119.68 349.48 0.20
03 27 84.75 119.72 349.48 0.20
03 28 84.94 119.75 349.48 0.20
03 29 85.12 119.78 349.48 0.20
03 30 85.30 119.81 349.48 0.20
03 31 85.47 119.83 349.48 0.20
03 32 85.64 119.86 349.48 0.20
03 33 85.80 119.89 349.48 0.20
03 34 85.96 119.91 349.48 0.20
03 35 86.11 119.94 349.52 0.20
03 36 86.25 119.96 349.59 0.20
03 37 86.38 119.98 349.65 0.20
03 38 86.50 120.01 349.70 0.20
03 39 86.61 120.03 349.76 0.20
03 40 86.71 120.05 349.80 0.20
03 41 86.80 120.06 349.84 0.20
03 42 86.87 120.08 349.87 0.20
03 43 86.93 120.10 349.90 0.20
03 44 86.97 120.11 349.92 0.20
03 45 87.00 120.13 349.93 0.20
03 46 87.00 120.14 349.93 0.20
03 47 86.99 120.15 349.93 0.20
03 48 86.97 120.17 349.92 0.20
03 49 86.92 120.18 349.90 0.20
03 50 86.86 120.19 349.87 0.20
03 51 86.79 120.20 349.83 0.20
03 52 86.70 120.20 349.79 0.20
03 53 86.60 120.21 349.75 0.20
03 54 86.49 120.22 349.70 0.20
03 55 86.36 120.22 349.64 0.20
03 56 86.23 120.23 349.58 0.20
03 57 86.09 120.23 349.52 0.20
03 58 85.94 120.23 349.48 0.20
03 59 85.78 120.24 349.48 0.20
04 00 85.62 120.24 349.48 0.20
04 01 85.45 120.24 349.48 0.20
04 02 85.27 120.24 349.48 0.20
04 03 85.09 120.23 349.48 0.20
04 04 84.91 120.23 349.48 0.20
04 05 84.73 120.23 349.48 0.20
04 06 84.54 120.22 349.48 0.20
04 07 84.35 120.22 349.48 0.20
04 08 84.15 120.21 349.48 0.20
04 09 83.96 120.21 349.46 0.20
04 10 83.76 120.20 349.37 0.20
04 11 83.56 120.19 349.28 0.20
04 12 83.35 120.18 349.18 0.20
04 13 83.15 120.17 349.09 0.20
04 14 82.95 120.16 349.02 0.20
04 15 82.74 120.15 349.02 0.20
04 16 82.53 120.14 349.02 0.20
04 17 82.32 120.12 349.02 0.20
04 18 82.11 120.11 349.02 0.20
04 19 81.90 120.09 348.98 0.20
04 20 81.69 120.08 348.88 0.20
04 21 81.48 120.06 348.79 0.20
04 22 81.26 120.05 348.69 0.20
04 23 81.05 120.03 348.59 0.20
04 24 80.83 120.01 348.57 0.20
04 25 80.62 119.99 348.57 0.20
04 26 80.40 119.97 348.57 0.20
04 27 80.19 119.95 348.57 0.20
04 28 79.97 119.93 348.56 0.20
04 29 79.75 119.91 348.46 0.20
