2022 04 19 17 00 -38.47 0.00 0.00
2022 04 19 17 01 -38.40 0.00 0.00
2022 04 19 17 02 -38.33 0.00 0.00
2022 04 19 17 03 -38.26 0.00 0.00
2022 04 19 17 04 -38.19 0.00 0.00
2022 04 19 17 05 -38.12 0.00 0.00
2022 04 19 17 06 -38.04 0.00 0.00
2022 04 19 17 07 -37.97 0.00 0.00
2022 04 19 17 08 -37.89 0.00 0.00
2022 04 19 17 09 -37.82 0.00 0.00
2022 04 19 17 10 -37.74 0.00 0.00
2022 04 19 17 11 -37.66 0.00 0.00
2022 04 19 17 12 -37.58 0.00 0.00
2022 04 19 17 13 -37.50 0.00 0.00
2022 04 19 17 14 -37.42 0.00 0.00
2022 04 19 17 15 -37.34 0.00 0.00
2022 04 19 17 16 -37.26 0.00 0.00
2022 04 19 17 17 -37.17 0.00 0.00
2022 04 19 17 18 -37.09 0.00 0.00
2022 04 19 17 19 -37.00 0.00 0.00
2022 04 19 17 20 -36.91 0.00 0.00
2022 04 19 17 21 -36.83 0.00 0.00
2022 04 19 17 22 -36.74 0.00 0.00
2022 04 19 17 23 -36.65 0.00 0.00
2022 04 19 17 24 -36.56 0.00 0.00
2022 04 19 17 25 -36.47 0.00 0.00
2022 04 19 17 26 -36.37 0.00 0.00
2022 04 19 17 27 -36.28 0.00 0.00
2022 04 19 17 28 -36.18 0.00 0.00
2022 04 19 17 29 -36.09 0.00 0.00
2022 04 19 17 30 -35.99 0.00 0.00
2022 04 19 17 31 -35.90 0.00 0.00
2022 04 19 17 32 -35.80 0.00 0.00
2022 04 19 17 33 -35.70 0.00 0.00
2022 04 19 17 34 -35.60 0.00 0.00
2022 04 19 17 35 -35.50 0.00 0.00
2022 04 19 17 36 -35.40 0.00 0.00
2022 04 19 17 37 -35.29 0.00 0.00
2022 04 19 17 38 -35.19 0.00 0.00
2022 04 19 17 39 -35.08 0.00 0.00
2022 04 19 17 40 -34.98 0.00 0.00
2022 04 19 17 41 -34.87 0.00 0.00
2022 04 19 17 42 -34.77 0.00 0.00
2022 04 19 17 43 -34.66 0.00 0.00
2022 04 19 17 44 -34.55 0.00 0.00
2022 04 19 17 45 -34.44 0.00 0.00
2022 04 19 17 46 -34.33 0.00 0.00
2022 04 19 17 47 -34.22 0.00 0.00
2022 04 19 17 48 -34.11 0.00 0.00
2022 04 19 17 49 -33.99 0.00 0.00
2022 04 19 17 50 -33.88 0.00 0.00
2022 04 19 17 51 -33.76 0.00 0.00
2022 04 19 17 52 -33.65 0.00 0.00
2022 04 19 17 53 -33.53 0.00 0.00
2022 04 19 17 54 -33.42 0.00 0.00
2022 04 19 17 55 -33.30 0.00 0.00
2022 04 19 17 56 -33.18 0.00 0.00
2022 04 19 17 57 -33.06 0.00 0.00
2022 04 19 17 58 -32.94 0.00 0.00
2022 04 19 17 59 -32.82 0.00 0.00
2022 04 19 18 00 -32.70 0.00 0.00
2022 04 19 18 01 -32.58 0.00 0.00
2022 04 19 18 02 -32.45 0.00 0.00
2022 04 19 18 03 -32.33 0.00 0.00
2022 04 19 18 04 -32.20 0.00 0.00
2022 04 19 18 05 -32.08 0.00 0.00
2022 04 19 18 06 -31.95 0.00 0.00
2022 04 19 18 07 -31.82 0.00 0.00
2022 04 19 18 08 -31.70 0.00 0.00
2022 04 19 18 09 -31.57 0.00 0.00
2022 04 19 18 10 -31.44 0.00 0.00
2022 04 19 18 11 -31.31 0.00 0.00
2022 04 19 18 12 -31.18 0.00 0.00
2022 04 19 18 13 -31.05 0.00 0.00
2022 04 19 18 14 -30.92 0.00 0.00
2022 04 19 18 15 -30.78 0.00 0.00
2022 04 19 18 16 -30.65 0.00 0.00
2022 04 19 18 17 -30.52 0.00 0.00
2022 04 19 18 18 -30.38 0.00 0.00
2022 04 19 18 19 -30.25 0.00 0.00
2022 04 19 18 20 -30.11 0.00 0.00
2022 04 19 18 21 -29.97 0.00 0.00
2022 04 19 18 22 -29.84 0.00 0.00
2022 04 19 18 23 -29.70 0.00 0.00
2022 04 19 18 24 -29.56 0.00 0.00
2022 04 19 18 25 -29.42 0.00 0.00
2022 04 19 18 26 -29.28 0.00 0.00
2022 04 19 18 27 -29.14 0.00 0.00
2022 04 19 18 28 -29.00 0.00 0.00
2022 04 19 18 29 -28.86 0.00 0.00
2022 04 19 18 30 -28.71 0.00 0.00
2022 04 19 18 31 -28.57 0.00 0.00
2022 04 19 18 32 -28.43 0.00 0.00
2022 04 19 18 33 -28.28 0.00 0.00
2022 04 19 18 34 -28.14 0.00 0.00
2022 04 19 18 35 -27.99 0.00 0.00
2022 04 19 18 36 -27.85 0.00 0.00
2022 04 19 18 37 -27.70 0.00 0.00
2022 04 19 18 38 -27.55 0.00 0.00
2022 04 19 18 39 -27.40 0.00 0.00
2022 04 19 18 40 -27.25 0.00 0.00
2022 04 19 18 41 -27.11 0.00 0.00
2022 04 19 18 42 -26.96 0.00 0.00
2022 04 19 18 43 -26.81 0.00 0.00
2022 04 19 18 44 -26.65 0.00 0.00
2022 04 19 18 45 -26.50 0.00 0.00
2022 04 19 18 46 -26.35 0.00 0.00
2022 04 19 18 47 -26.20 0.00 0.00
2022 04 19 18 48 -26.05 0.00 0.00
2022 04 19 18 49 -25.89 0.00 0.00
2022 04 19 18 50 -25.74 0.00 0.00
2022 04 19 18 51 -25.58 0.00 0.00
2022 04 19 18 52 -25.43 0.00 0.00
2022 04 19 18 53 -25.27 0.00 0.00
2022 04 19 18 54 -25.12 0.00 0.00
2022 04 19 18 55 -24.96 0.00 0.00
2022 04 19 18 56 -24.80 0.00 0.00
2022 04 19 18 57 -24.64 0.00 0.00
2022 04 19 18 58 -24.48 0.00 0.00
2022 04 19 18 59 -24.33 0.00 0.00
2022 04 19 19 00 -24.17 0.00 0.00
2022 04 19 19 01 -24.01 0.00 0.00
2022 04 19 19 02 -23.85 0.00 0.00
2022 04 19 19 03 -23.69 0.00 0.00
2022 04 19 19 04 -23.52 0.00 0.00
2022 04 19 19 05 -23.36 0.00 0.00
2022 04 19 19 06 -23.20 0.00 0.00
2022 04 19 19 07 -23.04 0.00 0.00
2022 04 19 19 08 -22.87 0.00 0.00
2022 04 19 19 09 -22.71 0.00 0.00
2022 04 19 19 10 -22.55 0.00 0.00
2022 04 19 19 11 -22.38 0.00 0.00
2022 04 19 19 12 -22.22 0.00 0.00
2022 04 19 19 13 -22.05 0.00 0.00
2022 04 19 19 14 -21.88 0.00 0.00
2022 04 19 19 15 -21.72 0.00 0.00
2022 04 19 19 16 -21.55 0.00 0.00
2022 04 19 19 17 -21.38 0.00 0.00
2022 04 19 19 18 -21.21 0.00 0.00
2022 04 19 19 19 -21.05 0.00 0.00
2022 04 19 19 20 -20.88 0.00 0.00
2022 04 19 19 21 -20.71 0.00 0.00
2022 04 19 19 22 -20.54 0.00 0.00
2022 04 19 19 23 -20.37 0.00 0.00
2022 04 19 19 24 -20.20 0.00 0.00
2022 04 19 19 25 -20.03 0.00 0.00
2022 04 19 19 26 -19.86 0.00 0.00
2022 04 19 19 27 -19.68 0.00 0.00
2022 04 19 19 28 -19.51 0.00 0.00
2022 04 19 19 29 -19.34 0.00 0.00
2022 04 19 19 30 -19.17 0.00 0.00
2022 04 19 19 31 -18.99 0.00 0.00
2022 04 19 19 32 -18.82 0.00 0.00
2022 04 19 19 33 -18.64 0.00 0.00
2022 04 19 19 34 -18.47 0.00 0.00
2022 04 19 19 35 -18.29 0.00 0.00
2022 04 19 19 36 -18.12 0.00 0.00
2022 04 19 19 37 -17.94 0.00 0.00
2022 04 19 19 38 -17.77 0.00 0.00
2022 04 19 19 39 -17.59 0.00 0.00
2022 04 19 19 40 -17.41 0.00 0.00
2022 04 19 19 41 -17.24 0.00 0.00
2022 04 19 19 42 -17.06 0.00 0.00
2022 04 19 19 43 -16.88 0.00 0.00
2022 04 19 19 44 -16.70 0.00 0.00
2022 04 19 19 45 -16.52 0.00 0.00
2022 04 19 19 46 -16.34 0.00 0.00
2022 04 19 19 47 -16.17 0.00 0.00
2022 04 19 19 48 -15.99 0.00 0.00
2022 04 19 19 49 -15.81 0.00 0.00
2022 04 19 19 50 -15.62 0.00 0.00
2022 04 19 19 51 -15.44 0.00 0.00
2022 04 19 19 52 -15.26 0.00 0.00
2022 04 19 19 53 -15.08 0.00 0.00
2022 04 19 19 54 -14.90 0.00 0.00
2022 04 19 19 55 -14.72 0.00 0.00
2022 04 19 19 56 -14.53 0.00 0.00
2022 04 19 19 57 -14.35 0.00 0.00
2022 04 19 19 58 -14.17 0.00 0.00
2022 04 19 19 59 -13.99 0.00 0.00
2022 04 19 20 00 -13.80 0.00 0.00
2022 04 19 20 01 -13.62 0.00 0.00
2022 04 19 20 02 -13.43 0.00 0.00
2022 04 19 20 03 -13.25 0.00 0.00
2022 04 19 20 04 -13.06 0.00 0.00
2022 04 19 20 05 -12.88 0.00 0.00
2022 04 19 20 06 -12.69 0.00 0.00
2022 04 19 20 07 -12.51 0.00 0.00
2022 04 19 20 08 -12.32 0.00 0.00
2022 04 19 20 09 -12.13 0.00 0.00
2022 04 19 20 10 -11.95 0.00 0.00
2022 04 19 20 11 -11.76 0.00 0.00
2022 04 19 20 12 -11.57 0.00 0.00
2022 04 19 20 13 -11.38 0.00 0.00
2022 04 19 20 14 -11.19 0.00 0.00
2022 04 19 20 15 -11.01 0.00 0.00
2022 04 19 20 16 -10.82 0.00 0.00
2022 04 19 20 17 -10.63 0.00 0.00
2022 04 19 20 18 -10.44 0.00 0.00
2022 04 19 20 19 -10.25 0.00 0.00
2022 04 19 20 20 -10.06 0.00 0.00
2022 04 19 20 21 -9.87 0.00 0.00
2022 04 19 20 22 -9.68 0.00 0.00
2022 04 19 20 23 -9.49 0.00 0.00
2022 04 19 20 24 -9.30 0.00 0.00
2022 04 19 20 25 -9.11 0.00 0.00
2022 04 19 20 26 -8.91 0.00 0.00
2022 04 19 20 27 -8.72 0.00 0.00
2022 04 19 20 28 -8.53 0.00 0.00
2022 04 19 20 29 -8.34 0.00 0.00
2022 04 19 20 30 -8.15 0.00 0.00
2022 04 19 20 31 -7.95 0.00 0.00
2022 04 19 20 32 -7.76 0.00 0.00
2022 04 19 20 33 -7.57 0.00 0.00
2022 04 19 20 34 -7.37 0.00 0.00
2022 04 19 20 35 -7.18 0.00 0.00
2022 04 19 20 36 -6.99 0.00 0.00
2022 04 19 20 37 -6.79 0.00 0.00
2022 04 19 20 38 -6.60 0.00 0.00
2022 04 19 20 39 -6.40 0.00 0.00
2022 04 19 20 40 -6.21 0.00 0.00
2022 04 19 20 41 -6.01 0.00 0.00
2022 04 19 20 42 -5.82 0.00 0.00
2022 04 19 20 43 -5.62 0.00 0.00
2022 04 19 20 44 -5.42 0.00 0.00
2022 04 19 20 45 -5.23 0.00 0.00
2022 04 19 20 46 -5.03 0.00 0.00
2022 04 19 20 47 -4.84 0.00 0.00
2022 04 19 20 48 -4.64 0.00 0.00
2022 04 19 20 49 -4.44 0.00 0.00
2022 04 19 20 50 -4.24 0.00 0.00
2022 04 19 20 51 -4.05 0.00 0.00
2022 04 19 20 52 -3.85 0.00 0.00
2022 04 19 20 53 -3.65 0.00 0.00
2022 04 19 20 54 -3.45 0.00 0.00
2022 04 19 20 55 -3.25 0.00 0.00
2022 04 19 20 56 -3.05 0.00 0.00
2022 04 19 20 57 -2.86 0.00 0.00
2022 04 19 20 58 -2.66 0.00 0.00
2022 04 19 20 59 -2.46 0.00 0.00
2022 04 19 21 00 -2.26 0.00 0.00
2022 04 19 21 01 -2.06 0.00 0.00
2022 04 19 21 02 -1.86 0.00 0.00
2022 04 19 21 03 -1.66 0.00 0.00
2022 04 19 21 04 -1.46 0.00 0.00
2022 04 19 21 05 -1.26 0.00 0.00
2022 04 19 21 06 -1.06 0.00 0.00
2022 04 19 21 07 -0.86 0.00 0.00
2022 04 19 21 08 -0.65 0.00 0.00
2022 04 19 21 09 -0.45 0.00 0.00
2022 04 19 21 10 -0.25 0.00 0.00
2022 04 19 21 11 -0.05 0.00 0.00
2022 04 19 21 12 0.15 0.00 0.00
2022 04 19 21 13 0.35 0.00 0.00
2022 04 19 21 14 0.56 0.00 0.00
2022 04 19 21 15 0.76 0.00 0.00
2022 04 19 21 16 0.96 0.00 0.00
2022 04 19 21 17 1.16 0.00 0.00
2022 04 19 21 18 1.37 0.00 0.00
2022 04 19 21 19 1.57 0.00 0.00
2022 04 19 21 20 1.77 0.00 0.00
2022 04 19 21 21 1.98 0.00 0.00
2022 04 19 21 22 2.18 0.00 0.00
2022 04 19 21 23 2.39 0.00 0.00
2022 04 19 21 24 2.59 0.00 0.00
2022 04 19 21 25 2.79 0.00 0.00
2022 04 19 21 26 3.00 0.00 0.00
2022 04 19 21 27 3.20 0.00 0.00
2022 04 19 21 28 3.41 0.00 0.00
2022 04 19 21 29 3.61 0.00 0.00
2022 04 19 21 30 3.82 0.00 0.00
2022 04 19 21 31 4.02 0.00 0.00
2022 04 19 21 32 4.23 0.00 0.00
2022 04 19 21 33 4.43 0.00 0.00
2022 04 19 21 34 4.64 0.00 0.00
2022 04 19 21 35 4.85 0.00 0.00
2022 04 19 21 36 5.05 0.00 0.00
2022 04 19 21 37 5.26 0.00 0.00
2022 04 19 21 38 5.46 0.00 0.00
2022 04 19 21 39 5.67 0.00 0.00
2022 04 19 21 40 5.88 0.00 0.00
2022 04 19 21 41 6.08 0.00 0.00
2022 04 19 21 42 6.29 0.00 0.00
2022 04 19 21 43 6.50 0.00 0.00
2022 04 19 21 44 6.71 0.00 0.00
2022 04 19 21 45 6.91 0.00 0.00
2022 04 19 21 46 7.12 0.00 0.00
2022 04 19 21 47 7.33 0.00 0.00
2022 04 19 21 48 7.54 0.00 0.00
2022 04 19 21 49 7.75 0.00 0.00
2022 04 19 21 50 7.95 0.00 0.00
2022 04 19 21 51 8.16 0.00 0.00
2022 04 19 21 52 8.37 0.00 0.00
2022 04 19 21 53 8.58 0.00 0.00
2022 04 19 21 54 8.79 0.00 0.00
2022 04 19 21 55 9.00 0.00 0.00
2022 04 19 21 56 9.21 0.00 0.00
2022 04 19 21 57 9.42 0.00 0.00
2022 04 19 21 58 9.63 0.00 0.00
2022 04 19 21 59 9.84 0.00 0.00
2022 04 19 22 00 10.04 46.91 28.74
2022 04 19 22 01 10.25 47.22 28.75
2022 04 19 22 02 10.46 47.53 28.77
2022 04 19 22 03 10.67 47.84 28.78
2022 04 19 22 04 10.89 48.15 28.79
2022 04 19 22 05 11.10 48.47 28.81
2022 04 19 22 06 11.31 48.78 28.82
2022 04 19 22 07 11.52 49.10 28.83
2022 04 19 22 08 11.73 49.41 28.84
2022 04 19 22 09 11.94 49.73 28.86
2022 04 19 22 10 12.15 50.04 28.87
2022 04 19 22 11 12.36 50.36 28.88
2022 04 19 22 12 12.57 50.68 28.89
2022 04 19 22 13 12.78 51.00 28.91
2022 04 19 22 14 12.99 51.32 28.92
2022 04 19 22 15 13.21 51.64 28.93
2022 04 19 22 16 13.42 51.96 28.94
2022 04 19 22 17 13.63 52.28 28.95
2022 04 19 22 18 13.84 52.60 28.97
2022 04 19 22 19 14.05 52.93 28.98
2022 04 19 22 20 14.27 53.25 28.99
2022 04 19 22 21 14.48 53.57 29.00
2022 04 19 22 22 14.69 53.89 29.01
2022 04 19 22 23 14.90 54.22 29.02
2022 04 19 22 24 15.12 54.54 29.04
2022 04 19 22 25 15.33 54.87 29.05
2022 04 19 22 26 15.54 55.19 29.06
2022 04 19 22 27 15.76 55.52 29.07
2022 04 19 22 28 15.97 55.84 29.08
2022 04 19 22 29 16.18 56.17 29.09
2022 04 19 22 30 16.40 56.49 29.10
2022 04 19 22 31 16.61 56.82 29.11
2022 04 19 22 32 16.82 57.14 29.12
2022 04 19 22 33 17.04 57.47 29.13
2022 04 19 22 34 17.25 57.80 29.14
2022 04 19 22 35 17.46 58.12 29.15
2022 04 19 22 36 17.68 58.45 29.16
2022 04 19 22 37 17.89 58.77 29.17
2022 04 19 22 38 18.11 59.10 29.18
2022 04 19 22 39 18.32 59.43 29.19
2022 04 19 22 40 18.54 59.75 29.20
2022 04 19 22 41 18.75 60.08 29.21
2022 04 19 22 42 18.96 60.40 29.22
2022 04 19 22 43 19.18 60.73 29.23
2022 04 19 22 44 19.39 61.06 29.24
2022 04 19 22 45 19.61 61.38 29.25
2022 04 19 22 46 19.82 61.71 29.26
2022 04 19 22 47 20.04 62.03 29.27
2022 04 19 22 48 20.26 62.36 29.28
2022 04 19 22 49 20.47 62.68 29.29
2022 04 19 22 50 20.69 63.01 29.30
2022 04 19 22 51 20.90 63.33 29.31
2022 04 19 22 52 21.12 63.66 29.31
2022 04 19 22 53 21.33 63.98 29.32
2022 04 19 22 54 21.55 64.31 29.33
2022 04 19 22 55 21.76 64.63 29.34
2022 04 19 22 56 21.98 64.95 29.35
2022 04 19 22 57 22.20 65.28 29.36
2022 04 19 22 58 22.41 65.60 29.37
2022 04 19 22 59 22.63 65.92 29.37
2022 04 19 23 00 22.85 66.25 29.38
2022 04 19 23 01 23.06 66.57 29.39
2022 04 19 23 02 23.28 66.89 29.40
2022 04 19 23 03 23.50 67.21 29.41
2022 04 19 23 04 23.71 67.53 29.41
2022 04 19 23 05 23.93 67.85 29.42
2022 04 19 23 06 24.15 68.17 29.43
2022 04 19 23 07 24.36 68.49 29.44
2022 04 19 23 08 24.58 68.81 29.44
2022 04 19 23 09 24.80 69.13 29.45
2022 04 19 23 10 25.02 69.45 29.46
2022 04 19 23 11 25.23 69.77 29.46
2022 04 19 23 12 25.45 70.08 29.47
2022 04 19 23 13 25.67 70.40 29.48
2022 04 19 23 14 25.89 70.72 29.49
2022 04 19 23 15 26.10 71.03 29.49
2022 04 19 23 16 26.32 71.35 29.50
2022 04 19 23 17 26.54 71.66 29.51
2022 04 19 23 18 26.76 71.98 29.51
2022 04 19 23 19 26.97 72.29 29.52
2022 04 19 23 20 27.19 72.60 29.52
2022 04 19 23 21 27.41 72.92 29.53
2022 04 19 23 22 27.63 73.23 29.54
2022 04 19 23 23 27.85 73.54 29.54
2022 04 19 23 24 28.07 73.85 29.55
2022 04 19 23 25 28.28 74.16 29.55
2022 04 19 23 26 28.50 74.47 29.56
2022 04 19 23 27 28.72 74.78 29.57
2022 04 19 23 28 28.94 75.09 29.57
2022 04 19 23 29 29.16 75.39 29.58
2022 04 19 23 30 29.38 75.70 29.58
2022 04 19 23 31 29.60 76.01 29.59
2022 04 19 23 32 29.82 76.31 29.59
2022 04 19 23 33 30.04 76.62 29.60
2022 04 19 23 34 30.25 76.92 29.60
2022 04 19 23 35 30.47 77.23 29.61
2022 04 19 23 36 30.69 77.53 29.61
2022 04 19 23 37 30.91 77.83 29.62
2022 04 19 23 38 31.13 78.13 29.62
2022 04 19 23 39 31.35 78.43 29.63
2022 04 19 23 40 31.57 78.73 29.63
2022 04 19 23 41 31.79 79.03 29.63
2022 04 19 23 42 32.01 79.33 29.64
2022 04 19 23 43 32.23 79.63 29.64
2022 04 19 23 44 32.45 79.92 29.65
2022 04 19 23 45 32.67 80.22 29.65
2022 04 19 23 46 32.89 80.51 29.65
2022 04 19 23 47 33.11 80.81 29.66
2022 04 19 23 48 33.33 81.10 29.66
2022 04 19 23 49 33.55 81.40 29.66
2022 04 19 23 50 33.77 81.69 29.67
2022 04 19 23 51 33.99 81.98 29.67
2022 04 19 23 52 34.21 82.27 29.67
2022 04 19 23 53 34.43 82.56 29.68
2022 04 19 23 54 34.65 82.85 29.68
2022 04 19 23 55 34.87 83.13 29.68
2022 04 19 23 56 35.09 83.42 29.68
2022 04 19 23 57 35.31 83.71 29.69
2022 04 19 23 58 35.54 83.99 29.69
2022 04 19 23 59 35.76 84.28 29.69
2022 04 20 00 00 35.98 84.56 29.69
2022 04 20 00 01 36.20 84.84 29.69
2022 04 20 00 02 36.42 85.12 29.70
2022 04 20 00 03 36.64 85.41 29.70
2022 04 20 00 04 36.86 85.69 29.70
2022 04 20 00 05 37.08 85.96 29.70
2022 04 20 00 06 37.30 86.24 29.70
2022 04 20 00 07 37.53 86.52 29.70
2022 04 20 00 08 37.75 86.80 29.70
2022 04 20 00 09 37.97 87.07 29.70
2022 04 20 00 10 38.19 87.34 29.70
2022 04 20 00 11 38.41 87.62 29.70
2022 04 20 00 12 38.63 87.89 29.70
2022 04 20 00 13 38.85 88.16 29.70
2022 04 20 00 14 39.08 88.43 29.70
2022 04 20 00 15 39.30 88.70 29.70
2022 04 20 00 16 39.52 88.97 29.70
2022 04 20 00 17 39.74 89.24 29.70
2022 04 20 00 18 39.96 89.50 29.70
2022 04 20 00 19 40.18 89.77 29.70
2022 04 20 00 20 40.41 90.03 29.70
2022 04 20 00 21 40.63 90.30 29.70
2022 04 20 00 22 40.85 90.56 29.70
2022 04 20 00 23 41.07 90.82 29.69
2022 04 20 00 24 41.30 91.08 29.69
2022 04 20 00 25 41.52 91.34 29.69
2022 04 20 00 26 41.74 91.60 29.69
2022 04 20 00 27 41.96 91.86 29.69
2022 04 20 00 28 42.18 92.11 29.68
2022 04 20 00 29 42.41 92.37 29.68
2022 04 20 00 30 42.63 92.62 29.68
2022 04 20 00 31 42.85 92.88 29.67
2022 04 20 00 32 43.07 93.13 29.67
2022 04 20 00 33 43.30 93.38 29.66
2022 04 20 00 34 43.52 93.63 29.66
2022 04 20 00 35 43.74 93.88 29.65
2022 04 20 00 36 43.96 94.13 29.65
2022 04 20 00 37 44.19 94.37 29.64
2022 04 20 00 38 44.41 94.62 29.64
2022 04 20 00 39 44.63 94.87 29.63
2022 04 20 00 40 44.86 95.11 29.63
2022 04 20 00 41 45.08 95.35 29.62
2022 04 20 00 42 45.30 95.59 29.61
2022 04 20 00 43 45.52 95.83 29.61
2022 04 20 00 44 45.75 96.07 29.60
2022 04 20 00 45 45.97 96.31 29.59
2022 04 20 00 46 46.19 96.55 29.58
2022 04 20 00 47 46.42 96.78 29.57
2022 04 20 00 48 46.64 97.02 29.56
2022 04 20 00 49 46.86 97.25 29.56
2022 04 20 00 50 47.09 97.49 29.55
2022 04 20 00 51 47.31 97.72 29.53
2022 04 20 00 52 47.53 97.95 29.52
2022 04 20 00 53 47.76 98.18 29.51
2022 04 20 00 54 47.98 98.40 29.50
2022 04 20 00 55 48.20 98.63 29.49
2022 04 20 00 56 48.43 98.86 29.48
2022 04 20 00 57 48.65 99.08 29.46
2022 04 20 00 58 48.87 99.31 29.45
2022 04 20 00 59 49.10 99.53 29.43
2022 04 20 01 00 49.32 99.75 29.42
2022 04 20 01 01 49.55 99.97 29.40
2022 04 20 01 02 49.77 100.19 29.39
2022 04 20 01 03 49.99 100.41 29.37
2022 04 20 01 04 50.22 100.62 29.35
2022 04 20 01 05 50.44 100.84 29.34
2022 04 20 01 06 50.66 101.05 29.32
2022 04 20 01 07 50.89 101.27 29.30
2022 04 20 01 08 51.11 101.48 29.28
2022 04 20 01 09 51.34 101.69 29.26
2022 04 20 01 10 51.56 101.90 29.24
2022 04 20 01 11 51.78 102.11 29.22
2022 04 20 01 12 52.01 102.32 29.19
2022 04 20 01 13 52.23 102.52 29.17
2022 04 20 01 14 52.46 102.73 29.15
2022 04 20 01 15 52.68 102.93 29.13
2022 04 20 01 16 52.91 103.13 29.10
2022 04 20 01 17 53.13 103.33 29.08
2022 04 20 01 18 53.35 103.53 29.05
2022 04 20 01 19 53.58 103.73 29.03
2022 04 20 01 20 53.80 103.93 29.00
2022 04 20 01 21 54.03 104.13 28.98
2022 04 20 01 22 54.25 104.32 28.96
2022 04 20 01 23 54.47 104.52 28.93
2022 04 20 01 24 54.70 104.71 28.91
2022 04 20 01 25 54.92 104.90 28.89
2022 04 20 01 26 55.15 105.09 28.88
2022 04 20 01 27 55.37 105.28 28.87
2022 04 20 01 28 55.60 105.47 28.86
2022 04 20 01 29 55.82 105.66 28.86
2022 04 20 01 30 56.05 105.84 28.87
2022 04 20 01 31 56.27 106.03 28.89
2022 04 20 01 32 56.49 106.21 28.92
2022 04 20 01 33 56.72 106.40 28.97
2022 04 20 01 34 56.94 106.58 29.04
2022 04 20 01 35 57.17 106.76 29.15
2022 04 20 01 36 57.39 106.93 29.29
2022 04 20 01 37 57.62 107.11 29.48
2022 04 20 01 38 57.84 107.29 29.74
2022 04 20 01 39 58.07 107.46 30.09
2022 04 20 01 40 58.29 107.64 30.54
2022 04 20 01 41 58.52 107.81 31.15
2022 04 20 01 42 58.74 107.98 31.96
2022 04 20 01 43 58.97 108.15 33.03
2022 04 20 01 44 59.19 108.32 34.45
2022 04 20 01 45 59.42 108.49 36.34
2022 04 20 01 46 59.64 108.65 38.84
2022 04 20 01 47 59.86 108.82 42.14
2022 04 20 01 48 60.09 108.98 46.43
2022 04 20 01 49 60.31 109.15 51.92
2022 04 20 01 50 60.54 109.31 58.72
2022 04 20 01 51 60.76 109.47 66.77
2022 04 20 01 52 60.99 109.63 75.71
2022 04 20 01 53 61.21 109.78 84.92
2022 04 20 01 54 61.44 109.94 93.73
2022 04 20 01 55 61.66 110.10 101.61
2022 04 20 01 56 61.89 110.25 108.33
2022 04 20 01 57 62.11 110.40 113.91
2022 04 20 01 58 62.34 110.55 118.47
2022 04 20 01 59 62.56 110.70 122.19
2022 04 20 02 00 62.79 110.85 125.23
2022 04 20 02 01 63.01 111.00 127.73
2022 04 20 02 02 63.24 111.15 129.80
2022 04 20 02 03 63.46 111.29 131.54
2022 04 20 02 04 63.69 111.44 133.00
2022 04 20 02 05 63.91 111.58 134.24
2022 04 20 02 06 64.14 111.72 135.30
2022 04 20 02 07 64.36 111.86 136.22
2022 04 20 02 08 64.59 112.00 137.02
2022 04 20 02 09 64.81 112.14 137.71
2022 04 20 02 10 65.04 112.28 138.32
2022 04 20 02 11 65.26 112.41 138.86
2022 04 20 02 12 65.49 112.55 139.34
2022 04 20 02 13 65.71 112.68 139.77
2022 04 20 02 14 65.93 112.81 140.15
2022 04 20 02 15 66.16 112.94 140.49
2022 04 20 02 16 66.38 113.07 140.80
2022 04 20 02 17 66.61 113.20 141.07
2022 04 20 02 18 66.83 113.33 141.32
2022 04 20 02 19 67.06 113.45 141.55
2022 04 20 02 20 67.28 113.58 141.76
2022 04 20 02 21 67.51 113.70 141.94
2022 04 20 02 22 67.73 113.82 142.11
2022 04 20 02 23 67.96 113.94 142.26
2022 04 20 02 24 68.18 114.06 142.40
2022 04 20 02 25 68.41 114.18 142.53
2022 04 20 02 26 68.63 114.30 142.65
2022 04 20 02 27 68.86 114.42 142.75
2022 04 20 02 28 69.08 114.53 142.84
2022 04 20 02 29 69.30 114.64 142.93
2022 04 20 02 30 69.53 114.76 143.01
2022 04 20 02 31 69.75 114.87 143.07
2022 04 20 02 32 69.98 114.98 143.14
2022 04 20 02 33 70.20 115.09 143.19
2022 04 20 02 34 70.43 115.19 143.24
2022 04 20 02 35 70.65 115.30 143.28
2022 04 20 02 36 70.88 115.41 143.31
2022 04 20 02 37 71.10 115.51 143.34
2022 04 20 02 38 71.32 115.61 143.37
2022 04 20 02 39 71.55 115.71 143.39
2022 04 20 02 40 71.77 115.81 143.40
2022 04 20 02 41 72.00 115.91 143.41
2022 04 20 02 42 72.22 116.01 143.41
2022 04 20 02 43 72.44 116.11 143.41
2022 04 20 02 44 72.67 116.20 143.40
2022 04 20 02 45 72.89 116.30 143.39
2022 04 20 02 46 73.11 116.39 143.38
2022 04 20 02 47 73.34 116.48 143.36
2022 04 20 02 48 73.56 116.57 143.34
2022 04 20 02 49 73.78 116.66 143.31
2022 04 20 02 50 74.01 116.75 143.28
2022 04 20 02 51 74.23 116.84 143.24
2022 04 20 02 52 74.45 116.92 143.20
2022 04 20 02 53 74.68 117.01 143.15
2022 04 20 02 54 74.90 117.09 143.10
2022 04 20 02 55 75.12 117.18 143.05
2022 04 20 02 56 75.34 117.26 142.99
2022 04 20 02 57 75.57 117.34 142.92
2022 04 20 02 58 75.79 117.42 142.85
2022 04 20 02 59 76.01 117.49 142.78
2022 04 20 03 00 76.23 117.57 142.70
2022 04 20 03 01 76.46 117.65 142.61
2022 04 20 03 02 76.68 117.72 142.52
2022 04 20 03 03 76.90 117.79 142.42
2022 04 20 03 04 77.12 117.86 142.32
2022 04 20 03 05 77.34 117.94 142.21
2022 04 20 03 06 77.56 118.01 142.09
2022 04 20 03 07 77.78 118.07 141.97
2022 04 20 03 08 78.00 118.14 141.84
2022 04 20 03 09 78.22 118.21 141.70
2022 04 20 03 10 78.44 118.27 141.55
2022 04 20 03 11 78.66 118.34 141.40
2022 04 20 03 12 78.88 118.40 141.23
2022 04 20 03 13 79.10 118.46 141.06
2022 04 20 03 14 79.32 118.52 140.87
2022 04 20 03 15 79.54 118.58 140.67
2022 04 20 03 16 79.76 118.64 140.47
2022 04 20 03 17 79.97 118.70 140.25
2022 04 20 03 18 80.19 118.75 140.01
2022 04 20 03 19 80.41 118.81 139.77
2022 04 20 03 20 80.62 118.86 139.50
2022 04 20 03 21 80.84 118.92 139.22
2022 04 20 03 22 81.05 118.97 138.93
2022 04 20 03 23 81.27 119.02 138.61
2022 04 20 03 24 81.48 119.07 138.28
2022 04 20 03 25 81.69 119.12 137.92
2022 04 20 03 26 81.91 119.16 137.54
2022 04 20 03 27 82.12 119.21 137.13
2022 04 20 03 28 82.33 119.25 136.70
2022 04 20 03 29 82.54 119.30 136.24
2022 04 20 03 30 82.75 119.34 135.74
2022 04 20 03 31 82.95 119.38 135.21
2022 04 20 03 32 83.16 119.42 134.64
2022 04 20 03 33 83.36 119.46 134.02
2022 04 20 03 34 83.57 119.50 133.36
2022 04 20 03 35 83.77 119.54 132.65
2022 04 20 03 36 83.97 119.58 131.89
2022 04 20 03 37 84.16 119.61 131.06
2022 04 20 03 38 84.36 119.65 130.16
2022 04 20 03 39 84.55 119.68 129.19
2022 04 20 03 40 84.74 119.71 128.14
2022 04 20 03 41 84.93 119.75 127.00
2022 04 20 03 42 85.11 119.78 125.76
2022 04 20 03 43 85.29 119.81 124.42
2022 04 20 03 44 85.46 119.83 122.95
2022 04 20 03 45 85.63 119.86 121.35
2022 04 20 03 46 85.80 119.89 119.61
2022 04 20 03 47 85.95 119.91 117.71
2022 04 20 03 48 86.10 119.94 115.65
2022 04 20 03 49 86.25 119.96 113.41
2022 04 20 03 50 86.38 119.98 110.97
2022 04 20 03 51 86.51 120.00 108.34
2022 04 20 03 52 86.62 120.03 105.50
2022 04 20 03 53 86.73 120.04 102.46
2022 04 20 03 54 86.82 120.06 99.22
2022 04 20 03 55 86.89 120.08 95.80
2022 04 20 03 56 86.95 120.10 92.22
2022 04 20 03 57 87.00 120.11 88.51
2022 04 20 03 58 87.02 120.13 84.70
2022 04 20 03 59 87.03 120.14 80.86
2022 04 20 04 00 87.03 120.15 77.02
2022 04 20 04 01 87.00 120.17 73.24
2022 04 20 04 02 86.96 120.18 69.57
2022 04 20 04 03 86.90 120.19 66.04
2022 04 20 04 04 86.83 120.20 62.69
2022 04 20 04 05 86.74 120.20 59.54
2022 04 20 04 06 86.64 120.21 56.60
2022 04 20 04 07 86.53 120.22 53.89
2022 04 20 04 08 86.41 120.22 51.39
2022 04 20 04 09 86.27 120.23 49.11
2022 04 20 04 10 86.13 120.23 47.04
2022 04 20 04 11 85.98 120.23 45.16
2022 04 20 04 12 85.82 120.24 43.46
2022 04 20 04 13 85.66 120.24 41.92
2022 04 20 04 14 85.49 120.24 40.54
2022 04 20 04 15 85.32 120.24 39.29
2022 04 20 04 16 85.14 120.23 38.17
2022 04 20 04 17 84.96 120.23 37.16
2022 04 20 04 18 84.77 120.23 36.25
2022 04 20 04 19 84.58 120.22 35.43
2022 04 20 04 20 84.39 120.22 34.69
2022 04 20 04 21 84.20 120.21 34.03
2022 04 20 04 22 84.00 120.21 33.43
2022 04 20 04 23 83.80 120.20 32.89
2022 04 20 04 24 83.60 120.19 32.41
2022 04 20 04 25 83.40 120.18 31.97
2022 04 20 04 26 83.20 120.17 31.57
2022 04 20 04 27 82.99 120.16 31.21
2022 04 20 04 28 82.78 120.15 30.88
2022 04 20 04 29 82.58 0.00 0.00
2022 04 20 04 30 82.37 0.00 0.00
2022 04 20 04 31 82.16 0.00 0.00
2022 04 20 04 32 81.94 0.00 0.00
2022 04 20 04 33 81.73 0.00 0.00
2022 04 20 04 34 81.52 0.00 0.00
2022 04 20 04 35 81.31 0.00 0.00
2022 04 20 04 36 81.09 0.00 0.00
2022 04 20 04 37 80.88 0.00 0.00
2022 04 20 04 38 80.66 0.00 0.00
2022 04 20 04 39 80.45 0.00 0.00
2022 04 20 04 40 80.23 0.00 0.00
2022 04 20 04 41 80.01 0.00 0.00
2022 04 20 04 42 79.80 0.00 0.00
2022 04 20 04 43 79.58 0.00 0.00
2022 04 20 04 44 79.36 0.00 0.00
2022 04 20 04 45 79.14 0.00 0.00
2022 04 20 04 46 78.92 0.00 0.00
2022 04 20 04 47 78.70 0.00 0.00
2022 04 20 04 48 78.48 0.00 0.00
2022 04 20 04 49 78.26 0.00 0.00
2022 04 20 04 50 78.04 0.00 0.00
2022 04 20 04 51 77.82 0.00 0.00
2022 04 20 04 52 77.60 0.00 0.00
2022 04 20 04 53 77.38 0.00 0.00
2022 04 20 04 54 77.16 0.00 0.00
2022 04 20 04 55 76.94 0.00 0.00
2022 04 20 04 56 76.72 0.00 0.00
2022 04 20 04 57 76.50 0.00 0.00
2022 04 20 04 58 76.27 0.00 0.00
2022 04 20 04 59 76.05 0.00 0.00
