2022 04 20 17 00 -38.07 0.00 0.00
2022 04 20 17 01 -37.99 0.00 0.00
2022 04 20 17 02 -37.92 0.00 0.00
2022 04 20 17 03 -37.84 0.00 0.00
2022 04 20 17 04 -37.77 0.00 0.00
2022 04 20 17 05 -37.69 0.00 0.00
2022 04 20 17 06 -37.61 0.00 0.00
2022 04 20 17 07 -37.53 0.00 0.00
2022 04 20 17 08 -37.45 0.00 0.00
2022 04 20 17 09 -37.37 0.00 0.00
2022 04 20 17 10 -37.29 0.00 0.00
2022 04 20 17 11 -37.21 0.00 0.00
2022 04 20 17 12 -37.12 0.00 0.00
2022 04 20 17 13 -37.04 0.00 0.00
2022 04 20 17 14 -36.95 0.00 0.00
2022 04 20 17 15 -36.86 0.00 0.00
2022 04 20 17 16 -36.77 0.00 0.00
2022 04 20 17 17 -36.68 0.00 0.00
2022 04 20 17 18 -36.59 0.00 0.00
2022 04 20 17 19 -36.50 0.00 0.00
2022 04 20 17 20 -36.41 0.00 0.00
2022 04 20 17 21 -36.32 0.00 0.00
2022 04 20 17 22 -36.22 0.00 0.00
2022 04 20 17 23 -36.13 0.00 0.00
2022 04 20 17 24 -36.03 0.00 0.00
2022 04 20 17 25 -35.94 0.00 0.00
2022 04 20 17 26 -35.84 0.00 0.00
2022 04 20 17 27 -35.74 0.00 0.00
2022 04 20 17 28 -35.64 0.00 0.00
2022 04 20 17 29 -35.54 0.00 0.00
2022 04 20 17 30 -35.44 0.00 0.00
2022 04 20 17 31 -35.34 0.00 0.00
2022 04 20 17 32 -35.24 0.00 0.00
2022 04 20 17 33 -35.13 0.00 0.00
2022 04 20 17 34 -35.03 0.00 0.00
2022 04 20 17 35 -34.92 0.00 0.00
2022 04 20 17 36 -34.82 0.00 0.00
2022 04 20 17 37 -34.71 0.00 0.00
2022 04 20 17 38 -34.60 0.00 0.00
2022 04 20 17 39 -34.49 0.00 0.00
2022 04 20 17 40 -34.38 0.00 0.00
2022 04 20 17 41 -34.27 0.00 0.00
2022 04 20 17 42 -34.16 0.00 0.00
2022 04 20 17 43 -34.05 0.00 0.00
2022 04 20 17 44 -33.93 0.00 0.00
2022 04 20 17 45 -33.82 0.00 0.00
2022 04 20 17 46 -33.71 0.00 0.00
2022 04 20 17 47 -33.59 0.00 0.00
2022 04 20 17 48 -33.47 0.00 0.00
2022 04 20 17 49 -33.36 0.00 0.00
2022 04 20 17 50 -33.24 0.00 0.00
2022 04 20 17 51 -33.12 0.00 0.00
2022 04 20 17 52 -33.00 0.00 0.00
2022 04 20 17 53 -32.88 0.00 0.00
2022 04 20 17 54 -32.76 0.00 0.00
2022 04 20 17 55 -32.64 0.00 0.00
2022 04 20 17 56 -32.51 0.00 0.00
2022 04 20 17 57 -32.39 0.00 0.00
2022 04 20 17 58 -32.27 0.00 0.00
2022 04 20 17 59 -32.14 0.00 0.00
2022 04 20 18 00 -32.02 0.00 0.00
2022 04 20 18 01 -31.89 0.00 0.00
2022 04 20 18 02 -31.76 0.00 0.00
2022 04 20 18 03 -31.64 0.00 0.00
2022 04 20 18 04 -31.51 0.00 0.00
2022 04 20 18 05 -31.38 0.00 0.00
2022 04 20 18 06 -31.25 0.00 0.00
2022 04 20 18 07 -31.12 0.00 0.00
2022 04 20 18 08 -30.99 0.00 0.00
2022 04 20 18 09 -30.85 0.00 0.00
2022 04 20 18 10 -30.72 0.00 0.00
2022 04 20 18 11 -30.59 0.00 0.00
2022 04 20 18 12 -30.45 0.00 0.00
2022 04 20 18 13 -30.32 0.00 0.00
2022 04 20 18 14 -30.18 0.00 0.00
2022 04 20 18 15 -30.05 0.00 0.00
2022 04 20 18 16 -29.91 0.00 0.00
2022 04 20 18 17 -29.77 0.00 0.00
2022 04 20 18 18 -29.63 0.00 0.00
2022 04 20 18 19 -29.50 0.00 0.00
2022 04 20 18 20 -29.36 0.00 0.00
2022 04 20 18 21 -29.22 0.00 0.00
2022 04 20 18 22 -29.07 0.00 0.00
2022 04 20 18 23 -28.93 0.00 0.00
2022 04 20 18 24 -28.79 0.00 0.00
2022 04 20 18 25 -28.65 0.00 0.00
2022 04 20 18 26 -28.51 0.00 0.00
2022 04 20 18 27 -28.36 0.00 0.00
2022 04 20 18 28 -28.22 0.00 0.00
2022 04 20 18 29 -28.07 0.00 0.00
2022 04 20 18 30 -27.93 0.00 0.00
2022 04 20 18 31 -27.78 0.00 0.00
2022 04 20 18 32 -27.63 0.00 0.00
2022 04 20 18 33 -27.49 0.00 0.00
2022 04 20 18 34 -27.34 0.00 0.00
2022 04 20 18 35 -27.19 0.00 0.00
2022 04 20 18 36 -27.04 0.00 0.00
2022 04 20 18 37 -26.89 0.00 0.00
2022 04 20 18 38 -26.74 0.00 0.00
2022 04 20 18 39 -26.59 0.00 0.00
2022 04 20 18 40 -26.44 0.00 0.00
2022 04 20 18 41 -26.28 0.00 0.00
2022 04 20 18 42 -26.13 0.00 0.00
2022 04 20 18 43 -25.98 0.00 0.00
2022 04 20 18 44 -25.83 0.00 0.00
2022 04 20 18 45 -25.67 0.00 0.00
2022 04 20 18 46 -25.52 0.00 0.00
2022 04 20 18 47 -25.36 0.00 0.00
2022 04 20 18 48 -25.20 0.00 0.00
2022 04 20 18 49 -25.05 0.00 0.00
2022 04 20 18 50 -24.89 0.00 0.00
2022 04 20 18 51 -24.73 0.00 0.00
2022 04 20 18 52 -24.58 0.00 0.00
2022 04 20 18 53 -24.42 0.00 0.00
2022 04 20 18 54 -24.26 0.00 0.00
2022 04 20 18 55 -24.10 0.00 0.00
2022 04 20 18 56 -23.94 0.00 0.00
2022 04 20 18 57 -23.78 0.00 0.00
2022 04 20 18 58 -23.62 0.00 0.00
2022 04 20 18 59 -23.46 0.00 0.00
2022 04 20 19 00 -23.29 0.00 0.00
2022 04 20 19 01 -23.13 0.00 0.00
2022 04 20 19 02 -22.97 0.00 0.00
2022 04 20 19 03 -22.80 0.00 0.00
2022 04 20 19 04 -22.64 0.00 0.00
2022 04 20 19 05 -22.48 0.00 0.00
2022 04 20 19 06 -22.31 0.00 0.00
2022 04 20 19 07 -22.15 0.00 0.00
2022 04 20 19 08 -21.98 0.00 0.00
2022 04 20 19 09 -21.81 0.00 0.00
2022 04 20 19 10 -21.65 0.00 0.00
2022 04 20 19 11 -21.48 0.00 0.00
2022 04 20 19 12 -21.31 0.00 0.00
2022 04 20 19 13 -21.14 0.00 0.00
2022 04 20 19 14 -20.98 0.00 0.00
2022 04 20 19 15 -20.81 0.00 0.00
2022 04 20 19 16 -20.64 0.00 0.00
2022 04 20 19 17 -20.47 0.00 0.00
2022 04 20 19 18 -20.30 0.00 0.00
2022 04 20 19 19 -20.13 0.00 0.00
2022 04 20 19 20 -19.96 0.00 0.00
2022 04 20 19 21 -19.79 0.00 0.00
2022 04 20 19 22 -19.61 0.00 0.00
2022 04 20 19 23 -19.44 0.00 0.00
2022 04 20 19 24 -19.27 0.00 0.00
2022 04 20 19 25 -19.10 0.00 0.00
2022 04 20 19 26 -18.92 0.00 0.00
2022 04 20 19 27 -18.75 0.00 0.00
2022 04 20 19 28 -18.57 0.00 0.00
2022 04 20 19 29 -18.40 0.00 0.00
2022 04 20 19 30 -18.22 0.00 0.00
2022 04 20 19 31 -18.05 0.00 0.00
2022 04 20 19 32 -17.87 0.00 0.00
2022 04 20 19 33 -17.70 0.00 0.00
2022 04 20 19 34 -17.52 0.00 0.00
2022 04 20 19 35 -17.34 0.00 0.00
2022 04 20 19 36 -17.17 0.00 0.00
2022 04 20 19 37 -16.99 0.00 0.00
2022 04 20 19 38 -16.81 0.00 0.00
2022 04 20 19 39 -16.63 0.00 0.00
2022 04 20 19 40 -16.45 0.00 0.00
2022 04 20 19 41 -16.27 0.00 0.00
2022 04 20 19 42 -16.09 0.00 0.00
2022 04 20 19 43 -15.91 0.00 0.00
2022 04 20 19 44 -15.73 0.00 0.00
2022 04 20 19 45 -15.55 0.00 0.00
2022 04 20 19 46 -15.37 0.00 0.00
2022 04 20 19 47 -15.19 0.00 0.00
2022 04 20 19 48 -15.01 0.00 0.00
2022 04 20 19 49 -14.83 0.00 0.00
2022 04 20 19 50 -14.65 0.00 0.00
2022 04 20 19 51 -14.46 0.00 0.00
2022 04 20 19 52 -14.28 0.00 0.00
2022 04 20 19 53 -14.10 0.00 0.00
2022 04 20 19 54 -13.91 0.00 0.00
2022 04 20 19 55 -13.73 0.00 0.00
2022 04 20 19 56 -13.55 0.00 0.00
2022 04 20 19 57 -13.36 0.00 0.00
2022 04 20 19 58 -13.18 0.00 0.00
2022 04 20 19 59 -12.99 0.00 0.00
2022 04 20 20 00 -12.81 0.00 0.00
2022 04 20 20 01 -12.62 0.00 0.00
2022 04 20 20 02 -12.43 0.00 0.00
2022 04 20 20 03 -12.25 0.00 0.00
2022 04 20 20 04 -12.06 0.00 0.00
2022 04 20 20 05 -11.87 0.00 0.00
2022 04 20 20 06 -11.69 0.00 0.00
2022 04 20 20 07 -11.50 0.00 0.00
2022 04 20 20 08 -11.31 0.00 0.00
2022 04 20 20 09 -11.12 0.00 0.00
2022 04 20 20 10 -10.93 0.00 0.00
2022 04 20 20 11 -10.75 0.00 0.00
2022 04 20 20 12 -10.56 0.00 0.00
2022 04 20 20 13 -10.37 0.00 0.00
2022 04 20 20 14 -10.18 0.00 0.00
2022 04 20 20 15 -9.99 0.00 0.00
2022 04 20 20 16 -9.80 0.00 0.00
2022 04 20 20 17 -9.61 0.00 0.00
2022 04 20 20 18 -9.42 0.00 0.00
2022 04 20 20 19 -9.23 0.00 0.00
2022 04 20 20 20 -9.03 0.00 0.00
2022 04 20 20 21 -8.84 0.00 0.00
2022 04 20 20 22 -8.65 0.00 0.00
2022 04 20 20 23 -8.46 0.00 0.00
2022 04 20 20 24 -8.27 0.00 0.00
2022 04 20 20 25 -8.07 0.00 0.00
2022 04 20 20 26 -7.88 0.00 0.00
2022 04 20 20 27 -7.69 0.00 0.00
2022 04 20 20 28 -7.49 0.00 0.00
2022 04 20 20 29 -7.30 0.00 0.00
2022 04 20 20 30 -7.11 0.00 0.00
2022 04 20 20 31 -6.91 0.00 0.00
2022 04 20 20 32 -6.72 0.00 0.00
2022 04 20 20 33 -6.52 0.00 0.00
2022 04 20 20 34 -6.33 0.00 0.00
2022 04 20 20 35 -6.13 0.00 0.00
2022 04 20 20 36 -5.94 0.00 0.00
2022 04 20 20 37 -5.74 0.00 0.00
2022 04 20 20 38 -5.55 0.00 0.00
2022 04 20 20 39 -5.35 0.00 0.00
2022 04 20 20 40 -5.16 0.00 0.00
2022 04 20 20 41 -4.96 0.00 0.00
2022 04 20 20 42 -4.76 0.00 0.00
2022 04 20 20 43 -4.57 0.00 0.00
2022 04 20 20 44 -4.37 0.00 0.00
2022 04 20 20 45 -4.17 0.00 0.00
2022 04 20 20 46 -3.97 0.00 0.00
2022 04 20 20 47 -3.78 0.00 0.00
2022 04 20 20 48 -3.58 0.00 0.00
2022 04 20 20 49 -3.38 0.00 0.00
2022 04 20 20 50 -3.18 0.00 0.00
2022 04 20 20 51 -2.98 0.00 0.00
2022 04 20 20 52 -2.78 0.00 0.00
2022 04 20 20 53 -2.58 0.00 0.00
2022 04 20 20 54 -2.38 0.00 0.00
2022 04 20 20 55 -2.19 0.00 0.00
2022 04 20 20 56 -1.99 0.00 0.00
2022 04 20 20 57 -1.79 0.00 0.00
2022 04 20 20 58 -1.59 0.00 0.00
2022 04 20 20 59 -1.39 0.00 0.00
2022 04 20 21 00 -1.18 0.00 0.00
2022 04 20 21 01 -0.98 0.00 0.00
2022 04 20 21 02 -0.78 0.00 0.00
2022 04 20 21 03 -0.58 0.00 0.00
2022 04 20 21 04 -0.38 0.00 0.00
2022 04 20 21 05 -0.18 0.00 0.00
2022 04 20 21 06 0.02 0.00 0.00
2022 04 20 21 07 0.22 0.00 0.00
2022 04 20 21 08 0.43 0.00 0.00
2022 04 20 21 09 0.63 0.00 0.00
2022 04 20 21 10 0.83 0.00 0.00
2022 04 20 21 11 1.03 0.00 0.00
2022 04 20 21 12 1.24 0.00 0.00
2022 04 20 21 13 1.44 0.00 0.00
2022 04 20 21 14 1.64 0.00 0.00
2022 04 20 21 15 1.85 0.00 0.00
2022 04 20 21 16 2.05 0.00 0.00
2022 04 20 21 17 2.25 0.00 0.00
2022 04 20 21 18 2.46 0.00 0.00
2022 04 20 21 19 2.66 0.00 0.00
2022 04 20 21 20 2.87 0.00 0.00
2022 04 20 21 21 3.07 0.00 0.00
2022 04 20 21 22 3.28 0.00 0.00
2022 04 20 21 23 3.48 0.00 0.00
2022 04 20 21 24 3.69 0.00 0.00
2022 04 20 21 25 3.89 0.00 0.00
2022 04 20 21 26 4.10 0.00 0.00
2022 04 20 21 27 4.30 0.00 0.00
2022 04 20 21 28 4.51 0.00 0.00
2022 04 20 21 29 4.71 0.00 0.00
2022 04 20 21 30 4.92 0.00 0.00
2022 04 20 21 31 5.12 0.00 0.00
2022 04 20 21 32 5.33 0.00 0.00
2022 04 20 21 33 5.54 0.00 0.00
2022 04 20 21 34 5.74 0.00 0.00
2022 04 20 21 35 5.95 0.00 0.00
2022 04 20 21 36 6.16 0.00 0.00
2022 04 20 21 37 6.37 0.00 0.00
2022 04 20 21 38 6.57 0.00 0.00
2022 04 20 21 39 6.78 0.00 0.00
2022 04 20 21 40 6.99 0.00 0.00
2022 04 20 21 41 7.19 0.00 0.00
2022 04 20 21 42 7.40 0.00 0.00
2022 04 20 21 43 7.61 0.00 0.00
2022 04 20 21 44 7.82 0.00 0.00
2022 04 20 21 45 8.03 0.00 0.00
2022 04 20 21 46 8.24 0.00 0.00
2022 04 20 21 47 8.44 0.00 0.00
2022 04 20 21 48 8.65 0.00 0.00
2022 04 20 21 49 8.86 0.00 0.00
2022 04 20 21 50 9.07 0.00 0.00
2022 04 20 21 51 9.28 0.00 0.00
2022 04 20 21 52 9.49 0.00 0.00
2022 04 20 21 53 9.70 0.00 0.00
2022 04 20 21 54 9.91 0.00 0.00
2022 04 20 21 55 10.12 46.96 14.67
2022 04 20 21 56 10.33 47.27 14.67
2022 04 20 21 57 10.54 47.58 14.67
2022 04 20 21 58 10.75 47.90 14.67
2022 04 20 21 59 10.96 48.21 14.67
2022 04 20 22 00 11.17 48.52 14.67
2022 04 20 22 01 11.38 48.84 14.67
2022 04 20 22 02 11.59 49.15 14.67
2022 04 20 22 03 11.80 49.47 14.68
2022 04 20 22 04 12.01 49.79 14.68
2022 04 20 22 05 12.22 50.10 14.68
2022 04 20 22 06 12.43 50.42 14.68
2022 04 20 22 07 12.64 50.74 14.68
2022 04 20 22 08 12.86 51.06 14.68
2022 04 20 22 09 13.07 51.38 14.68
2022 04 20 22 10 13.28 51.70 14.68
2022 04 20 22 11 13.49 52.02 14.68
2022 04 20 22 12 13.70 52.34 14.68
2022 04 20 22 13 13.91 52.66 14.68
2022 04 20 22 14 14.13 52.99 14.68
2022 04 20 22 15 14.34 53.31 14.68
2022 04 20 22 16 14.55 53.63 14.68
2022 04 20 22 17 14.76 53.96 14.68
2022 04 20 22 18 14.98 54.28 14.68
2022 04 20 22 19 15.19 54.61 14.68
2022 04 20 22 20 15.40 54.93 14.68
2022 04 20 22 21 15.62 55.25 14.68
2022 04 20 22 22 15.83 55.58 14.68
2022 04 20 22 23 16.04 55.91 14.68
2022 04 20 22 24 16.25 56.23 14.68
2022 04 20 22 25 16.47 56.56 14.68
2022 04 20 22 26 16.68 56.88 14.68
2022 04 20 22 27 16.90 57.21 14.67
2022 04 20 22 28 17.11 57.53 14.67
2022 04 20 22 29 17.32 57.86 14.67
2022 04 20 22 30 17.54 58.19 14.67
2022 04 20 22 31 17.75 58.51 14.67
2022 04 20 22 32 17.97 58.84 14.67
2022 04 20 22 33 18.18 59.17 14.67
2022 04 20 22 34 18.39 59.49 14.67
2022 04 20 22 35 18.61 59.82 14.67
2022 04 20 22 36 18.82 60.14 14.67
2022 04 20 22 37 19.04 60.47 14.66
2022 04 20 22 38 19.25 60.80 14.66
2022 04 20 22 39 19.47 61.12 14.66
2022 04 20 22 40 19.68 61.45 14.66
2022 04 20 22 41 19.90 61.77 14.66
2022 04 20 22 42 20.11 62.10 14.66
2022 04 20 22 43 20.33 62.43 14.66
2022 04 20 22 44 20.54 62.75 14.65
2022 04 20 22 45 20.76 63.08 14.65
2022 04 20 22 46 20.97 63.40 14.65
2022 04 20 22 47 21.19 63.73 14.65
2022 04 20 22 48 21.41 64.05 14.65
2022 04 20 22 49 21.62 64.37 14.65
2022 04 20 22 50 21.84 64.70 14.64
2022 04 20 22 51 22.05 65.02 14.64
2022 04 20 22 52 22.27 65.34 14.64
2022 04 20 22 53 22.49 65.67 14.64
2022 04 20 22 54 22.70 65.99 14.64
2022 04 20 22 55 22.92 66.31 14.63
2022 04 20 22 56 23.14 66.63 14.63
2022 04 20 22 57 23.35 66.96 14.63
2022 04 20 22 58 23.57 67.28 14.63
2022 04 20 22 59 23.79 67.60 14.62
2022 04 20 23 00 24.00 67.92 14.62
2022 04 20 23 01 24.22 68.24 14.62
2022 04 20 23 02 24.44 68.56 14.62
2022 04 20 23 03 24.65 68.88 14.61
2022 04 20 23 04 24.87 69.20 14.61
2022 04 20 23 05 25.09 69.51 14.61
2022 04 20 23 06 25.31 69.83 14.61
2022 04 20 23 07 25.52 70.15 14.60
2022 04 20 23 08 25.74 70.47 14.60
2022 04 20 23 09 25.96 70.78 14.60
2022 04 20 23 10 26.18 71.10 14.60
2022 04 20 23 11 26.39 71.41 14.59
2022 04 20 23 12 26.61 71.73 14.59
2022 04 20 23 13 26.83 72.04 14.59
2022 04 20 23 14 27.05 72.36 14.58
2022 04 20 23 15 27.27 72.67 14.58
2022 04 20 23 16 27.48 72.98 14.58
2022 04 20 23 17 27.70 73.29 14.57
2022 04 20 23 18 27.92 73.61 14.57
2022 04 20 23 19 28.14 73.92 14.57
2022 04 20 23 20 28.36 74.23 14.56
2022 04 20 23 21 28.58 74.54 14.56
2022 04 20 23 22 28.79 74.84 14.56
2022 04 20 23 23 29.01 75.15 14.55
2022 04 20 23 24 29.23 75.46 14.55
2022 04 20 23 25 29.45 75.77 14.54
2022 04 20 23 26 29.67 76.07 14.54
2022 04 20 23 27 29.89 76.38 14.54
2022 04 20 23 28 30.11 76.68 14.53
2022 04 20 23 29 30.33 76.99 14.53
2022 04 20 23 30 30.55 77.29 14.53
2022 04 20 23 31 30.77 77.59 14.52
2022 04 20 23 32 30.98 77.89 14.52
2022 04 20 23 33 31.20 78.20 14.51
2022 04 20 23 34 31.42 78.50 14.51
2022 04 20 23 35 31.64 78.80 14.50
2022 04 20 23 36 31.86 79.10 14.50
2022 04 20 23 37 32.08 79.39 14.50
2022 04 20 23 38 32.30 79.69 14.49
2022 04 20 23 39 32.52 79.99 14.49
2022 04 20 23 40 32.74 80.28 14.48
2022 04 20 23 41 32.96 80.58 14.48
2022 04 20 23 42 33.18 80.87 14.47
2022 04 20 23 43 33.40 81.17 14.47
2022 04 20 23 44 33.62 81.46 14.46
2022 04 20 23 45 33.84 81.75 14.46
2022 04 20 23 46 34.06 82.04 14.46
2022 04 20 23 47 34.28 82.33 14.45
2022 04 20 23 48 34.50 82.62 14.45
2022 04 20 23 49 34.72 82.91 14.44
2022 04 20 23 50 34.94 83.20 14.44
2022 04 20 23 51 35.17 83.48 14.43
2022 04 20 23 52 35.39 83.77 14.43
2022 04 20 23 53 35.61 84.05 14.42
2022 04 20 23 54 35.83 84.34 14.42
2022 04 20 23 55 36.05 84.62 14.41
2022 04 20 23 56 36.27 84.90 14.40
2022 04 20 23 57 36.49 85.19 14.40
2022 04 20 23 58 36.71 85.47 14.39
2022 04 20 23 59 36.93 85.75 14.39
2022 04 21 00 00 37.15 86.02 14.38
2022 04 21 00 01 37.37 86.30 14.38
2022 04 21 00 02 37.60 86.58 14.37
2022 04 21 00 03 37.82 86.86 14.37
2022 04 21 00 04 38.04 87.13 14.36
2022 04 21 00 05 38.26 87.40 14.35
2022 04 21 00 06 38.48 87.68 14.35
2022 04 21 00 07 38.70 87.95 14.34
2022 04 21 00 08 38.92 88.22 14.34
2022 04 21 00 09 39.15 88.49 14.33
2022 04 21 00 10 39.37 88.76 14.33
2022 04 21 00 11 39.59 89.03 14.32
2022 04 21 00 12 39.81 89.30 14.31
2022 04 21 00 13 40.03 89.56 14.31
2022 04 21 00 14 40.26 89.83 14.30
2022 04 21 00 15 40.48 90.09 14.29
2022 04 21 00 16 40.70 90.35 14.29
2022 04 21 00 17 40.92 90.62 14.28
2022 04 21 00 18 41.14 90.88 14.28
2022 04 21 00 19 41.37 91.14 14.27
2022 04 21 00 20 41.59 91.40 14.26
2022 04 21 00 21 41.81 91.66 14.26
2022 04 21 00 22 42.03 91.91 14.25
2022 04 21 00 23 42.25 92.17 14.24
2022 04 21 00 24 42.48 92.42 14.24
2022 04 21 00 25 42.70 92.68 14.23
2022 04 21 00 26 42.92 92.93 14.22
2022 04 21 00 27 43.14 93.18 14.22
2022 04 21 00 28 43.37 93.43 14.21
2022 04 21 00 29 43.59 93.68 14.20
2022 04 21 00 30 43.81 93.93 14.20
2022 04 21 00 31 44.04 94.18 14.19
2022 04 21 00 32 44.26 94.43 14.18
2022 04 21 00 33 44.48 94.67 14.17
2022 04 21 00 34 44.70 94.92 14.17
2022 04 21 00 35 44.93 95.16 14.16
2022 04 21 00 36 45.15 95.40 14.15
2022 04 21 00 37 45.37 95.64 14.15
2022 04 21 00 38 45.60 95.89 14.14
2022 04 21 00 39 45.82 96.12 14.13
2022 04 21 00 40 46.04 96.36 14.12
2022 04 21 00 41 46.26 96.60 14.12
2022 04 21 00 42 46.49 96.83 14.11
2022 04 21 00 43 46.71 97.07 14.10
2022 04 21 00 44 46.93 97.30 14.10
2022 04 21 00 45 47.16 97.54 14.09
2022 04 21 00 46 47.38 97.77 14.08
2022 04 21 00 47 47.60 98.00 14.07
2022 04 21 00 48 47.83 98.23 14.07
2022 04 21 00 49 48.05 98.45 14.06
2022 04 21 00 50 48.27 98.68 14.05
2022 04 21 00 51 48.50 98.91 14.04
2022 04 21 00 52 48.72 99.13 14.04
2022 04 21 00 53 48.94 99.35 14.03
2022 04 21 00 54 49.17 99.58 14.02
2022 04 21 00 55 49.39 99.80 14.01
2022 04 21 00 56 49.62 100.02 14.01
2022 04 21 00 57 49.84 100.24 14.00
2022 04 21 00 58 50.06 100.45 13.99
2022 04 21 00 59 50.29 100.67 13.98
2022 04 21 01 00 50.51 100.89 13.98
2022 04 21 01 01 50.73 101.10 13.97
2022 04 21 01 02 50.96 101.31 13.96
2022 04 21 01 03 51.18 101.52 13.95
2022 04 21 01 04 51.41 101.73 13.95
2022 04 21 01 05 51.63 101.94 13.94
2022 04 21 01 06 51.85 102.15 13.93
2022 04 21 01 07 52.08 102.36 13.93
2022 04 21 01 08 52.30 102.57 13.92
2022 04 21 01 09 52.53 102.77 13.91
2022 04 21 01 10 52.75 102.97 13.91
2022 04 21 01 11 52.97 103.18 13.90
2022 04 21 01 12 53.20 103.38 13.89
2022 04 21 01 13 53.42 103.58 13.89
2022 04 21 01 14 53.65 103.78 13.88
2022 04 21 01 15 53.87 103.97 13.88
2022 04 21 01 16 54.10 104.17 13.87
2022 04 21 01 17 54.32 104.37 13.86
2022 04 21 01 18 54.54 104.56 13.86
2022 04 21 01 19 54.77 104.75 13.85
2022 04 21 01 20 54.99 104.94 13.85
2022 04 21 01 21 55.22 105.13 13.84
2022 04 21 01 22 55.44 105.32 13.84
2022 04 21 01 23 55.67 105.51 13.84
2022 04 21 01 24 55.89 105.70 13.83
2022 04 21 01 25 56.11 105.88 13.83
2022 04 21 01 26 56.34 106.07 13.83
2022 04 21 01 27 56.56 106.25 13.82
2022 04 21 01 28 56.79 106.43 13.82
2022 04 21 01 29 57.01 106.61 13.82
2022 04 21 01 30 57.24 106.79 13.82
2022 04 21 01 31 57.46 106.97 13.82
2022 04 21 01 32 57.69 107.15 13.82
2022 04 21 01 33 57.91 107.33 13.82
2022 04 21 01 34 58.14 107.50 13.82
2022 04 21 01 35 58.36 107.67 13.83
2022 04 21 01 36 58.58 107.85 13.83
2022 04 21 01 37 58.81 108.02 13.84
2022 04 21 01 38 59.03 108.19 13.84
2022 04 21 01 39 59.26 108.35 13.85
2022 04 21 01 40 59.48 108.52 13.86
2022 04 21 01 41 59.71 108.69 13.86
2022 04 21 01 42 59.93 108.85 13.88
2022 04 21 01 43 60.16 109.02 13.89
2022 04 21 01 44 60.38 109.18 13.90
2022 04 21 01 45 60.61 109.34 13.92
2022 04 21 01 46 60.83 109.50 13.93
2022 04 21 01 47 61.06 109.66 13.95
2022 04 21 01 48 61.28 109.82 13.97
2022 04 21 01 49 61.51 109.97 14.00
2022 04 21 01 50 61.73 110.13 14.02
2022 04 21 01 51 61.96 110.28 14.05
2022 04 21 01 52 62.18 110.43 14.08
2022 04 21 01 53 62.40 110.59 14.11
2022 04 21 01 54 62.63 110.74 14.15
2022 04 21 01 55 62.85 110.88 14.19
2022 04 21 01 56 63.08 111.03 14.24
2022 04 21 01 57 63.30 111.18 14.29
2022 04 21 01 58 63.53 111.32 14.34
2022 04 21 01 59 63.75 111.47 14.40
2022 04 21 02 00 63.98 111.61 14.46
2022 04 21 02 01 64.20 111.75 14.53
2022 04 21 02 02 64.43 111.89 14.60
2022 04 21 02 03 64.65 112.03 14.68
2022 04 21 02 04 64.88 112.17 14.77
2022 04 21 02 05 65.10 112.31 14.87
2022 04 21 02 06 65.33 112.44 14.97
2022 04 21 02 07 65.55 112.57 15.08
2022 04 21 02 08 65.78 112.71 15.21
2022 04 21 02 09 66.00 112.84 15.34
2022 04 21 02 10 66.23 112.97 15.48
2022 04 21 02 11 66.45 113.10 15.64
2022 04 21 02 12 66.68 113.23 15.81
2022 04 21 02 13 66.90 113.35 15.99
2022 04 21 02 14 67.12 113.48 16.19
2022 04 21 02 15 67.35 113.60 16.41
2022 04 21 02 16 67.57 113.73 16.64
2022 04 21 02 17 67.80 113.85 16.89
2022 04 21 02 18 68.02 113.97 17.17
2022 04 21 02 19 68.25 114.09 17.46
2022 04 21 02 20 68.47 114.21 17.78
2022 04 21 02 21 68.70 114.32 18.13
2022 04 21 02 22 68.92 114.44 18.51
2022 04 21 02 23 69.15 114.55 18.92
2022 04 21 02 24 69.37 114.67 19.36
2022 04 21 02 25 69.59 114.78 19.84
2022 04 21 02 26 69.82 114.89 20.36
2022 04 21 02 27 70.04 115.00 20.93
2022 04 21 02 28 70.27 115.11 21.54
2022 04 21 02 29 70.49 115.22 22.20
2022 04 21 02 30 70.72 115.32 22.92
2022 04 21 02 31 70.94 115.43 23.70
2022 04 21 02 32 71.16 115.53 24.54
2022 04 21 02 33 71.39 115.63 25.45
2022 04 21 02 34 71.61 115.73 26.44
2022 04 21 02 35 71.84 115.83 27.51
2022 04 21 02 36 72.06 115.93 28.68
2022 04 21 02 37 72.28 116.03 29.93
2022 04 21 02 38 72.51 116.13 31.29
2022 04 21 02 39 72.73 116.22 32.77
2022 04 21 02 40 72.95 116.32 34.36
2022 04 21 02 41 73.18 116.41 36.08
2022 04 21 02 42 73.40 116.50 37.93
2022 04 21 02 43 73.62 116.59 39.93
2022 04 21 02 44 73.85 116.68 42.07
2022 04 21 02 45 74.07 116.77 44.37
2022 04 21 02 46 74.29 116.85 46.83
2022 04 21 02 47 74.52 116.94 49.44
2022 04 21 02 48 74.74 117.03 52.22
2022 04 21 02 49 74.96 117.11 55.14
2022 04 21 02 50 75.18 117.19 58.20
2022 04 21 02 51 75.41 117.27 61.38
2022 04 21 02 52 75.63 117.35 64.67
2022 04 21 02 53 75.85 117.43 68.04
2022 04 21 02 54 76.07 117.51 71.46
2022 04 21 02 55 76.30 117.58 74.90
2022 04 21 02 56 76.52 117.66 78.32
2022 04 21 02 57 76.74 117.73 81.71
2022 04 21 02 58 76.96 117.81 85.01
2022 04 21 02 59 77.18 117.88 88.22
2022 04 21 03 00 77.40 117.95 91.31
2022 04 21 03 01 77.62 118.02 94.25
2022 04 21 03 02 77.84 118.09 97.05
2022 04 21 03 03 78.06 118.15 99.68
2022 04 21 03 04 78.28 118.22 102.15
2022 04 21 03 05 78.50 118.28 104.45
2022 04 21 03 06 78.72 118.35 106.59
2022 04 21 03 07 78.94 118.41 108.57
2022 04 21 03 08 79.16 118.47 110.39
2022 04 21 03 09 79.38 118.53 112.07
2022 04 21 03 10 79.60 118.59 113.61
2022 04 21 03 11 79.81 118.65 115.01
2022 04 21 03 12 80.03 118.71 116.28
2022 04 21 03 13 80.25 118.76 117.44
2022 04 21 03 14 80.46 118.82 118.48
2022 04 21 03 15 80.68 118.87 119.41
2022 04 21 03 16 80.89 118.92 120.24
2022 04 21 03 17 81.11 118.98 120.97
2022 04 21 03 18 81.32 119.03 121.60
2022 04 21 03 19 81.54 119.08 122.15
2022 04 21 03 20 81.75 119.12 122.61
2022 04 21 03 21 81.96 119.17 122.99
2022 04 21 03 22 82.17 119.22 123.28
2022 04 21 03 23 82.38 119.26 123.49
2022 04 21 03 24 82.59 119.31 123.63
2022 04 21 03 25 82.80 119.35 123.68
2022 04 21 03 26 83.00 119.39 123.65
2022 04 21 03 27 83.21 119.43 123.54
2022 04 21 03 28 83.41 119.47 123.35
2022 04 21 03 29 83.61 119.51 123.08
2022 04 21 03 30 83.81 119.55 122.72
2022 04 21 03 31 84.01 119.58 122.26
2022 04 21 03 32 84.21 119.62 121.72
2022 04 21 03 33 84.40 119.65 121.07
2022 04 21 03 34 84.59 119.69 120.31
2022 04 21 03 35 84.78 119.72 119.45
2022 04 21 03 36 84.96 119.75 118.47
2022 04 21 03 37 85.14 119.78 117.36
2022 04 21 03 38 85.32 119.81 116.11
2022 04 21 03 39 85.49 119.84 114.71
2022 04 21 03 40 85.66 119.87 113.16
2022 04 21 03 41 85.82 119.89 111.44
2022 04 21 03 42 85.98 119.92 109.54
2022 04 21 03 43 86.13 119.94 107.45
2022 04 21 03 44 86.27 119.97 105.15
2022 04 21 03 45 86.40 119.99 102.64
2022 04 21 03 46 86.52 120.01 99.92
2022 04 21 03 47 86.63 120.03 96.97
2022 04 21 03 48 86.73 120.05 93.81
2022 04 21 03 49 86.81 120.07 90.43
2022 04 21 03 50 86.88 120.08 86.87
2022 04 21 03 51 86.94 120.10 83.14
2022 04 21 03 52 86.98 120.12 79.28
2022 04 21 03 53 87.00 120.13 75.33
2022 04 21 03 54 87.00 120.14 71.33
2022 04 21 03 55 86.99 120.16 67.35
2022 04 21 03 56 86.96 120.17 63.42
2022 04 21 03 57 86.92 120.18 59.60
2022 04 21 03 58 86.86 120.19 55.91
2022 04 21 03 59 86.78 120.20 52.41
2022 04 21 04 00 86.69 120.21 49.09
2022 04 21 04 01 86.59 120.21 45.98
2022 04 21 04 02 86.47 120.22 43.09
2022 04 21 04 03 86.34 120.22 40.41
2022 04 21 04 04 86.21 120.23 37.94
2022 04 21 04 05 86.07 120.23 35.67
2022 04 21 04 06 85.91 120.23 33.59
2022 04 21 04 07 85.76 120.24 31.69
2022 04 21 04 08 85.59 120.24 29.95
2022 04 21 04 09 85.42 120.24 28.37
2022 04 21 04 10 85.25 120.24 26.93
2022 04 21 04 11 85.07 120.23 25.61
2022 04 21 04 12 84.89 120.23 24.42
2022 04 21 04 13 84.70 120.23 23.33
2022 04 21 04 14 84.51 120.22 22.34
2022 04 21 04 15 84.32 120.22 21.44
2022 04 21 04 16 84.13 120.21 20.62
2022 04 21 04 17 83.93 120.21 19.88
2022 04 21 04 18 83.73 120.20 19.20
2022 04 21 04 19 83.53 120.19 18.59
2022 04 21 04 20 83.33 120.18 18.03
2022 04 21 04 21 83.12 120.17 17.52
2022 04 21 04 22 82.92 120.16 17.06
2022 04 21 04 23 82.71 120.15 16.64
2022 04 21 04 24 82.50 120.13 16.26
2022 04 21 04 25 82.29 120.12 15.91
2022 04 21 04 26 82.08 120.11 15.59
2022 04 21 04 27 81.87 120.09 15.31
2022 04 21 04 28 81.66 120.08 15.05
2022 04 21 04 29 81.45 120.06 14.81
2022 04 21 04 30 81.23 0.00 0.00
2022 04 21 04 31 81.02 0.00 0.00
2022 04 21 04 32 80.81 0.00 0.00
2022 04 21 04 33 80.59 0.00 0.00
2022 04 21 04 34 80.37 0.00 0.00
2022 04 21 04 35 80.16 0.00 0.00
2022 04 21 04 36 79.94 0.00 0.00
2022 04 21 04 37 79.72 0.00 0.00
2022 04 21 04 38 79.51 0.00 0.00
2022 04 21 04 39 79.29 0.00 0.00
2022 04 21 04 40 79.07 0.00 0.00
2022 04 21 04 41 78.85 0.00 0.00
2022 04 21 04 42 78.63 0.00 0.00
2022 04 21 04 43 78.41 0.00 0.00
2022 04 21 04 44 78.19 0.00 0.00
2022 04 21 04 45 77.97 0.00 0.00
2022 04 21 04 46 77.75 0.00 0.00
2022 04 21 04 47 77.53 0.00 0.00
2022 04 21 04 48 77.31 0.00 0.00
2022 04 21 04 49 77.09 0.00 0.00
2022 04 21 04 50 76.87 0.00 0.00
2022 04 21 04 51 76.65 0.00 0.00
2022 04 21 04 52 76.43 0.00 0.00
2022 04 21 04 53 76.20 0.00 0.00
2022 04 21 04 54 75.98 0.00 0.00
2022 04 21 04 55 75.76 0.00 0.00
2022 04 21 04 56 75.54 0.00 0.00
2022 04 21 04 57 75.31 0.00 0.00
2022 04 21 04 58 75.09 0.00 0.00
2022 04 21 04 59 74.87 0.00 0.00
