2022 04 22 17 00 -37.46 0.00 0.00
2022 04 22 17 01 -37.38 0.00 0.00
2022 04 22 17 02 -37.30 0.00 0.00
2022 04 22 17 03 -37.22 0.00 0.00
2022 04 22 17 04 -37.13 0.00 0.00
2022 04 22 17 05 -37.05 0.00 0.00
2022 04 22 17 06 -36.96 0.00 0.00
2022 04 22 17 07 -36.87 0.00 0.00
2022 04 22 17 08 -36.79 0.00 0.00
2022 04 22 17 09 -36.70 0.00 0.00
2022 04 22 17 10 -36.61 0.00 0.00
2022 04 22 17 11 -36.52 0.00 0.00
2022 04 22 17 12 -36.42 0.00 0.00
2022 04 22 17 13 -36.33 0.00 0.00
2022 04 22 17 14 -36.24 0.00 0.00
2022 04 22 17 15 -36.14 0.00 0.00
2022 04 22 17 16 -36.05 0.00 0.00
2022 04 22 17 17 -35.95 0.00 0.00
2022 04 22 17 18 -35.85 0.00 0.00
2022 04 22 17 19 -35.76 0.00 0.00
2022 04 22 17 20 -35.66 0.00 0.00
2022 04 22 17 21 -35.56 0.00 0.00
2022 04 22 17 22 -35.45 0.00 0.00
2022 04 22 17 23 -35.35 0.00 0.00
2022 04 22 17 24 -35.25 0.00 0.00
2022 04 22 17 25 -35.15 0.00 0.00
2022 04 22 17 26 -35.04 0.00 0.00
2022 04 22 17 27 -34.94 0.00 0.00
2022 04 22 17 28 -34.83 0.00 0.00
2022 04 22 17 29 -34.72 0.00 0.00
2022 04 22 17 30 -34.62 0.00 0.00
2022 04 22 17 31 -34.51 0.00 0.00
2022 04 22 17 32 -34.40 0.00 0.00
2022 04 22 17 33 -34.29 0.00 0.00
2022 04 22 17 34 -34.17 0.00 0.00
2022 04 22 17 35 -34.06 0.00 0.00
2022 04 22 17 36 -33.95 0.00 0.00
2022 04 22 17 37 -33.84 0.00 0.00
2022 04 22 17 38 -33.72 0.00 0.00
2022 04 22 17 39 -33.61 0.00 0.00
2022 04 22 17 40 -33.49 0.00 0.00
2022 04 22 17 41 -33.37 0.00 0.00
2022 04 22 17 42 -33.25 0.00 0.00
2022 04 22 17 43 -33.14 0.00 0.00
2022 04 22 17 44 -33.02 0.00 0.00
2022 04 22 17 45 -32.90 0.00 0.00
2022 04 22 17 46 -32.78 0.00 0.00
2022 04 22 17 47 -32.65 0.00 0.00
2022 04 22 17 48 -32.53 0.00 0.00
2022 04 22 17 49 -32.41 0.00 0.00
2022 04 22 17 50 -32.28 0.00 0.00
2022 04 22 17 51 -32.16 0.00 0.00
2022 04 22 17 52 -32.03 0.00 0.00
2022 04 22 17 53 -31.91 0.00 0.00
2022 04 22 17 54 -31.78 0.00 0.00
2022 04 22 17 55 -31.65 0.00 0.00
2022 04 22 17 56 -31.52 0.00 0.00
2022 04 22 17 57 -31.40 0.00 0.00
2022 04 22 17 58 -31.27 0.00 0.00
2022 04 22 17 59 -31.14 0.00 0.00
2022 04 22 18 00 -31.00 0.00 0.00
2022 04 22 18 01 -30.87 0.00 0.00
2022 04 22 18 02 -30.74 0.00 0.00
2022 04 22 18 03 -30.61 0.00 0.00
2022 04 22 18 04 -30.47 0.00 0.00
2022 04 22 18 05 -30.34 0.00 0.00
2022 04 22 18 06 -30.20 0.00 0.00
2022 04 22 18 07 -30.07 0.00 0.00
2022 04 22 18 08 -29.93 0.00 0.00
2022 04 22 18 09 -29.79 0.00 0.00
2022 04 22 18 10 -29.65 0.00 0.00
2022 04 22 18 11 -29.51 0.00 0.00
2022 04 22 18 12 -29.38 0.00 0.00
2022 04 22 18 13 -29.24 0.00 0.00
2022 04 22 18 14 -29.09 0.00 0.00
2022 04 22 18 15 -28.95 0.00 0.00
2022 04 22 18 16 -28.81 0.00 0.00
2022 04 22 18 17 -28.67 0.00 0.00
2022 04 22 18 18 -28.53 0.00 0.00
2022 04 22 18 19 -28.38 0.00 0.00
2022 04 22 18 20 -28.24 0.00 0.00
2022 04 22 18 21 -28.09 0.00 0.00
2022 04 22 18 22 -27.95 0.00 0.00
2022 04 22 18 23 -27.80 0.00 0.00
2022 04 22 18 24 -27.65 0.00 0.00
2022 04 22 18 25 -27.51 0.00 0.00
2022 04 22 18 26 -27.36 0.00 0.00
2022 04 22 18 27 -27.21 0.00 0.00
2022 04 22 18 28 -27.06 0.00 0.00
2022 04 22 18 29 -26.91 0.00 0.00
2022 04 22 18 30 -26.76 0.00 0.00
2022 04 22 18 31 -26.61 0.00 0.00
2022 04 22 18 32 -26.46 0.00 0.00
2022 04 22 18 33 -26.31 0.00 0.00
2022 04 22 18 34 -26.15 0.00 0.00
2022 04 22 18 35 -26.00 0.00 0.00
2022 04 22 18 36 -25.85 0.00 0.00
2022 04 22 18 37 -25.69 0.00 0.00
2022 04 22 18 38 -25.54 0.00 0.00
2022 04 22 18 39 -25.38 0.00 0.00
2022 04 22 18 40 -25.23 0.00 0.00
2022 04 22 18 41 -25.07 0.00 0.00
2022 04 22 18 42 -24.91 0.00 0.00
2022 04 22 18 43 -24.76 0.00 0.00
2022 04 22 18 44 -24.60 0.00 0.00
2022 04 22 18 45 -24.44 0.00 0.00
2022 04 22 18 46 -24.28 0.00 0.00
2022 04 22 18 47 -24.12 0.00 0.00
2022 04 22 18 48 -23.96 0.00 0.00
2022 04 22 18 49 -23.80 0.00 0.00
2022 04 22 18 50 -23.64 0.00 0.00
2022 04 22 18 51 -23.48 0.00 0.00
2022 04 22 18 52 -23.32 0.00 0.00
2022 04 22 18 53 -23.15 0.00 0.00
2022 04 22 18 54 -22.99 0.00 0.00
2022 04 22 18 55 -22.83 0.00 0.00
2022 04 22 18 56 -22.66 0.00 0.00
2022 04 22 18 57 -22.50 0.00 0.00
2022 04 22 18 58 -22.33 0.00 0.00
2022 04 22 18 59 -22.17 0.00 0.00
2022 04 22 19 00 -22.00 0.00 0.00
2022 04 22 19 01 -21.84 0.00 0.00
2022 04 22 19 02 -21.67 0.00 0.00
2022 04 22 19 03 -21.50 0.00 0.00
2022 04 22 19 04 -21.34 0.00 0.00
2022 04 22 19 05 -21.17 0.00 0.00
2022 04 22 19 06 -21.00 0.00 0.00
2022 04 22 19 07 -20.83 0.00 0.00
2022 04 22 19 08 -20.66 0.00 0.00
2022 04 22 19 09 -20.49 0.00 0.00
2022 04 22 19 10 -20.32 0.00 0.00
2022 04 22 19 11 -20.15 0.00 0.00
2022 04 22 19 12 -19.98 0.00 0.00
2022 04 22 19 13 -19.81 0.00 0.00
2022 04 22 19 14 -19.64 0.00 0.00
2022 04 22 19 15 -19.46 0.00 0.00
2022 04 22 19 16 -19.29 0.00 0.00
2022 04 22 19 17 -19.12 0.00 0.00
2022 04 22 19 18 -18.95 0.00 0.00
2022 04 22 19 19 -18.77 0.00 0.00
2022 04 22 19 20 -18.60 0.00 0.00
2022 04 22 19 21 -18.42 0.00 0.00
2022 04 22 19 22 -18.25 0.00 0.00
2022 04 22 19 23 -18.07 0.00 0.00
2022 04 22 19 24 -17.90 0.00 0.00
2022 04 22 19 25 -17.72 0.00 0.00
2022 04 22 19 26 -17.54 0.00 0.00
2022 04 22 19 27 -17.37 0.00 0.00
2022 04 22 19 28 -17.19 0.00 0.00
2022 04 22 19 29 -17.01 0.00 0.00
2022 04 22 19 30 -16.83 0.00 0.00
2022 04 22 19 31 -16.66 0.00 0.00
2022 04 22 19 32 -16.48 0.00 0.00
2022 04 22 19 33 -16.30 0.00 0.00
2022 04 22 19 34 -16.12 0.00 0.00
2022 04 22 19 35 -15.94 0.00 0.00
2022 04 22 19 36 -15.76 0.00 0.00
2022 04 22 19 37 -15.58 0.00 0.00
2022 04 22 19 38 -15.40 0.00 0.00
2022 04 22 19 39 -15.22 0.00 0.00
2022 04 22 19 40 -15.04 0.00 0.00
2022 04 22 19 41 -14.85 0.00 0.00
2022 04 22 19 42 -14.67 0.00 0.00
2022 04 22 19 43 -14.49 0.00 0.00
2022 04 22 19 44 -14.31 0.00 0.00
2022 04 22 19 45 -14.12 0.00 0.00
2022 04 22 19 46 -13.94 0.00 0.00
2022 04 22 19 47 -13.76 0.00 0.00
2022 04 22 19 48 -13.57 0.00 0.00
2022 04 22 19 49 -13.39 0.00 0.00
2022 04 22 19 50 -13.20 0.00 0.00
2022 04 22 19 51 -13.02 0.00 0.00
2022 04 22 19 52 -12.83 0.00 0.00
2022 04 22 19 53 -12.65 0.00 0.00
2022 04 22 19 54 -12.46 0.00 0.00
2022 04 22 19 55 -12.27 0.00 0.00
2022 04 22 19 56 -12.09 0.00 0.00
2022 04 22 19 57 -11.90 0.00 0.00
2022 04 22 19 58 -11.71 0.00 0.00
2022 04 22 19 59 -11.52 0.00 0.00
2022 04 22 20 00 -11.34 0.00 0.00
2022 04 22 20 01 -11.15 0.00 0.00
2022 04 22 20 02 -10.96 0.00 0.00
2022 04 22 20 03 -10.77 0.00 0.00
2022 04 22 20 04 -10.58 0.00 0.00
2022 04 22 20 05 -10.39 0.00 0.00
2022 04 22 20 06 -10.20 0.00 0.00
2022 04 22 20 07 -10.01 0.00 0.00
2022 04 22 20 08 -9.82 0.00 0.00
2022 04 22 20 09 -9.63 0.00 0.00
2022 04 22 20 10 -9.44 0.00 0.00
2022 04 22 20 11 -9.25 0.00 0.00
2022 04 22 20 12 -9.06 0.00 0.00
2022 04 22 20 13 -8.87 0.00 0.00
2022 04 22 20 14 -8.68 0.00 0.00
2022 04 22 20 15 -8.49 0.00 0.00
2022 04 22 20 16 -8.29 0.00 0.00
2022 04 22 20 17 -8.10 0.00 0.00
2022 04 22 20 18 -7.91 0.00 0.00
2022 04 22 20 19 -7.71 0.00 0.00
2022 04 22 20 20 -7.52 0.00 0.00
2022 04 22 20 21 -7.33 0.00 0.00
2022 04 22 20 22 -7.13 0.00 0.00
2022 04 22 20 23 -6.94 0.00 0.00
2022 04 22 20 24 -6.75 0.00 0.00
2022 04 22 20 25 -6.55 0.00 0.00
2022 04 22 20 26 -6.36 0.00 0.00
2022 04 22 20 27 -6.16 0.00 0.00
2022 04 22 20 28 -5.97 0.00 0.00
2022 04 22 20 29 -5.77 0.00 0.00
2022 04 22 20 30 -5.57 0.00 0.00
2022 04 22 20 31 -5.38 0.00 0.00
2022 04 22 20 32 -5.18 0.00 0.00
2022 04 22 20 33 -4.99 0.00 0.00
2022 04 22 20 34 -4.79 0.00 0.00
2022 04 22 20 35 -4.59 0.00 0.00
2022 04 22 20 36 -4.40 0.00 0.00
2022 04 22 20 37 -4.20 0.00 0.00
2022 04 22 20 38 -4.00 0.00 0.00
2022 04 22 20 39 -3.80 0.00 0.00
2022 04 22 20 40 -3.60 0.00 0.00
2022 04 22 20 41 -3.41 0.00 0.00
2022 04 22 20 42 -3.21 0.00 0.00
2022 04 22 20 43 -3.01 0.00 0.00
2022 04 22 20 44 -2.81 0.00 0.00
2022 04 22 20 45 -2.61 0.00 0.00
2022 04 22 20 46 -2.41 0.00 0.00
2022 04 22 20 47 -2.21 0.00 0.00
2022 04 22 20 48 -2.01 0.00 0.00
2022 04 22 20 49 -1.81 0.00 0.00
2022 04 22 20 50 -1.61 0.00 0.00
2022 04 22 20 51 -1.41 0.00 0.00
2022 04 22 20 52 -1.21 0.00 0.00
2022 04 22 20 53 -1.01 0.00 0.00
2022 04 22 20 54 -0.81 0.00 0.00
2022 04 22 20 55 -0.61 0.00 0.00
2022 04 22 20 56 -0.41 0.00 0.00
2022 04 22 20 57 -0.21 0.00 0.00
2022 04 22 20 58 -0.00 0.00 0.00
2022 04 22 20 59 0.20 0.00 0.00
2022 04 22 21 00 0.40 0.00 0.00
2022 04 22 21 01 0.60 0.00 0.00
2022 04 22 21 02 0.80 0.00 0.00
2022 04 22 21 03 1.01 0.00 0.00
2022 04 22 21 04 1.21 0.00 0.00
2022 04 22 21 05 1.41 0.00 0.00
2022 04 22 21 06 1.62 0.00 0.00
2022 04 22 21 07 1.82 0.00 0.00
2022 04 22 21 08 2.02 0.00 0.00
2022 04 22 21 09 2.23 0.00 0.00
2022 04 22 21 10 2.43 0.00 0.00
2022 04 22 21 11 2.63 0.00 0.00
2022 04 22 21 12 2.84 0.00 0.00
2022 04 22 21 13 3.04 0.00 0.00
2022 04 22 21 14 3.25 0.00 0.00
2022 04 22 21 15 3.45 0.00 0.00
2022 04 22 21 16 3.66 0.00 0.00
2022 04 22 21 17 3.86 0.00 0.00
2022 04 22 21 18 4.07 0.00 0.00
2022 04 22 21 19 4.27 0.00 0.00
2022 04 22 21 20 4.48 0.00 0.00
2022 04 22 21 21 4.68 0.00 0.00
2022 04 22 21 22 4.89 0.00 0.00
2022 04 22 21 23 5.10 0.00 0.00
2022 04 22 21 24 5.30 0.00 0.00
2022 04 22 21 25 5.51 0.00 0.00
2022 04 22 21 26 5.72 0.00 0.00
2022 04 22 21 27 5.92 0.00 0.00
2022 04 22 21 28 6.13 0.00 0.00
2022 04 22 21 29 6.34 0.00 0.00
2022 04 22 21 30 6.54 0.00 0.00
2022 04 22 21 31 6.75 0.00 0.00
2022 04 22 21 32 6.96 0.00 0.00
2022 04 22 21 33 7.17 0.00 0.00
2022 04 22 21 34 7.37 0.00 0.00
2022 04 22 21 35 7.58 0.00 0.00
2022 04 22 21 36 7.79 0.00 0.00
2022 04 22 21 37 8.00 0.00 0.00
2022 04 22 21 38 8.21 0.00 0.00
2022 04 22 21 39 8.42 0.00 0.00
2022 04 22 21 40 8.62 0.00 0.00
2022 04 22 21 41 8.83 0.00 0.00
2022 04 22 21 42 9.04 0.00 0.00
2022 04 22 21 43 9.25 0.00 0.00
2022 04 22 21 44 9.46 0.00 0.00
2022 04 22 21 45 9.67 0.00 0.00
2022 04 22 21 46 9.88 0.00 0.00
2022 04 22 21 47 10.09 46.92 0.00
2022 04 22 21 48 10.30 47.23 0.00
2022 04 22 21 49 10.51 47.54 0.00
2022 04 22 21 50 10.72 47.85 0.00
2022 04 22 21 51 10.93 48.17 0.00
2022 04 22 21 52 11.14 48.48 0.00
2022 04 22 21 53 11.35 48.79 0.00
2022 04 22 21 54 11.56 49.11 0.00
2022 04 22 21 55 11.77 49.42 0.00
2022 04 22 21 56 11.98 49.74 0.00
2022 04 22 21 57 12.19 50.06 0.00
2022 04 22 21 58 12.40 50.38 0.00
2022 04 22 21 59 12.62 50.70 0.00
2022 04 22 22 00 12.83 51.01 12.70
2022 04 22 22 01 13.04 51.33 12.72
2022 04 22 22 02 13.25 51.66 12.73
2022 04 22 22 03 13.46 51.98 12.75
2022 04 22 22 04 13.67 52.30 12.77
2022 04 22 22 05 13.89 52.62 12.78
2022 04 22 22 06 14.10 52.94 12.80
2022 04 22 22 07 14.31 53.27 12.82
2022 04 22 22 08 14.52 53.59 12.84
2022 04 22 22 09 14.73 53.91 12.85
2022 04 22 22 10 14.95 54.24 12.87
2022 04 22 22 11 15.16 54.56 12.89
2022 04 22 22 12 15.37 54.89 12.90
2022 04 22 22 13 15.59 55.21 12.92
2022 04 22 22 14 15.80 55.54 12.94
2022 04 22 22 15 16.01 55.86 12.95
2022 04 22 22 16 16.23 56.19 12.97
2022 04 22 22 17 16.44 56.51 12.99
2022 04 22 22 18 16.65 56.84 13.00
2022 04 22 22 19 16.87 57.16 13.02
2022 04 22 22 20 17.08 57.49 13.04
2022 04 22 22 21 17.29 57.82 13.05
2022 04 22 22 22 17.51 58.14 13.07
2022 04 22 22 23 17.72 58.47 13.08
2022 04 22 22 24 17.94 58.79 13.10
2022 04 22 22 25 18.15 59.12 13.12
2022 04 22 22 26 18.36 59.45 13.13
2022 04 22 22 27 18.58 59.77 13.15
2022 04 22 22 28 18.79 60.10 13.17
2022 04 22 22 29 19.01 60.43 13.18
2022 04 22 22 30 19.22 60.75 13.20
2022 04 22 22 31 19.44 61.08 13.21
2022 04 22 22 32 19.65 61.40 13.23
2022 04 22 22 33 19.87 61.73 13.24
2022 04 22 22 34 20.08 62.06 13.26
2022 04 22 22 35 20.30 62.38 13.28
2022 04 22 22 36 20.51 62.71 13.29
2022 04 22 22 37 20.73 63.03 13.31
2022 04 22 22 38 20.94 63.36 13.32
2022 04 22 22 39 21.16 63.68 13.34
2022 04 22 22 40 21.38 64.00 13.35
2022 04 22 22 41 21.59 64.33 13.37
2022 04 22 22 42 21.81 64.65 13.38
2022 04 22 22 43 22.02 64.98 13.40
2022 04 22 22 44 22.24 65.30 13.41
2022 04 22 22 45 22.46 65.62 13.43
2022 04 22 22 46 22.67 65.95 13.44
2022 04 22 22 47 22.89 66.27 13.46
2022 04 22 22 48 23.11 66.59 13.47
2022 04 22 22 49 23.32 66.91 13.49
2022 04 22 22 50 23.54 67.23 13.50
2022 04 22 22 51 23.76 67.55 13.52
2022 04 22 22 52 23.97 67.87 13.53
2022 04 22 22 53 24.19 68.19 13.55
2022 04 22 22 54 24.41 68.51 13.56
2022 04 22 22 55 24.62 68.83 13.58
2022 04 22 22 56 24.84 69.15 13.59
2022 04 22 22 57 25.06 69.47 13.61
2022 04 22 22 58 25.28 69.79 13.62
2022 04 22 22 59 25.49 70.11 13.64
2022 04 22 23 00 25.71 70.42 13.65
2022 04 22 23 01 25.93 70.74 13.66
2022 04 22 23 02 26.15 71.06 13.68
2022 04 22 23 03 26.36 71.37 13.69
2022 04 22 23 04 26.58 71.69 13.71
2022 04 22 23 05 26.80 72.00 13.72
2022 04 22 23 06 27.02 72.31 13.74
2022 04 22 23 07 27.24 72.63 13.75
2022 04 22 23 08 27.45 72.94 13.76
2022 04 22 23 09 27.67 73.25 13.78
2022 04 22 23 10 27.89 73.56 13.79
2022 04 22 23 11 28.11 73.87 13.80
2022 04 22 23 12 28.33 74.18 13.82
2022 04 22 23 13 28.55 74.49 13.83
2022 04 22 23 14 28.76 74.80 13.85
2022 04 22 23 15 28.98 75.11 13.86
2022 04 22 23 16 29.20 75.42 13.87
2022 04 22 23 17 29.42 75.72 13.89
2022 04 22 23 18 29.64 76.03 13.90
2022 04 22 23 19 29.86 76.34 13.91
2022 04 22 23 20 30.08 76.64 13.93
2022 04 22 23 21 30.30 76.95 13.94
2022 04 22 23 22 30.52 77.25 13.95
2022 04 22 23 23 30.74 77.55 13.97
2022 04 22 23 24 30.95 77.85 13.98
2022 04 22 23 25 31.17 78.15 13.99
2022 04 22 23 26 31.39 78.46 14.01
2022 04 22 23 27 31.61 78.76 14.02
2022 04 22 23 28 31.83 79.05 14.03
2022 04 22 23 29 32.05 79.35 14.04
2022 04 22 23 30 32.27 79.65 14.06
2022 04 22 23 31 32.49 79.95 14.07
2022 04 22 23 32 32.71 80.24 14.08
2022 04 22 23 33 32.93 80.54 14.10
2022 04 22 23 34 33.15 80.83 14.11
2022 04 22 23 35 33.37 81.13 14.12
2022 04 22 23 36 33.59 81.42 14.13
2022 04 22 23 37 33.81 81.71 14.15
2022 04 22 23 38 34.03 82.00 14.16
2022 04 22 23 39 34.25 82.29 14.17
2022 04 22 23 40 34.47 82.58 14.18
2022 04 22 23 41 34.69 82.87 14.20
2022 04 22 23 42 34.91 83.16 14.21
2022 04 22 23 43 35.14 83.44 14.22
2022 04 22 23 44 35.36 83.73 14.23
2022 04 22 23 45 35.58 84.02 14.24
2022 04 22 23 46 35.80 84.30 14.26
2022 04 22 23 47 36.02 84.58 14.27
2022 04 22 23 48 36.24 84.87 14.28
2022 04 22 23 49 36.46 85.15 14.29
2022 04 22 23 50 36.68 85.43 14.30
2022 04 22 23 51 36.90 85.71 14.32
2022 04 22 23 52 37.12 85.99 14.33
2022 04 22 23 53 37.34 86.26 14.34
2022 04 22 23 54 37.57 86.54 14.35
2022 04 22 23 55 37.79 86.82 14.36
2022 04 22 23 56 38.01 87.09 14.37
2022 04 22 23 57 38.23 87.37 14.38
2022 04 22 23 58 38.45 87.64 14.40
2022 04 22 23 59 38.67 87.91 14.41
2022 04 23 00 00 38.89 88.18 14.42
2022 04 23 00 01 39.12 88.45 14.43
2022 04 23 00 02 39.34 88.72 14.44
2022 04 23 00 03 39.56 88.99 14.45
2022 04 23 00 04 39.78 89.26 14.46
2022 04 23 00 05 40.00 89.53 14.47
2022 04 23 00 06 40.22 89.79 14.49
2022 04 23 00 07 40.45 90.06 14.50
2022 04 23 00 08 40.67 90.32 14.51
2022 04 23 00 09 40.89 90.58 14.52
2022 04 23 00 10 41.11 90.84 14.53
2022 04 23 00 11 41.34 91.10 14.54
2022 04 23 00 12 41.56 91.36 14.55
2022 04 23 00 13 41.78 91.62 14.56
2022 04 23 00 14 42.00 91.88 14.57
2022 04 23 00 15 42.22 92.13 14.58
2022 04 23 00 16 42.45 92.39 14.59
2022 04 23 00 17 42.67 92.64 14.60
2022 04 23 00 18 42.89 92.90 14.61
2022 04 23 00 19 43.11 93.15 14.62
2022 04 23 00 20 43.34 93.40 14.63
2022 04 23 00 21 43.56 93.65 14.64
2022 04 23 00 22 43.78 93.90 14.65
2022 04 23 00 23 44.00 94.15 14.66
2022 04 23 00 24 44.23 94.39 14.67
2022 04 23 00 25 44.45 94.64 14.68
2022 04 23 00 26 44.67 94.88 14.69
2022 04 23 00 27 44.90 95.13 14.70
2022 04 23 00 28 45.12 95.37 14.71
2022 04 23 00 29 45.34 95.61 14.72
2022 04 23 00 30 45.56 95.85 14.73
2022 04 23 00 31 45.79 96.09 14.74
2022 04 23 00 32 46.01 96.33 14.75
2022 04 23 00 33 46.23 96.57 14.76
2022 04 23 00 34 46.46 96.80 14.77
2022 04 23 00 35 46.68 97.04 14.78
2022 04 23 00 36 46.90 97.27 14.79
2022 04 23 00 37 47.13 97.50 14.80
2022 04 23 00 38 47.35 97.73 14.81
2022 04 23 00 39 47.57 97.97 14.82
2022 04 23 00 40 47.80 98.19 14.83
2022 04 23 00 41 48.02 98.42 14.84
2022 04 23 00 42 48.24 98.65 14.85
2022 04 23 00 43 48.47 98.88 14.86
2022 04 23 00 44 48.69 99.10 14.87
2022 04 23 00 45 48.91 99.32 14.87
2022 04 23 00 46 49.14 99.55 14.88
2022 04 23 00 47 49.36 99.77 14.89
2022 04 23 00 48 49.58 99.99 14.90
2022 04 23 00 49 49.81 100.21 14.91
2022 04 23 00 50 50.03 100.42 14.92
2022 04 23 00 51 50.26 100.64 14.93
2022 04 23 00 52 50.48 100.86 14.94
2022 04 23 00 53 50.70 101.07 14.94
2022 04 23 00 54 50.93 101.28 14.95
2022 04 23 00 55 51.15 101.50 14.96
2022 04 23 00 56 51.38 101.71 14.97
2022 04 23 00 57 51.60 101.92 14.98
2022 04 23 00 58 51.82 102.12 14.99
2022 04 23 00 59 52.05 102.33 14.99
2022 04 23 01 00 52.27 102.54 15.00
2022 04 23 01 01 52.50 102.74 15.01
2022 04 23 01 02 52.72 102.95 15.02
2022 04 23 01 03 52.94 103.15 15.03
2022 04 23 01 04 53.17 103.35 15.04
2022 04 23 01 05 53.39 103.55 15.04
2022 04 23 01 06 53.62 103.75 15.05
2022 04 23 01 07 53.84 103.95 15.06
2022 04 23 01 08 54.06 104.14 15.07
2022 04 23 01 09 54.29 104.34 15.07
2022 04 23 01 10 54.51 104.53 15.08
2022 04 23 01 11 54.74 104.73 15.09
2022 04 23 01 12 54.96 104.92 15.10
2022 04 23 01 13 55.19 105.11 15.11
2022 04 23 01 14 55.41 105.30 15.11
2022 04 23 01 15 55.63 105.49 15.12
2022 04 23 01 16 55.86 105.67 15.13
2022 04 23 01 17 56.08 105.86 15.14
2022 04 23 01 18 56.31 106.04 15.14
2022 04 23 01 19 56.53 106.23 15.15
2022 04 23 01 20 56.76 106.41 15.16
2022 04 23 01 21 56.98 106.59 15.16
2022 04 23 01 22 57.21 106.77 15.17
2022 04 23 01 23 57.43 106.95 15.18
2022 04 23 01 24 57.65 107.12 15.19
2022 04 23 01 25 57.88 107.30 15.19
2022 04 23 01 26 58.10 107.48 15.20
2022 04 23 01 27 58.33 107.65 15.21
2022 04 23 01 28 58.55 107.82 15.21
2022 04 23 01 29 58.78 107.99 15.22
2022 04 23 01 30 59.00 108.16 15.23
2022 04 23 01 31 59.23 108.33 15.24
2022 04 23 01 32 59.45 108.50 15.24
2022 04 23 01 33 59.68 108.67 15.25
2022 04 23 01 34 59.90 108.83 15.26
2022 04 23 01 35 60.13 108.99 15.26
2022 04 23 01 36 60.35 109.16 15.27
2022 04 23 01 37 60.58 109.32 15.28
2022 04 23 01 38 60.80 109.48 15.28
2022 04 23 01 39 61.03 109.64 15.29
2022 04 23 01 40 61.25 109.79 15.30
2022 04 23 01 41 61.47 109.95 15.31
2022 04 23 01 42 61.70 110.11 15.31
2022 04 23 01 43 61.92 110.26 15.32
2022 04 23 01 44 62.15 110.41 15.33
2022 04 23 01 45 62.37 110.56 15.33
2022 04 23 01 46 62.60 110.71 15.34
2022 04 23 01 47 62.82 110.86 15.35
2022 04 23 01 48 63.05 111.01 15.35
2022 04 23 01 49 63.27 111.16 15.36
2022 04 23 01 50 63.50 111.30 15.37
2022 04 23 01 51 63.72 111.45 15.37
2022 04 23 01 52 63.95 111.59 15.38
2022 04 23 01 53 64.17 111.73 15.39
2022 04 23 01 54 64.40 111.87 15.40
2022 04 23 01 55 64.62 112.01 15.40
2022 04 23 01 56 64.85 112.15 15.41
2022 04 23 01 57 65.07 112.29 15.42
2022 04 23 01 58 65.30 112.42 15.43
2022 04 23 01 59 65.52 112.56 15.43
2022 04 23 02 00 65.75 112.69 15.44
2022 04 23 02 01 65.97 112.82 15.45
2022 04 23 02 02 66.20 112.95 15.46
2022 04 23 02 03 66.42 113.08 15.46
2022 04 23 02 04 66.64 113.21 15.47
2022 04 23 02 05 66.87 113.34 15.48
2022 04 23 02 06 67.09 113.46 15.49
2022 04 23 02 07 67.32 113.59 15.50
2022 04 23 02 08 67.54 113.71 15.51
2022 04 23 02 09 67.77 113.83 15.52
2022 04 23 02 10 67.99 113.95 15.53
2022 04 23 02 11 68.22 114.07 15.54
2022 04 23 02 12 68.44 114.19 15.54
2022 04 23 02 13 68.67 114.31 15.56
2022 04 23 02 14 68.89 114.42 15.57
2022 04 23 02 15 69.11 114.54 15.58
2022 04 23 02 16 69.34 114.65 15.59
2022 04 23 02 17 69.56 114.76 15.60
2022 04 23 02 18 69.79 114.87 15.61
2022 04 23 02 19 70.01 114.98 15.62
2022 04 23 02 20 70.24 115.09 15.64
2022 04 23 02 21 70.46 115.20 15.65
2022 04 23 02 22 70.68 115.31 15.66
2022 04 23 02 23 70.91 115.41 15.68
2022 04 23 02 24 71.13 115.52 15.69
2022 04 23 02 25 71.36 115.62 15.71
2022 04 23 02 26 71.58 115.72 15.72
2022 04 23 02 27 71.80 115.82 15.74
2022 04 23 02 28 72.03 115.92 15.76
2022 04 23 02 29 72.25 116.02 15.78
2022 04 23 02 30 72.48 116.11 15.80
2022 04 23 02 31 72.70 116.21 15.82
2022 04 23 02 32 72.92 116.30 15.84
2022 04 23 02 33 73.15 116.40 15.86
2022 04 23 02 34 73.37 116.49 15.89
2022 04 23 02 35 73.59 116.58 15.91
2022 04 23 02 36 73.82 116.67 15.94
2022 04 23 02 37 74.04 116.76 15.97
2022 04 23 02 38 74.26 116.84 16.00
2022 04 23 02 39 74.49 116.93 16.03
2022 04 23 02 40 74.71 117.01 16.06
2022 04 23 02 41 74.93 117.10 16.10
2022 04 23 02 42 75.15 117.18 16.13
2022 04 23 02 43 75.38 117.26 16.17
2022 04 23 02 44 75.60 117.34 16.22
2022 04 23 02 45 75.82 117.42 16.26
2022 04 23 02 46 76.04 117.50 16.31
2022 04 23 02 47 76.26 117.57 16.36
2022 04 23 02 48 76.49 117.65 16.41
2022 04 23 02 49 76.71 117.72 16.47
2022 04 23 02 50 76.93 117.80 16.53
2022 04 23 02 51 77.15 117.87 16.60
2022 04 23 02 52 77.37 117.94 16.67
2022 04 23 02 53 77.59 118.01 16.74
2022 04 23 02 54 77.81 118.08 16.82
2022 04 23 02 55 78.03 118.14 16.91
2022 04 23 02 56 78.25 118.21 17.00
2022 04 23 02 57 78.47 118.28 17.10
2022 04 23 02 58 78.69 118.34 17.21
2022 04 23 02 59 78.91 118.40 17.32
2022 04 23 03 00 79.13 118.46 17.44
2022 04 23 03 01 79.35 118.52 17.58
2022 04 23 03 02 79.57 118.58 17.72
2022 04 23 03 03 79.78 118.64 17.87
2022 04 23 03 04 80.00 118.70 18.03
2022 04 23 03 05 80.22 118.76 18.21
2022 04 23 03 06 80.43 118.81 18.40
2022 04 23 03 07 80.65 118.86 18.61
2022 04 23 03 08 80.86 118.92 18.83
2022 04 23 03 09 81.08 118.97 19.07
2022 04 23 03 10 81.29 119.02 19.33
2022 04 23 03 11 81.51 119.07 19.61
2022 04 23 03 12 81.72 119.12 19.91
2022 04 23 03 13 81.93 119.16 20.24
2022 04 23 03 14 82.14 119.21 20.60
2022 04 23 03 15 82.35 119.26 20.99
2022 04 23 03 16 82.56 119.30 21.41
2022 04 23 03 17 82.77 119.34 21.86
2022 04 23 03 18 82.97 119.39 22.36
2022 04 23 03 19 83.18 119.43 22.90
2022 04 23 03 20 83.38 119.47 23.49
2022 04 23 03 21 83.58 119.50 24.13
2022 04 23 03 22 83.79 119.54 24.83
2022 04 23 03 23 83.98 119.58 25.59
2022 04 23 03 24 84.18 119.61 26.42
2022 04 23 03 25 84.37 119.65 27.32
2022 04 23 03 26 84.56 119.68 28.31
2022 04 23 03 27 84.75 119.72 29.39
2022 04 23 03 28 84.94 119.75 30.57
2022 04 23 03 29 85.12 119.78 31.87
2022 04 23 03 30 85.30 119.81 33.28
2022 04 23 03 31 85.47 119.83 34.82
2022 04 23 03 32 85.64 119.86 36.51
2022 04 23 03 33 85.80 119.89 38.36
2022 04 23 03 34 85.96 119.91 40.37
2022 04 23 03 35 86.11 119.94 42.57
2022 04 23 03 36 86.25 119.96 44.96
2022 04 23 03 37 86.38 119.98 47.56
2022 04 23 03 38 86.50 120.01 50.36
2022 04 23 03 39 86.61 120.03 53.39
2022 04 23 03 40 86.71 120.05 56.62
2022 04 23 03 41 86.80 120.06 60.07
2022 04 23 03 42 86.87 120.08 63.71
2022 04 23 03 43 86.93 120.10 67.52
2022 04 23 03 44 86.97 120.11 71.46
2022 04 23 03 45 87.00 120.13 75.50
2022 04 23 03 46 87.00 120.14 79.58
2022 04 23 03 47 86.99 120.15 83.67
2022 04 23 03 48 86.97 120.17 87.70
2022 04 23 03 49 86.92 120.18 91.64
2022 04 23 03 50 86.86 120.19 95.44
2022 04 23 03 51 86.79 120.20 99.07
2022 04 23 03 52 86.70 120.20 102.52
2022 04 23 03 53 86.60 120.21 105.76
2022 04 23 03 54 86.49 120.22 108.78
2022 04 23 03 55 86.36 120.22 111.60
2022 04 23 03 56 86.23 120.23 114.20
2022 04 23 03 57 86.09 120.23 116.61
2022 04 23 03 58 85.94 120.23 118.83
2022 04 23 03 59 85.78 120.24 120.87
2022 04 23 04 00 85.62 120.24 122.74
2022 04 23 04 01 85.45 120.24 124.46
2022 04 23 04 02 85.27 120.24 126.03
2022 04 23 04 03 85.09 120.23 127.48
2022 04 23 04 04 84.91 120.23 128.80
2022 04 23 04 05 84.73 120.23 130.02
2022 04 23 04 06 84.54 120.22 131.13
2022 04 23 04 07 84.35 120.22 132.15
2022 04 23 04 08 84.15 120.21 133.09
2022 04 23 04 09 83.96 120.21 133.95
2022 04 23 04 10 83.76 120.20 134.73
2022 04 23 04 11 83.56 120.19 135.45
2022 04 23 04 12 83.35 120.18 136.10
2022 04 23 04 13 83.15 120.17 136.69
2022 04 23 04 14 82.95 120.16 137.23
2022 04 23 04 15 82.74 120.15 137.72
2022 04 23 04 16 82.53 120.14 138.16
2022 04 23 04 17 82.32 120.12 138.56
2022 04 23 04 18 82.11 120.11 138.91
2022 04 23 04 19 81.90 120.09 139.22
2022 04 23 04 20 81.69 120.08 139.49
2022 04 23 04 21 81.48 120.06 139.71
2022 04 23 04 22 81.26 120.05 139.91
2022 04 23 04 23 81.05 120.03 140.06
2022 04 23 04 24 80.83 120.01 140.18
2022 04 23 04 25 80.62 119.99 140.26
2022 04 23 04 26 80.40 119.97 140.30
2022 04 23 04 27 80.19 119.95 140.31
2022 04 23 04 28 79.97 119.93 140.27
2022 04 23 04 29 79.75 119.91 140.20
2022 04 23 04 30 79.54 0.00 0.00
2022 04 23 04 31 79.32 0.00 0.00
2022 04 23 04 32 79.10 0.00 0.00
2022 04 23 04 33 78.88 0.00 0.00
2022 04 23 04 34 78.66 0.00 0.00
2022 04 23 04 35 78.44 0.00 0.00
2022 04 23 04 36 78.22 0.00 0.00
2022 04 23 04 37 78.00 0.00 0.00
2022 04 23 04 38 77.78 0.00 0.00
2022 04 23 04 39 77.56 0.00 0.00
2022 04 23 04 40 77.34 0.00 0.00
2022 04 23 04 41 77.12 0.00 0.00
2022 04 23 04 42 76.90 0.00 0.00
2022 04 23 04 43 76.68 0.00 0.00
2022 04 23 04 44 76.46 0.00 0.00
2022 04 23 04 45 76.23 0.00 0.00
2022 04 23 04 46 76.01 0.00 0.00
2022 04 23 04 47 75.79 0.00 0.00
2022 04 23 04 48 75.57 0.00 0.00
2022 04 23 04 49 75.35 0.00 0.00
2022 04 23 04 50 75.12 0.00 0.00
2022 04 23 04 51 74.90 0.00 0.00
2022 04 23 04 52 74.68 0.00 0.00
2022 04 23 04 53 74.45 0.00 0.00
2022 04 23 04 54 74.23 0.00 0.00
2022 04 23 04 55 74.01 0.00 0.00
2022 04 23 04 56 73.79 0.00 0.00
2022 04 23 04 57 73.56 0.00 0.00
2022 04 23 04 58 73.34 0.00 0.00
2022 04 23 04 59 73.12 0.00 0.00
