2022 04 18 17 00 -38.72 0.00 0.00
2022 04 18 17 01 -38.66 0.00 0.00
2022 04 18 17 02 -38.59 0.00 0.00
2022 04 18 17 03 -38.53 0.00 0.00
2022 04 18 17 04 -38.46 0.00 0.00
2022 04 18 17 05 -38.39 0.00 0.00
2022 04 18 17 06 -38.32 0.00 0.00
2022 04 18 17 07 -38.25 0.00 0.00
2022 04 18 17 08 -38.18 0.00 0.00
2022 04 18 17 09 -38.11 0.00 0.00
2022 04 18 17 10 -38.04 0.00 0.00
2022 04 18 17 11 -37.96 0.00 0.00
2022 04 18 17 12 -37.89 0.00 0.00
2022 04 18 17 13 -37.81 0.00 0.00
2022 04 18 17 14 -37.74 0.00 0.00
2022 04 18 17 15 -37.66 0.00 0.00
2022 04 18 17 16 -37.58 0.00 0.00
2022 04 18 17 17 -37.50 0.00 0.00
2022 04 18 17 18 -37.42 0.00 0.00
2022 04 18 17 19 -37.33 0.00 0.00
2022 04 18 17 20 -37.25 0.00 0.00
2022 04 18 17 21 -37.17 0.00 0.00
2022 04 18 17 22 -37.08 0.00 0.00
2022 04 18 17 23 -37.00 0.00 0.00
2022 04 18 17 24 -36.91 0.00 0.00
2022 04 18 17 25 -36.82 0.00 0.00
2022 04 18 17 26 -36.73 0.00 0.00
2022 04 18 17 27 -36.64 0.00 0.00
2022 04 18 17 28 -36.55 0.00 0.00
2022 04 18 17 29 -36.46 0.00 0.00
2022 04 18 17 30 -36.37 0.00 0.00
2022 04 18 17 31 -36.27 0.00 0.00
2022 04 18 17 32 -36.18 0.00 0.00
2022 04 18 17 33 -36.08 0.00 0.00
2022 04 18 17 34 -35.99 0.00 0.00
2022 04 18 17 35 -35.89 0.00 0.00
2022 04 18 17 36 -35.79 0.00 0.00
2022 04 18 17 37 -35.69 0.00 0.00
2022 04 18 17 38 -35.59 0.00 0.00
2022 04 18 17 39 -35.49 0.00 0.00
2022 04 18 17 40 -35.39 0.00 0.00
2022 04 18 17 41 -35.29 0.00 0.00
2022 04 18 17 42 -35.18 0.00 0.00
2022 04 18 17 43 -35.08 0.00 0.00
2022 04 18 17 44 -34.97 0.00 0.00
2022 04 18 17 45 -34.87 0.00 0.00
2022 04 18 17 46 -34.76 0.00 0.00
2022 04 18 17 47 -34.65 0.00 0.00
2022 04 18 17 48 -34.54 0.00 0.00
2022 04 18 17 49 -34.43 0.00 0.00
2022 04 18 17 50 -34.32 0.00 0.00
2022 04 18 17 51 -34.21 0.00 0.00
2022 04 18 17 52 -34.10 0.00 0.00
2022 04 18 17 53 -33.99 0.00 0.00
2022 04 18 17 54 -33.87 0.00 0.00
2022 04 18 17 55 -33.76 0.00 0.00
2022 04 18 17 56 -33.64 0.00 0.00
2022 04 18 17 57 -33.53 0.00 0.00
2022 04 18 17 58 -33.41 0.00 0.00
2022 04 18 17 59 -33.29 0.00 0.00
2022 04 18 18 00 -33.17 0.00 0.00
2022 04 18 18 01 -33.05 0.00 0.00
2022 04 18 18 02 -32.93 0.00 0.00
2022 04 18 18 03 -32.81 0.00 0.00
2022 04 18 18 04 -32.69 0.00 0.00
2022 04 18 18 05 -32.57 0.00 0.00
2022 04 18 18 06 -32.44 0.00 0.00
2022 04 18 18 07 -32.32 0.00 0.00
2022 04 18 18 08 -32.19 0.00 0.00
2022 04 18 18 09 -32.07 0.00 0.00
2022 04 18 18 10 -31.94 0.00 0.00
2022 04 18 18 11 -31.82 0.00 0.00
2022 04 18 18 12 -31.69 0.00 0.00
2022 04 18 18 13 -31.56 0.00 0.00
2022 04 18 18 14 -31.43 0.00 0.00
2022 04 18 18 15 -31.30 0.00 0.00
2022 04 18 18 16 -31.17 0.00 0.00
2022 04 18 18 17 -31.04 0.00 0.00
2022 04 18 18 18 -30.91 0.00 0.00
2022 04 18 18 19 -30.77 0.00 0.00
2022 04 18 18 20 -30.64 0.00 0.00
2022 04 18 18 21 -30.51 0.00 0.00
2022 04 18 18 22 -30.37 0.00 0.00
2022 04 18 18 23 -30.24 0.00 0.00
2022 04 18 18 24 -30.10 0.00 0.00
2022 04 18 18 25 -29.96 0.00 0.00
2022 04 18 18 26 -29.83 0.00 0.00
2022 04 18 18 27 -29.69 0.00 0.00
2022 04 18 18 28 -29.55 0.00 0.00
2022 04 18 18 29 -29.41 0.00 0.00
2022 04 18 18 30 -29.27 0.00 0.00
2022 04 18 18 31 -29.13 0.00 0.00
2022 04 18 18 32 -28.99 0.00 0.00
2022 04 18 18 33 -28.85 0.00 0.00
2022 04 18 18 34 -28.70 0.00 0.00
2022 04 18 18 35 -28.56 0.00 0.00
2022 04 18 18 36 -28.42 0.00 0.00
2022 04 18 18 37 -28.27 0.00 0.00
2022 04 18 18 38 -28.13 0.00 0.00
2022 04 18 18 39 -27.98 0.00 0.00
2022 04 18 18 40 -27.84 0.00 0.00
2022 04 18 18 41 -27.69 0.00 0.00
2022 04 18 18 42 -27.54 0.00 0.00
2022 04 18 18 43 -27.39 0.00 0.00
2022 04 18 18 44 -27.24 0.00 0.00
2022 04 18 18 45 -27.10 0.00 0.00
2022 04 18 18 46 -26.95 0.00 0.00
2022 04 18 18 47 -26.80 0.00 0.00
2022 04 18 18 48 -26.64 0.00 0.00
2022 04 18 18 49 -26.49 0.00 0.00
2022 04 18 18 50 -26.34 0.00 0.00
2022 04 18 18 51 -26.19 0.00 0.00
2022 04 18 18 52 -26.04 0.00 0.00
2022 04 18 18 53 -25.88 0.00 0.00
2022 04 18 18 54 -25.73 0.00 0.00
2022 04 18 18 55 -25.57 0.00 0.00
2022 04 18 18 56 -25.42 0.00 0.00
2022 04 18 18 57 -25.26 0.00 0.00
2022 04 18 18 58 -25.10 0.00 0.00
2022 04 18 18 59 -24.95 0.00 0.00
2022 04 18 19 00 -24.79 0.00 0.00
2022 04 18 19 01 -24.63 0.00 0.00
2022 04 18 19 02 -24.47 0.00 0.00
2022 04 18 19 03 -24.32 0.00 0.00
2022 04 18 19 04 -24.16 0.00 0.00
2022 04 18 19 05 -24.00 0.00 0.00
2022 04 18 19 06 -23.84 0.00 0.00
2022 04 18 19 07 -23.67 0.00 0.00
2022 04 18 19 08 -23.51 0.00 0.00
2022 04 18 19 09 -23.35 0.00 0.00
2022 04 18 19 10 -23.19 0.00 0.00
2022 04 18 19 11 -23.03 0.00 0.00
2022 04 18 19 12 -22.86 0.00 0.00
2022 04 18 19 13 -22.70 0.00 0.00
2022 04 18 19 14 -22.53 0.00 0.00
2022 04 18 19 15 -22.37 0.00 0.00
2022 04 18 19 16 -22.20 0.00 0.00
2022 04 18 19 17 -22.04 0.00 0.00
2022 04 18 19 18 -21.87 0.00 0.00
2022 04 18 19 19 -21.71 0.00 0.00
2022 04 18 19 20 -21.54 0.00 0.00
2022 04 18 19 21 -21.37 0.00 0.00
2022 04 18 19 22 -21.20 0.00 0.00
2022 04 18 19 23 -21.03 0.00 0.00
2022 04 18 19 24 -20.87 0.00 0.00
2022 04 18 19 25 -20.70 0.00 0.00
2022 04 18 19 26 -20.53 0.00 0.00
2022 04 18 19 27 -20.36 0.00 0.00
2022 04 18 19 28 -20.19 0.00 0.00
2022 04 18 19 29 -20.01 0.00 0.00
2022 04 18 19 30 -19.84 0.00 0.00
2022 04 18 19 31 -19.67 0.00 0.00
2022 04 18 19 32 -19.50 0.00 0.00
2022 04 18 19 33 -19.33 0.00 0.00
2022 04 18 19 34 -19.15 0.00 0.00
2022 04 18 19 35 -18.98 0.00 0.00
2022 04 18 19 36 -18.81 0.00 0.00
2022 04 18 19 37 -18.63 0.00 0.00
2022 04 18 19 38 -18.46 0.00 0.00
2022 04 18 19 39 -18.28 0.00 0.00
2022 04 18 19 40 -18.11 0.00 0.00
2022 04 18 19 41 -17.93 0.00 0.00
2022 04 18 19 42 -17.76 0.00 0.00
2022 04 18 19 43 -17.58 0.00 0.00
2022 04 18 19 44 -17.40 0.00 0.00
2022 04 18 19 45 -17.22 0.00 0.00
2022 04 18 19 46 -17.05 0.00 0.00
2022 04 18 19 47 -16.87 0.00 0.00
2022 04 18 19 48 -16.69 0.00 0.00
2022 04 18 19 49 -16.51 0.00 0.00
2022 04 18 19 50 -16.33 0.00 0.00
2022 04 18 19 51 -16.15 0.00 0.00
2022 04 18 19 52 -15.97 0.00 0.00
2022 04 18 19 53 -15.79 0.00 0.00
2022 04 18 19 54 -15.61 0.00 0.00
2022 04 18 19 55 -15.43 0.00 0.00
2022 04 18 19 56 -15.25 0.00 0.00
2022 04 18 19 57 -15.07 0.00 0.00
2022 04 18 19 58 -14.89 0.00 0.00
2022 04 18 19 59 -14.70 0.00 0.00
2022 04 18 20 00 -14.52 0.00 0.00
2022 04 18 20 01 -14.34 0.00 0.00
2022 04 18 20 02 -14.16 0.00 0.00
2022 04 18 20 03 -13.97 0.00 0.00
2022 04 18 20 04 -13.79 0.00 0.00
2022 04 18 20 05 -13.60 0.00 0.00
2022 04 18 20 06 -13.42 0.00 0.00
2022 04 18 20 07 -13.23 0.00 0.00
2022 04 18 20 08 -13.05 0.00 0.00
2022 04 18 20 09 -12.86 0.00 0.00
2022 04 18 20 10 -12.68 0.00 0.00
2022 04 18 20 11 -12.49 0.00 0.00
2022 04 18 20 12 -12.31 0.00 0.00
2022 04 18 20 13 -12.12 0.00 0.00
2022 04 18 20 14 -11.93 0.00 0.00
2022 04 18 20 15 -11.75 0.00 0.00
2022 04 18 20 16 -11.56 0.00 0.00
2022 04 18 20 17 -11.37 0.00 0.00
2022 04 18 20 18 -11.18 0.00 0.00
2022 04 18 20 19 -10.99 0.00 0.00
2022 04 18 20 20 -10.80 0.00 0.00
2022 04 18 20 21 -10.62 0.00 0.00
2022 04 18 20 22 -10.43 0.00 0.00
2022 04 18 20 23 -10.24 0.00 0.00
2022 04 18 20 24 -10.05 0.00 0.00
2022 04 18 20 25 -9.86 0.00 0.00
2022 04 18 20 26 -9.67 0.00 0.00
2022 04 18 20 27 -9.48 0.00 0.00
2022 04 18 20 28 -9.28 0.00 0.00
2022 04 18 20 29 -9.09 0.00 0.00
2022 04 18 20 30 -8.90 0.00 0.00
2022 04 18 20 31 -8.71 0.00 0.00
2022 04 18 20 32 -8.52 0.00 0.00
2022 04 18 20 33 -8.33 0.00 0.00
2022 04 18 20 34 -8.13 0.00 0.00
2022 04 18 20 35 -7.94 0.00 0.00
2022 04 18 20 36 -7.75 0.00 0.00
2022 04 18 20 37 -7.55 0.00 0.00
2022 04 18 20 38 -7.36 0.00 0.00
2022 04 18 20 39 -7.17 0.00 0.00
2022 04 18 20 40 -6.97 0.00 0.00
2022 04 18 20 41 -6.78 0.00 0.00
2022 04 18 20 42 -6.58 0.00 0.00
2022 04 18 20 43 -6.39 0.00 0.00
2022 04 18 20 44 -6.19 0.00 0.00
2022 04 18 20 45 -6.00 0.00 0.00
2022 04 18 20 46 -5.80 0.00 0.00
2022 04 18 20 47 -5.61 0.00 0.00
2022 04 18 20 48 -5.41 0.00 0.00
2022 04 18 20 49 -5.21 0.00 0.00
2022 04 18 20 50 -5.02 0.00 0.00
2022 04 18 20 51 -4.82 0.00 0.00
2022 04 18 20 52 -4.62 0.00 0.00
2022 04 18 20 53 -4.43 0.00 0.00
2022 04 18 20 54 -4.23 0.00 0.00
2022 04 18 20 55 -4.03 0.00 0.00
2022 04 18 20 56 -3.83 0.00 0.00
2022 04 18 20 57 -3.64 0.00 0.00
2022 04 18 20 58 -3.44 0.00 0.00
2022 04 18 20 59 -3.24 0.00 0.00
2022 04 18 21 00 -3.04 0.00 0.00
2022 04 18 21 01 -2.84 0.00 0.00
2022 04 18 21 02 -2.64 0.00 0.00
2022 04 18 21 03 -2.44 0.00 0.00
2022 04 18 21 04 -2.24 0.00 0.00
2022 04 18 21 05 -2.04 0.00 0.00
2022 04 18 21 06 -1.84 0.00 0.00
2022 04 18 21 07 -1.64 0.00 0.00
2022 04 18 21 08 -1.44 0.00 0.00
2022 04 18 21 09 -1.24 0.00 0.00
2022 04 18 21 10 -1.04 0.00 0.00
2022 04 18 21 11 -0.84 0.00 0.00
2022 04 18 21 12 -0.64 0.00 0.00
2022 04 18 21 13 -0.44 0.00 0.00
2022 04 18 21 14 -0.24 0.00 0.00
2022 04 18 21 15 -0.04 0.00 0.00
2022 04 18 21 16 0.17 0.00 0.00
2022 04 18 21 17 0.37 0.00 0.00
2022 04 18 21 18 0.57 0.00 0.00
2022 04 18 21 19 0.77 0.00 0.00
2022 04 18 21 20 0.98 0.00 0.00
2022 04 18 21 21 1.18 0.00 0.00
2022 04 18 21 22 1.38 0.00 0.00
2022 04 18 21 23 1.58 0.00 0.00
2022 04 18 21 24 1.79 0.00 0.00
2022 04 18 21 25 1.99 0.00 0.00
2022 04 18 21 26 2.20 0.00 0.00
2022 04 18 21 27 2.40 0.00 0.00
2022 04 18 21 28 2.60 0.00 0.00
2022 04 18 21 29 2.81 0.00 0.00
2022 04 18 21 30 3.01 0.00 0.00
2022 04 18 21 31 3.22 0.00 0.00
2022 04 18 21 32 3.42 0.00 0.00
2022 04 18 21 33 3.63 0.00 0.00
2022 04 18 21 34 3.83 0.00 0.00
2022 04 18 21 35 4.04 0.00 0.00
2022 04 18 21 36 4.24 0.00 0.00
2022 04 18 21 37 4.45 0.00 0.00
2022 04 18 21 38 4.65 0.00 0.00
2022 04 18 21 39 4.86 0.00 0.00
2022 04 18 21 40 5.07 0.00 0.00
2022 04 18 21 41 5.27 0.00 0.00
2022 04 18 21 42 5.48 0.00 0.00
2022 04 18 21 43 5.69 0.00 0.00
2022 04 18 21 44 5.89 0.00 0.00
2022 04 18 21 45 6.10 0.00 0.00
2022 04 18 21 46 6.31 0.00 0.00
2022 04 18 21 47 6.51 0.00 0.00
2022 04 18 21 48 6.72 0.00 0.00
2022 04 18 21 49 6.93 0.00 0.00
2022 04 18 21 50 7.14 0.00 0.00
2022 04 18 21 51 7.34 0.00 0.00
2022 04 18 21 52 7.55 0.00 0.00
2022 04 18 21 53 7.76 0.00 0.00
2022 04 18 21 54 7.97 0.00 0.00
2022 04 18 21 55 8.18 0.00 0.00
2022 04 18 21 56 8.39 0.00 0.00
2022 04 18 21 57 8.59 0.00 0.00
2022 04 18 21 58 8.80 0.00 0.00
2022 04 18 21 59 9.01 0.00 0.00
2022 04 18 22 00 9.22 0.00 0.00
2022 04 18 22 01 9.43 0.00 0.00
2022 04 18 22 02 9.64 0.00 0.00
2022 04 18 22 03 9.85 0.00 0.00
2022 04 18 22 04 10.06 46.93 42.39
2022 04 18 22 05 10.27 47.24 42.43
2022 04 18 22 06 10.48 47.55 42.46
2022 04 18 22 07 10.69 47.86 42.49
2022 04 18 22 08 10.90 48.18 42.52
2022 04 18 22 09 11.11 48.49 42.56
2022 04 18 22 10 11.32 48.80 42.59
2022 04 18 22 11 11.53 49.12 42.62
2022 04 18 22 12 11.74 49.43 42.66
2022 04 18 22 13 11.95 49.75 42.69
2022 04 18 22 14 12.16 50.07 42.72
2022 04 18 22 15 12.37 50.38 42.75
2022 04 18 22 16 12.59 50.70 42.79
2022 04 18 22 17 12.80 51.02 42.82
2022 04 18 22 18 13.01 51.34 42.85
2022 04 18 22 19 13.22 51.66 42.88
2022 04 18 22 20 13.43 51.98 42.92
2022 04 18 22 21 13.64 52.30 42.95
2022 04 18 22 22 13.86 52.63 42.98
2022 04 18 22 23 14.07 52.95 43.01
2022 04 18 22 24 14.28 53.27 43.05
2022 04 18 22 25 14.49 53.59 43.08
2022 04 18 22 26 14.71 53.92 43.11
2022 04 18 22 27 14.92 54.24 43.14
2022 04 18 22 28 15.13 54.57 43.18
2022 04 18 22 29 15.34 54.89 43.21
2022 04 18 22 30 15.56 55.21 43.24
2022 04 18 22 31 15.77 55.54 43.28
2022 04 18 22 32 15.98 55.86 43.31
2022 04 18 22 33 16.20 56.19 43.34
2022 04 18 22 34 16.41 56.51 43.38
2022 04 18 22 35 16.62 56.84 43.41
2022 04 18 22 36 16.84 57.17 43.44
2022 04 18 22 37 17.05 57.49 43.48
2022 04 18 22 38 17.26 57.82 43.51
2022 04 18 22 39 17.48 58.14 43.54
2022 04 18 22 40 17.69 58.47 43.58
2022 04 18 22 41 17.91 58.80 43.61
2022 04 18 22 42 18.12 59.12 43.64
2022 04 18 22 43 18.34 59.45 43.68
2022 04 18 22 44 18.55 59.77 43.71
2022 04 18 22 45 18.76 60.10 43.75
2022 04 18 22 46 18.98 60.43 43.78
2022 04 18 22 47 19.19 60.75 43.82
2022 04 18 22 48 19.41 61.08 43.85
2022 04 18 22 49 19.62 61.40 43.89
2022 04 18 22 50 19.84 61.73 43.92
2022 04 18 22 51 20.05 62.06 43.96
2022 04 18 22 52 20.27 62.38 43.99
2022 04 18 22 53 20.49 62.71 44.03
2022 04 18 22 54 20.70 63.03 44.06
2022 04 18 22 55 20.92 63.36 44.10
2022 04 18 22 56 21.13 63.68 44.13
2022 04 18 22 57 21.35 64.00 44.17
2022 04 18 22 58 21.56 64.33 44.21
2022 04 18 22 59 21.78 64.65 44.24
2022 04 18 23 00 22.00 64.98 44.28
2022 04 18 23 01 22.21 65.30 44.32
2022 04 18 23 02 22.43 65.62 44.36
2022 04 18 23 03 22.64 65.95 44.39
2022 04 18 23 04 22.86 66.27 44.43
2022 04 18 23 05 23.08 66.59 44.47
2022 04 18 23 06 23.29 66.91 44.51
2022 04 18 23 07 23.51 67.23 44.55
2022 04 18 23 08 23.73 67.55 44.59
2022 04 18 23 09 23.94 67.87 44.63
2022 04 18 23 10 24.16 68.19 44.67
2022 04 18 23 11 24.38 68.51 44.71
2022 04 18 23 12 24.60 68.83 44.75
2022 04 18 23 13 24.81 69.15 44.79
2022 04 18 23 14 25.03 69.47 44.83
2022 04 18 23 15 25.25 69.79 44.88
2022 04 18 23 16 25.47 70.10 44.92
2022 04 18 23 17 25.68 70.42 44.96
2022 04 18 23 18 25.90 70.74 45.01
2022 04 18 23 19 26.12 71.05 45.05
2022 04 18 23 20 26.34 71.37 45.10
2022 04 18 23 21 26.55 71.68 45.14
2022 04 18 23 22 26.77 72.00 45.19
2022 04 18 23 23 26.99 72.31 45.23
2022 04 18 23 24 27.21 72.62 45.28
2022 04 18 23 25 27.43 72.94 45.33
2022 04 18 23 26 27.64 73.25 45.38
2022 04 18 23 27 27.86 73.56 45.43
2022 04 18 23 28 28.08 73.87 45.48
2022 04 18 23 29 28.30 74.18 45.53
2022 04 18 23 30 28.52 74.49 45.58
2022 04 18 23 31 28.74 74.80 45.64
2022 04 18 23 32 28.96 75.11 45.69
2022 04 18 23 33 29.17 75.41 45.75
2022 04 18 23 34 29.39 75.72 45.80
2022 04 18 23 35 29.61 76.03 45.86
2022 04 18 23 36 29.83 76.33 45.92
2022 04 18 23 37 30.05 76.64 45.98
2022 04 18 23 38 30.27 76.94 46.04
2022 04 18 23 39 30.49 77.25 46.10
2022 04 18 23 40 30.71 77.55 46.16
2022 04 18 23 41 30.93 77.85 46.23
2022 04 18 23 42 31.15 78.15 46.29
2022 04 18 23 43 31.37 78.45 46.36
2022 04 18 23 44 31.59 78.75 46.43
2022 04 18 23 45 31.81 79.05 46.50
2022 04 18 23 46 32.03 79.35 46.57
2022 04 18 23 47 32.25 79.65 46.65
2022 04 18 23 48 32.47 79.94 46.73
2022 04 18 23 49 32.69 80.24 46.80
2022 04 18 23 50 32.91 80.53 46.89
2022 04 18 23 51 33.13 80.83 46.97
2022 04 18 23 52 33.35 81.12 47.06
2022 04 18 23 53 33.57 81.42 47.14
2022 04 18 23 54 33.79 81.71 47.24
2022 04 18 23 55 34.01 82.00 47.33
2022 04 18 23 56 34.23 82.29 47.43
2022 04 18 23 57 34.45 82.58 47.53
2022 04 18 23 58 34.67 82.87 47.63
2022 04 18 23 59 34.89 83.15 47.74
2022 04 19 00 00 35.11 83.44 47.85
2022 04 19 00 01 35.33 83.73 47.97
2022 04 19 00 02 35.55 84.01 48.09
2022 04 19 00 03 35.77 84.30 48.22
2022 04 19 00 04 35.99 84.58 48.35
2022 04 19 00 05 36.21 84.86 48.48
2022 04 19 00 06 36.43 85.14 48.62
2022 04 19 00 07 36.66 85.42 48.77
2022 04 19 00 08 36.88 85.70 48.93
2022 04 19 00 09 37.10 85.98 49.09
2022 04 19 00 10 37.32 86.26 49.26
2022 04 19 00 11 37.54 86.54 49.43
2022 04 19 00 12 37.76 86.81 49.62
2022 04 19 00 13 37.98 87.09 49.82
2022 04 19 00 14 38.20 87.36 50.02
2022 04 19 00 15 38.43 87.64 50.24
2022 04 19 00 16 38.65 87.91 50.47
2022 04 19 00 17 38.87 88.18 50.71
2022 04 19 00 18 39.09 88.45 50.97
2022 04 19 00 19 39.31 88.72 51.24
2022 04 19 00 20 39.53 88.99 51.53
2022 04 19 00 21 39.76 89.26 51.84
2022 04 19 00 22 39.98 89.52 52.17
2022 04 19 00 23 40.20 89.79 52.52
2022 04 19 00 24 40.42 90.05 52.89
2022 04 19 00 25 40.64 90.32 53.29
2022 04 19 00 26 40.87 90.58 53.72
2022 04 19 00 27 41.09 90.84 54.18
2022 04 19 00 28 41.31 91.10 54.68
2022 04 19 00 29 41.53 91.36 55.22
2022 04 19 00 30 41.75 91.62 55.80
2022 04 19 00 31 41.98 91.88 56.43
2022 04 19 00 32 42.20 92.13 57.11
2022 04 19 00 33 42.42 92.39 57.86
2022 04 19 00 34 42.64 92.64 58.67
2022 04 19 00 35 42.87 92.89 59.56
2022 04 19 00 36 43.09 93.15 60.53
2022 04 19 00 37 43.31 93.40 61.59
2022 04 19 00 38 43.53 93.65 62.76
2022 04 19 00 39 43.76 93.90 64.04
2022 04 19 00 40 43.98 94.14 65.45
2022 04 19 00 41 44.20 94.39 67.01
2022 04 19 00 42 44.43 94.64 68.72
2022 04 19 00 43 44.65 94.88 70.60
2022 04 19 00 44 44.87 95.13 72.66
2022 04 19 00 45 45.09 95.37 74.91
2022 04 19 00 46 45.32 95.61 77.37
2022 04 19 00 47 45.54 95.85 80.03
2022 04 19 00 48 45.76 96.09 82.88
2022 04 19 00 49 45.99 96.33 85.92
2022 04 19 00 50 46.21 96.56 89.11
2022 04 19 00 51 46.43 96.80 92.43
2022 04 19 00 52 46.66 97.03 95.82
2022 04 19 00 53 46.88 97.27 99.24
2022 04 19 00 54 47.10 97.50 102.61
2022 04 19 00 55 47.33 97.73 105.90
2022 04 19 00 56 47.55 97.96 109.05
2022 04 19 00 57 47.77 98.19 112.01
2022 04 19 00 58 48.00 98.42 114.76
2022 04 19 00 59 48.22 98.65 117.29
2022 04 19 01 00 48.44 98.87 119.57
2022 04 19 01 01 48.67 99.10 121.63
2022 04 19 01 02 48.89 99.32 123.47
2022 04 19 01 03 49.11 99.54 125.09
2022 04 19 01 04 49.34 99.77 126.53
2022 04 19 01 05 49.56 99.99 127.79
2022 04 19 01 06 49.79 100.20 128.90
2022 04 19 01 07 50.01 100.42 129.87
2022 04 19 01 08 50.23 100.64 130.71
2022 04 19 01 09 50.46 100.85 131.45
2022 04 19 01 10 50.68 101.07 132.10
2022 04 19 01 11 50.90 101.28 132.66
2022 04 19 01 12 51.13 101.49 133.15
2022 04 19 01 13 51.35 101.70 133.58
2022 04 19 01 14 51.58 101.91 133.96
2022 04 19 01 15 51.80 102.12 134.28
2022 04 19 01 16 52.02 102.33 134.57
2022 04 19 01 17 52.25 102.54 134.82
2022 04 19 01 18 52.47 102.74 135.04
2022 04 19 01 19 52.70 102.94 135.23
2022 04 19 01 20 52.92 103.15 135.40
2022 04 19 01 21 53.14 103.35 135.54
2022 04 19 01 22 53.37 103.55 135.67
2022 04 19 01 23 53.59 103.75 135.78
2022 04 19 01 24 53.82 103.95 135.88
2022 04 19 01 25 54.04 104.14 135.96
2022 04 19 01 26 54.27 104.34 136.04
2022 04 19 01 27 54.49 104.53 136.10
2022 04 19 01 28 54.71 104.72 136.15
2022 04 19 01 29 54.94 104.92 136.20
2022 04 19 01 30 55.16 105.11 136.24
2022 04 19 01 31 55.39 105.30 136.27
2022 04 19 01 32 55.61 105.48 136.29
2022 04 19 01 33 55.84 105.67 136.32
2022 04 19 01 34 56.06 105.86 136.33
2022 04 19 01 35 56.29 106.04 136.35
2022 04 19 01 36 56.51 106.23 136.36
2022 04 19 01 37 56.73 106.41 136.36
2022 04 19 01 38 56.96 106.59 136.36
2022 04 19 01 39 57.18 106.77 136.37
2022 04 19 01 40 57.41 106.95 136.36
2022 04 19 01 41 57.63 107.12 136.36
2022 04 19 01 42 57.86 107.30 136.35
2022 04 19 01 43 58.08 107.48 136.35
2022 04 19 01 44 58.31 107.65 136.34
2022 04 19 01 45 58.53 107.82 136.33
2022 04 19 01 46 58.76 107.99 136.31
2022 04 19 01 47 58.98 108.16 136.30
2022 04 19 01 48 59.21 108.33 136.29
2022 04 19 01 49 59.43 108.50 136.27
2022 04 19 01 50 59.66 108.66 136.25
2022 04 19 01 51 59.88 108.83 136.24
2022 04 19 01 52 60.10 108.99 136.22
2022 04 19 01 53 60.33 109.16 136.20
2022 04 19 01 54 60.55 109.32 136.18
2022 04 19 01 55 60.78 109.48 136.16
2022 04 19 01 56 61.00 109.64 136.14
2022 04 19 01 57 61.23 109.79 136.12
2022 04 19 01 58 61.45 109.95 136.10
2022 04 19 01 59 61.68 110.11 136.07
2022 04 19 02 00 61.90 110.26 136.05
2022 04 19 02 01 62.13 110.41 136.03
2022 04 19 02 02 62.35 110.56 136.00
2022 04 19 02 03 62.58 110.71 135.98
2022 04 19 02 04 62.80 110.86 135.96
2022 04 19 02 05 63.03 111.01 135.93
2022 04 19 02 06 63.25 111.16 135.91
2022 04 19 02 07 63.48 111.30 135.88
2022 04 19 02 08 63.70 111.45 135.85
2022 04 19 02 09 63.93 111.59 135.83
2022 04 19 02 10 64.15 111.73 135.80
2022 04 19 02 11 64.38 111.87 135.78
2022 04 19 02 12 64.60 112.01 135.75
2022 04 19 02 13 64.83 112.15 135.72
2022 04 19 02 14 65.05 112.29 135.69
2022 04 19 02 15 65.28 112.42 135.66
2022 04 19 02 16 65.50 112.56 135.64
2022 04 19 02 17 65.73 112.69 135.61
2022 04 19 02 18 65.95 112.82 135.58
2022 04 19 02 19 66.18 112.95 135.55
2022 04 19 02 20 66.40 113.08 135.52
2022 04 19 02 21 66.62 113.21 135.49
2022 04 19 02 22 66.85 113.34 135.46
2022 04 19 02 23 67.07 113.46 135.43
2022 04 19 02 24 67.30 113.59 135.40
2022 04 19 02 25 67.52 113.71 135.36
2022 04 19 02 26 67.75 113.83 135.33
2022 04 19 02 27 67.97 113.95 135.30
2022 04 19 02 28 68.20 114.07 135.27
2022 04 19 02 29 68.42 114.19 135.23
2022 04 19 02 30 68.65 114.31 135.20
2022 04 19 02 31 68.87 114.42 135.16
2022 04 19 02 32 69.10 114.54 135.13
2022 04 19 02 33 69.32 114.65 135.09
2022 04 19 02 34 69.54 114.76 135.05
2022 04 19 02 35 69.77 114.88 135.02
2022 04 19 02 36 69.99 114.99 134.98
2022 04 19 02 37 70.22 115.09 134.94
2022 04 19 02 38 70.44 115.20 134.90
2022 04 19 02 39 70.67 115.31 134.86
2022 04 19 02 40 70.89 115.41 134.82
2022 04 19 02 41 71.11 115.52 134.78
2022 04 19 02 42 71.34 115.62 134.74
2022 04 19 02 43 71.56 115.72 134.69
2022 04 19 02 44 71.79 115.82 134.65
2022 04 19 02 45 72.01 115.92 134.60
2022 04 19 02 46 72.23 116.02 134.56
2022 04 19 02 47 72.46 116.11 134.51
2022 04 19 02 48 72.68 116.21 134.46
2022 04 19 02 49 72.91 116.30 134.41
2022 04 19 02 50 73.13 116.40 134.36
2022 04 19 02 51 73.35 116.49 134.30
2022 04 19 02 52 73.58 116.58 134.25
2022 04 19 02 53 73.80 116.67 134.19
2022 04 19 02 54 74.02 116.76 134.14
2022 04 19 02 55 74.25 116.84 134.08
2022 04 19 02 56 74.47 116.93 134.02
2022 04 19 02 57 74.69 117.01 133.95
2022 04 19 02 58 74.91 117.10 133.89
2022 04 19 02 59 75.14 117.18 133.82
2022 04 19 03 00 75.36 117.26 133.75
2022 04 19 03 01 75.58 117.34 133.68
2022 04 19 03 02 75.80 117.42 133.61
2022 04 19 03 03 76.03 117.50 133.53
2022 04 19 03 04 76.25 117.58 133.45
2022 04 19 03 05 76.47 117.65 133.37
2022 04 19 03 06 76.69 117.72 133.28
2022 04 19 03 07 76.91 117.80 133.20
2022 04 19 03 08 77.14 117.87 133.10
2022 04 19 03 09 77.36 117.94 133.01
2022 04 19 03 10 77.58 118.01 132.91
2022 04 19 03 11 77.80 118.08 132.80
2022 04 19 03 12 78.02 118.15 132.70
2022 04 19 03 13 78.24 118.21 132.58
2022 04 19 03 14 78.46 118.28 132.46
2022 04 19 03 15 78.68 118.34 132.34
2022 04 19 03 16 78.90 118.40 132.21
2022 04 19 03 17 79.12 118.47 132.08
2022 04 19 03 18 79.33 118.53 131.93
2022 04 19 03 19 79.55 118.59 131.78
2022 04 19 03 20 79.77 118.64 131.62
2022 04 19 03 21 79.99 118.70 131.46
2022 04 19 03 22 80.21 118.76 131.28
2022 04 19 03 23 80.42 118.81 131.10
2022 04 19 03 24 80.64 118.87 130.90
2022 04 19 03 25 80.85 118.92 130.70
2022 04 19 03 26 81.07 118.97 130.48
2022 04 19 03 27 81.28 119.02 130.24
2022 04 19 03 28 81.50 119.07 130.00
2022 04 19 03 29 81.71 119.12 129.73
2022 04 19 03 30 81.92 119.17 129.45
2022 04 19 03 31 82.13 119.21 129.15
2022 04 19 03 32 82.34 119.26 128.83
2022 04 19 03 33 82.55 119.30 128.49
2022 04 19 03 34 82.76 119.34 128.12
2022 04 19 03 35 82.97 119.39 127.73
2022 04 19 03 36 83.17 119.43 127.31
2022 04 19 03 37 83.38 119.47 126.85
2022 04 19 03 38 83.58 119.51 126.35
2022 04 19 03 39 83.78 119.54 125.82
2022 04 19 03 40 83.98 119.58 125.24
2022 04 19 03 41 84.18 119.62 124.62
2022 04 19 03 42 84.37 119.65 123.94
2022 04 19 03 43 84.56 119.68 123.20
2022 04 19 03 44 84.75 119.72 122.39
2022 04 19 03 45 84.94 119.75 121.50
2022 04 19 03 46 85.12 119.78 120.54
2022 04 19 03 47 85.30 119.81 119.48
2022 04 19 03 48 85.47 119.84 118.33
2022 04 19 03 49 85.64 119.86 117.06
2022 04 19 03 50 85.81 119.89 115.66
2022 04 19 03 51 85.96 119.91 114.14
2022 04 19 03 52 86.11 119.94 112.46
2022 04 19 03 53 86.26 119.96 110.63
2022 04 19 03 54 86.39 119.99 108.63
2022 04 19 03 55 86.52 120.01 106.46
2022 04 19 03 56 86.63 120.03 104.10
2022 04 19 03 57 86.73 120.05 101.57
2022 04 19 03 58 86.82 120.06 98.86
2022 04 19 03 59 86.90 120.08 95.98
2022 04 19 04 00 86.95 120.10 92.97
2022 04 19 04 01 87.00 120.11 89.85
2022 04 19 04 02 87.02 120.13 86.65
2022 04 19 04 03 87.03 120.14 83.42
2022 04 19 04 04 87.03 120.16 80.21
2022 04 19 04 05 87.00 120.17 77.07
2022 04 19 04 06 86.96 120.18 74.03
2022 04 19 04 07 86.90 120.19 71.13
2022 04 19 04 08 86.82 120.20 68.39
2022 04 19 04 09 86.74 120.20 65.85
2022 04 19 04 10 86.64 120.21 63.51
2022 04 19 04 11 86.52 120.22 61.36
2022 04 19 04 12 86.40 120.22 59.41
2022 04 19 04 13 86.26 120.23 57.65
2022 04 19 04 14 86.12 120.23 56.07
2022 04 19 04 15 85.97 120.23 54.65
2022 04 19 04 16 85.81 120.24 53.38
2022 04 19 04 17 85.65 120.24 52.25
2022 04 19 04 18 85.48 120.24 51.24
2022 04 19 04 19 85.31 120.24 50.34
2022 04 19 04 20 85.13 120.23 49.54
2022 04 19 04 21 84.95 120.23 48.83
2022 04 19 04 22 84.76 120.23 48.19
2022 04 19 04 23 84.57 120.22 47.62
2022 04 19 04 24 84.38 120.22 47.11
2022 04 19 04 25 84.18 120.21 46.65
2022 04 19 04 26 83.99 120.21 46.24
2022 04 19 04 27 83.79 120.20 45.88
2022 04 19 04 28 83.59 120.19 45.55
2022 04 19 04 29 83.39 0.00 0.00
2022 04 19 04 30 83.18 0.00 0.00
2022 04 19 04 31 82.98 0.00 0.00
2022 04 19 04 32 82.77 0.00 0.00
2022 04 19 04 33 82.56 0.00 0.00
2022 04 19 04 34 82.35 0.00 0.00
2022 04 19 04 35 82.14 0.00 0.00
2022 04 19 04 36 81.93 0.00 0.00
2022 04 19 04 37 81.72 0.00 0.00
2022 04 19 04 38 81.51 0.00 0.00
2022 04 19 04 39 81.29 0.00 0.00
2022 04 19 04 40 81.08 0.00 0.00
2022 04 19 04 41 80.86 0.00 0.00
2022 04 19 04 42 80.65 0.00 0.00
2022 04 19 04 43 80.43 0.00 0.00
2022 04 19 04 44 80.21 0.00 0.00
2022 04 19 04 45 80.00 0.00 0.00
2022 04 19 04 46 79.78 0.00 0.00
2022 04 19 04 47 79.56 0.00 0.00
2022 04 19 04 48 79.34 0.00 0.00
2022 04 19 04 49 79.13 0.00 0.00
2022 04 19 04 50 78.91 0.00 0.00
2022 04 19 04 51 78.69 0.00 0.00
2022 04 19 04 52 78.47 0.00 0.00
2022 04 19 04 53 78.25 0.00 0.00
2022 04 19 04 54 78.03 0.00 0.00
2022 04 19 04 55 77.81 0.00 0.00
2022 04 19 04 56 77.59 0.00 0.00
2022 04 19 04 57 77.37 0.00 0.00
2022 04 19 04 58 77.15 0.00 0.00
2022 04 19 04 59 76.92 0.00 0.00
