22 08 10.07 46.95 103.06 0.81
22 09 10.28 47.26 106.11 0.80
22 10 10.49 47.57 109.15 0.80
22 11 10.70 47.88 112.20 0.80
22 12 10.91 48.20 115.25 0.80
22 13 11.12 48.51 118.25 0.79
22 14 11.34 48.82 121.20 0.79
22 15 11.55 49.14 124.16 0.79
22 16 11.76 49.45 127.13 0.79
22 17 11.97 49.77 130.09 0.78
22 18 12.18 50.09 132.81 0.78
22 19 12.39 50.41 135.49 0.78
22 20 12.60 50.73 138.17 0.78
22 21 12.81 51.04 140.86 0.77
22 22 13.02 51.36 143.53 0.77
22 23 13.24 51.68 146.12 0.77
22 24 13.45 52.00 148.71 0.77
22 25 13.66 52.33 151.31 0.76
22 26 13.87 52.65 153.90 0.76
22 27 14.08 52.97 156.42 0.76
22 28 14.30 53.29 158.83 0.76
22 29 14.51 53.62 161.24 0.75
22 30 14.72 53.94 163.64 0.75
22 31 14.93 54.26 166.05 0.75
22 32 15.15 54.59 168.33 0.75
22 33 15.36 54.91 170.55 0.74
22 34 15.57 55.24 172.77 0.74
22 35 15.79 55.56 174.99 0.74
22 36 16.00 55.89 177.21 0.73
22 37 16.21 56.21 179.25 0.73
22 38 16.43 56.54 181.28 0.73
22 39 16.64 56.86 183.31 0.73
22 40 16.85 57.19 185.34 0.72
22 41 17.07 57.51 187.38 0.72
22 42 17.28 57.84 189.42 0.72
22 43 17.49 58.17 191.45 0.72
22 44 17.71 58.49 193.49 0.71
22 45 17.92 58.82 195.53 0.71
22 46 18.14 59.15 197.38 0.71
22 47 18.35 59.47 199.13 0.70
22 48 18.57 59.80 200.88 0.70
22 49 18.78 60.12 202.63 0.70
22 50 18.99 60.45 204.39 0.70
22 51 19.21 60.78 206.14 0.69
22 52 19.42 61.10 207.89 0.69
22 53 19.64 61.43 209.65 0.69
22 54 19.85 61.75 211.40 0.68
22 55 20.07 62.08 213.09 0.68
22 56 20.29 62.40 214.66 0.68
22 57 20.50 62.73 216.22 0.68
22 58 20.72 63.05 217.78 0.67
22 59 20.93 63.38 219.34 0.67
23 00 21.15 63.70 220.91 0.67
23 01 21.36 64.03 222.47 0.66
23 02 21.58 64.35 224.04 0.66
23 03 21.80 64.68 225.61 0.66
23 04 22.01 65.00 227.16 0.66
23 05 22.23 65.32 228.53 0.65
23 06 22.44 65.65 229.91 0.65
23 07 22.66 65.97 231.28 0.65
23 08 22.88 66.29 232.65 0.64
23 09 23.09 66.61 234.03 0.64
23 10 23.31 66.93 235.40 0.64
23 11 23.53 67.25 236.78 0.64
23 12 23.74 67.58 238.15 0.63
23 13 23.96 67.90 239.53 0.63
23 14 24.18 68.22 240.83 0.63
23 15 24.39 68.54 242.11 0.62
23 16 24.61 68.85 243.38 0.62
23 17 24.83 69.17 244.67 0.62
23 18 25.05 69.49 245.92 0.62
23 19 25.26 69.81 247.11 0.61
23 20 25.48 70.13 248.29 0.61
23 21 25.70 70.44 249.47 0.61
23 22 25.92 70.76 250.66 0.60
23 23 26.13 71.08 251.78 0.60
23 24 26.35 71.39 252.87 0.60
23 25 26.57 71.71 253.95 0.60
23 26 26.79 72.02 255.04 0.59
23 27 27.01 72.33 256.13 0.59
23 28 27.22 72.65 257.22 0.59
23 29 27.44 72.96 258.30 0.59
23 30 27.66 73.27 259.39 0.58
23 31 27.88 73.58 260.48 0.58
23 32 28.10 73.89 261.53 0.58
23 33 28.32 74.20 262.52 0.57
23 34 28.53 74.51 263.51 0.57
23 35 28.75 74.82 264.50 0.57
23 36 28.97 75.13 265.49 0.57
23 37 29.19 75.44 266.48 0.56
23 38 29.41 75.74 267.47 0.56
23 39 29.63 76.05 268.47 0.56
23 40 29.85 76.35 269.46 0.55
23 41 30.07 76.66 270.42 0.55
23 42 30.29 76.96 271.32 0.55
23 43 30.50 77.27 272.21 0.55
23 44 30.72 77.57 273.11 0.54
23 45 30.94 77.87 274.00 0.54
23 46 31.16 78.17 274.82 0.54
23 47 31.38 78.47 275.62 0.54
23 48 31.60 78.77 276.42 0.53
23 49 31.82 79.07 277.21 0.53
23 50 32.04 79.37 278.03 0.53
23 51 32.26 79.67 278.93 0.52
23 52 32.48 79.96 279.82 0.52
23 53 32.70 80.26 280.72 0.52
23 54 32.92 80.56 281.62 0.52
23 55 33.14 80.85 282.39 0.51
23 56 33.36 81.14 283.09 0.51
23 57 33.58 81.44 283.78 0.51
23 58 33.80 81.73 284.48 0.51
23 59 34.02 82.02 285.19 0.50
00 00 34.24 82.31 285.99 0.50
00 01 34.46 82.60 286.79 0.50
00 02 34.68 82.89 287.59 0.50
00 03 34.90 83.17 288.39 0.49
00 04 35.12 83.46 289.13 0.49
00 05 35.35 83.75 289.83 0.49
00 06 35.57 84.03 290.53 0.49
00 07 35.79 84.32 291.24 0.48
00 08 36.01 84.60 291.93 0.48
00 09 36.23 84.88 292.53 0.48
00 10 36.45 85.16 293.13 0.48
00 11 36.67 85.44 293.74 0.47
00 12 36.89 85.72 294.34 0.47
00 13 37.11 86.00 294.99 0.47
00 14 37.33 86.28 295.69 0.47
00 15 37.56 86.56 296.39 0.46
00 16 37.78 86.83 297.10 0.46
00 17 38.00 87.11 297.80 0.46
00 18 38.22 87.38 298.40 0.46
00 19 38.44 87.66 299.00 0.45
00 20 38.66 87.93 299.61 0.45
00 21 38.88 88.20 300.21 0.45
00 22 39.11 88.47 300.76 0.45
00 23 39.33 88.74 301.27 0.44
00 24 39.55 89.01 301.77 0.44
00 25 39.77 89.27 302.27 0.44
00 26 39.99 89.54 302.77 0.44
00 27 40.22 89.81 303.38 0.43
00 28 40.44 90.07 303.98 0.43
00 29 40.66 90.33 304.58 0.43
00 30 40.88 90.60 305.19 0.43
00 31 41.10 90.86 305.74 0.43
00 32 41.33 91.12 306.25 0.42
00 33 41.55 91.38 306.75 0.42
00 34 41.77 91.64 307.25 0.42
00 35 41.99 91.89 307.76 0.42
00 36 42.22 92.15 308.26 0.41
00 37 42.44 92.40 308.77 0.41
00 38 42.66 92.66 309.27 0.41
00 39 42.88 92.91 309.78 0.41
00 40 43.11 93.16 310.28 0.41
00 41 43.33 93.42 310.78 0.40
00 42 43.55 93.67 311.29 0.40
00 43 43.77 93.91 311.79 0.40
00 44 44.00 94.16 312.30 0.40
00 45 44.22 94.41 312.70 0.39
00 46 44.44 94.65 313.11 0.39
00 47 44.66 94.90 313.51 0.39
00 48 44.89 95.14 313.92 0.39
00 49 45.11 95.38 314.37 0.39
00 50 45.33 95.63 314.88 0.38
00 51 45.56 95.87 315.38 0.38
00 52 45.78 96.11 315.89 0.38
00 53 46.00 96.34 316.39 0.38
00 54 46.23 96.58 316.80 0.38
00 55 46.45 96.82 317.20 0.37
00 56 46.67 97.05 317.61 0.37
00 57 46.90 97.28 318.01 0.37
00 58 47.12 97.52 318.41 0.37
00 59 47.34 97.75 318.82 0.37
01 00 47.57 97.98 319.22 0.37
01 01 47.79 98.21 319.63 0.36
01 02 48.01 98.44 320.04 0.36
01 03 48.24 98.66 320.44 0.36
01 04 48.46 98.89 320.85 0.36
01 05 48.68 99.11 321.25 0.36
01 06 48.91 99.34 321.66 0.35
01 07 49.13 99.56 322.00 0.35
01 08 49.35 99.78 322.31 0.35
01 09 49.58 100.00 322.61 0.35
01 10 49.80 100.22 322.92 0.35
01 11 50.02 100.44 323.23 0.34
01 12 50.25 100.65 323.64 0.34
01 13 50.47 100.87 324.04 0.34
01 14 50.70 101.08 324.45 0.34
01 15 50.92 101.30 324.85 0.34
01 16 51.14 101.51 325.20 0.34
01 17 51.37 101.72 325.50 0.33
01 18 51.59 101.93 325.80 0.33
01 19 51.82 102.14 326.11 0.33
01 20 52.04 102.34 326.41 0.33
01 21 52.26 102.55 326.72 0.33
01 22 52.49 102.76 327.02 0.33
01 23 52.71 102.96 327.33 0.32
01 24 52.94 103.16 327.63 0.32
01 25 53.16 103.36 327.94 0.32
01 26 53.38 103.56 328.24 0.32
01 27 53.61 103.76 328.55 0.32
01 28 53.83 103.96 328.85 0.32
01 29 54.06 104.16 329.16 0.32
01 30 54.28 104.35 329.46 0.31
01 31 54.51 104.55 329.77 0.31
01 32 54.73 104.74 330.07 0.31
01 33 54.95 104.93 330.38 0.31
01 34 55.18 105.12 330.68 0.31
01 35 55.40 105.31 330.99 0.31
01 36 55.63 105.50 331.29 0.30
01 37 55.85 105.68 331.60 0.30
01 38 56.08 105.87 331.87 0.30
01 39 56.30 106.06 332.07 0.30
01 40 56.53 106.24 332.28 0.30
01 41 56.75 106.42 332.48 0.30
01 42 56.98 106.60 332.68 0.30
01 43 57.20 106.78 332.98 0.30
01 44 57.42 106.96 333.28 0.29
01 45 57.65 107.14 333.59 0.29
01 46 57.87 107.31 333.89 0.29
01 47 58.10 107.49 334.15 0.29
01 48 58.32 107.66 334.36 0.29
01 49 58.55 107.83 334.56 0.29
01 50 58.77 108.00 334.77 0.29
01 51 59.00 108.17 334.97 0.28
01 52 59.22 108.34 335.27 0.28
01 53 59.45 108.51 335.58 0.28
01 54 59.67 108.68 335.88 0.28
01 55 59.90 108.84 336.19 0.28
01 56 60.12 109.01 336.44 0.28
01 57 60.35 109.17 336.64 0.28
01 58 60.57 109.33 336.85 0.28
01 59 60.79 109.49 337.05 0.27
02 00 61.02 109.65 337.26 0.27
02 01 61.24 109.81 337.46 0.27
02 02 61.47 109.96 337.66 0.27
02 03 61.69 110.12 337.87 0.27
02 04 61.92 110.27 338.07 0.27
02 05 62.14 110.42 338.28 0.27
02 06 62.37 110.58 338.48 0.27
02 07 62.59 110.73 338.68 0.27
02 08 62.82 110.87 338.89 0.26
02 09 63.04 111.02 339.09 0.26
02 10 63.27 111.17 339.29 0.26
02 11 63.49 111.31 339.50 0.26
02 12 63.72 111.46 339.70 0.26
02 13 63.94 111.60 339.91 0.26
02 14 64.17 111.74 340.03 0.26
02 15 64.39 111.88 340.14 0.26
02 16 64.62 112.02 340.24 0.26
02 17 64.84 112.16 340.34 0.26
02 18 65.07 112.30 340.47 0.25
02 19 65.29 112.43 340.68 0.25
02 20 65.52 112.57 340.88 0.25
02 21 65.74 112.70 341.08 0.25
02 22 65.97 112.83 341.29 0.25
02 23 66.19 112.96 341.49 0.25
02 24 66.42 113.09 341.69 0.25
02 25 66.64 113.22 341.90 0.25
02 26 66.87 113.35 342.10 0.25
02 27 67.09 113.47 342.26 0.25
02 28 67.31 113.60 342.37 0.25
02 29 67.54 113.72 342.47 0.24
02 30 67.76 113.84 342.57 0.24
02 31 67.99 113.96 342.67 0.24
02 32 68.21 114.08 342.87 0.24
02 33 68.44 114.20 343.07 0.24
02 34 68.66 114.32 343.28 0.24
02 35 68.89 114.43 343.48 0.24
02 36 69.11 114.55 343.63 0.24
02 37 69.34 114.66 343.74 0.24
02 38 69.56 114.77 343.84 0.24
02 39 69.78 114.88 343.94 0.24
02 40 70.01 114.99 344.04 0.24
02 41 70.23 115.10 344.14 0.23
02 42 70.46 115.21 344.24 0.23
02 43 70.68 115.32 344.35 0.23
02 44 70.91 115.42 344.45 0.23
02 45 71.13 115.52 344.61 0.23
02 46 71.35 115.63 344.81 0.23
02 47 71.58 115.73 345.02 0.23
02 48 71.80 115.83 345.22 0.23
02 49 72.03 115.93 345.41 0.23
02 50 72.25 116.02 345.51 0.23
02 51 72.47 116.12 345.61 0.23
02 52 72.70 116.22 345.71 0.23
02 53 72.92 116.31 345.81 0.23
02 54 73.15 116.40 345.92 0.23
02 55 73.37 116.50 346.02 0.23
02 56 73.59 116.59 346.12 0.22
02 57 73.82 116.67 346.22 0.22
02 58 74.04 116.76 346.32 0.22
02 59 74.26 116.85 346.42 0.22
03 00 74.48 116.94 346.52 0.22
03 01 74.71 117.02 346.62 0.22
03 02 74.93 117.10 346.73 0.22
03 03 75.15 117.19 346.83 0.22
03 04 75.38 117.27 346.93 0.22
03 05 75.60 117.35 347.03 0.22
03 06 75.82 117.43 347.13 0.22
03 07 76.04 117.50 347.23 0.22
03 08 76.26 117.58 347.33 0.22
03 09 76.49 117.66 347.43 0.22
03 10 76.71 117.73 347.53 0.22
03 11 76.93 117.80 347.63 0.22
03 12 77.15 117.87 347.66 0.22
03 13 77.37 117.95 347.66 0.22
03 14 77.59 118.01 347.66 0.22
03 15 77.81 118.08 347.66 0.21
03 16 78.03 118.15 347.68 0.21
03 17 78.25 118.22 347.78 0.21
03 18 78.47 118.28 347.88 0.21
03 19 78.69 118.35 347.98 0.21
03 20 78.91 118.41 348.08 0.21
03 21 79.13 118.47 348.18 0.21
03 22 79.35 118.53 348.28 0.21
03 23 79.57 118.59 348.37 0.21
03 24 79.79 118.65 348.47 0.21
03 25 80.00 118.70 348.57 0.21
03 26 80.22 118.76 348.57 0.21
03 27 80.44 118.82 348.57 0.21
03 28 80.65 118.87 348.57 0.21
03 29 80.87 118.92 348.57 0.21
03 30 81.08 118.97 348.61 0.21
03 31 81.30 119.02 348.70 0.21
03 32 81.51 119.07 348.80 0.21
03 33 81.72 119.12 348.90 0.21
03 34 81.94 119.17 348.99 0.21
03 35 82.15 119.22 349.02 0.21
03 36 82.36 119.26 349.02 0.21
03 37 82.57 119.30 349.02 0.21
03 38 82.77 119.35 349.02 0.21
03 39 82.98 119.39 349.02 0.21
03 40 83.19 119.43 349.11 0.21
03 41 83.39 119.47 349.20 0.21
03 42 83.59 119.51 349.29 0.21
03 43 83.79 119.55 349.38 0.21
03 44 83.99 119.58 349.47 0.21
03 45 84.19 119.62 349.48 0.21
03 46 84.38 119.65 349.48 0.20
03 47 84.58 119.69 349.48 0.20
03 48 84.77 119.72 349.48 0.20
03 49 84.95 119.75 349.48 0.20
03 50 85.13 119.78 349.48 0.20
03 51 85.31 119.81 349.48 0.20
03 52 85.49 119.84 349.48 0.20
03 53 85.65 119.87 349.48 0.20
03 54 85.82 119.89 349.48 0.20
03 55 85.98 119.92 349.48 0.20
03 56 86.13 119.94 349.53 0.20
03 57 86.27 119.96 349.60 0.20
03 58 86.40 119.99 349.66 0.20
03 59 86.52 120.01 349.71 0.20
04 00 86.64 120.03 349.77 0.20
04 01 86.74 120.05 349.81 0.20
04 02 86.83 120.07 349.85 0.20
04 03 86.90 120.08 349.88 0.20
04 04 86.96 120.10 349.91 0.20
04 05 87.00 120.12 349.93 0.20
04 06 87.03 120.13 349.93 0.20
04 07 87.03 120.14 349.93 0.20
04 08 87.02 120.16 349.93 0.20
04 09 87.00 120.17 349.93 0.20
04 10 86.95 120.18 349.91 0.20
04 11 86.89 120.19 349.88 0.20
04 12 86.82 120.20 349.85 0.20
04 13 86.73 120.21 349.81 0.20
04 14 86.63 120.21 349.76 0.20
04 15 86.51 120.22 349.71 0.20
04 16 86.39 120.22 349.65 0.20
04 17 86.25 120.23 349.59 0.20
04 18 86.11 120.23 349.53 0.20
04 19 85.96 120.23 349.48 0.20
04 20 85.80 120.24 349.48 0.20
04 21 85.64 120.24 349.48 0.20
04 22 85.47 120.24 349.48 0.20
04 23 85.29 120.24 349.48 0.20
04 24 85.12 120.23 349.48 0.20
04 25 84.93 120.23 349.48 0.20
04 26 84.75 120.23 349.48 0.20
04 27 84.56 120.22 349.48 0.20
04 28 84.37 120.22 349.48 0.20
