21 55 10.12 46.96 103.70 0.81
21 56 10.33 47.27 106.74 0.80
21 57 10.54 47.58 109.79 0.80
21 58 10.75 47.90 112.83 0.80
21 59 10.96 48.21 115.88 0.80
22 00 11.17 48.52 118.86 0.79
22 01 11.38 48.84 121.82 0.79
22 02 11.59 49.15 124.78 0.79
22 03 11.80 49.47 127.74 0.79
22 04 12.01 49.79 130.69 0.78
22 05 12.22 50.10 133.36 0.78
22 06 12.43 50.42 136.04 0.78
22 07 12.64 50.74 138.72 0.78
22 08 12.86 51.06 141.41 0.77
22 09 13.07 51.38 144.06 0.77
22 10 13.28 51.70 146.65 0.77
22 11 13.49 52.02 149.24 0.77
22 12 13.70 52.34 151.84 0.76
22 13 13.91 52.66 154.43 0.76
22 14 14.13 52.99 156.91 0.76
22 15 14.34 53.31 159.32 0.76
22 16 14.55 53.63 161.72 0.75
22 17 14.76 53.96 164.13 0.75
22 18 14.98 54.28 166.54 0.75
22 19 15.19 54.61 168.78 0.75
22 20 15.40 54.93 171.00 0.74
22 21 15.62 55.25 173.22 0.74
22 22 15.83 55.58 175.44 0.74
22 23 16.04 55.91 177.63 0.73
22 24 16.25 56.23 179.66 0.73
22 25 16.47 56.56 181.69 0.73
22 26 16.68 56.88 183.72 0.73
22 27 16.90 57.21 185.75 0.72
22 28 17.11 57.53 187.79 0.72
22 29 17.32 57.86 189.82 0.72
22 30 17.54 58.19 191.86 0.72
22 31 17.75 58.51 193.90 0.71
22 32 17.97 58.84 195.94 0.71
22 33 18.18 59.17 197.73 0.71
22 34 18.39 59.49 199.48 0.70
22 35 18.61 59.82 201.23 0.70
22 36 18.82 60.14 202.98 0.70
22 37 19.04 60.47 204.73 0.70
22 38 19.25 60.80 206.49 0.69
22 39 19.47 61.12 208.24 0.69
22 40 19.68 61.45 209.99 0.69
22 41 19.90 61.77 211.75 0.68
22 42 20.11 62.10 213.40 0.68
22 43 20.33 62.43 214.96 0.68
22 44 20.54 62.75 216.53 0.68
22 45 20.76 63.08 218.09 0.67
22 46 20.97 63.40 219.65 0.67
22 47 21.19 63.73 221.22 0.67
22 48 21.41 64.05 222.78 0.66
22 49 21.62 64.37 224.35 0.66
22 50 21.84 64.70 225.91 0.66
22 51 22.05 65.02 227.43 0.66
22 52 22.27 65.34 228.80 0.65
22 53 22.49 65.67 230.17 0.65
22 54 22.70 65.99 231.55 0.65
22 55 22.92 66.31 232.92 0.64
22 56 23.14 66.63 234.30 0.64
22 57 23.35 66.96 235.67 0.64
22 58 23.57 67.28 237.04 0.64
22 59 23.79 67.60 238.42 0.63
23 00 24.00 67.92 239.80 0.63
23 01 24.22 68.24 241.07 0.63
23 02 24.44 68.56 242.35 0.62
23 03 24.65 68.88 243.63 0.62
23 04 24.87 69.20 244.91 0.62
23 05 25.09 69.51 246.15 0.62
23 06 25.31 69.83 247.34 0.61
23 07 25.52 70.15 248.52 0.61
23 08 25.74 70.47 249.70 0.61
23 09 25.96 70.78 250.89 0.60
23 10 26.18 71.10 251.99 0.60
23 11 26.39 71.41 253.08 0.60
23 12 26.61 71.73 254.16 0.60
23 13 26.83 72.04 255.25 0.59
23 14 27.05 72.36 256.34 0.59
23 15 27.27 72.67 257.42 0.59
23 16 27.48 72.98 258.51 0.58
23 17 27.70 73.29 259.60 0.58
23 18 27.92 73.61 260.69 0.58
23 19 28.14 73.92 261.71 0.58
23 20 28.36 74.23 262.71 0.57
23 21 28.58 74.54 263.70 0.57
23 22 28.79 74.84 264.69 0.57
23 23 29.01 75.15 265.68 0.57
23 24 29.23 75.46 266.67 0.56
23 25 29.45 75.77 267.66 0.56
23 26 29.67 76.07 268.66 0.56
23 27 29.89 76.38 269.65 0.55
23 28 30.11 76.68 270.59 0.55
23 29 30.33 76.99 271.49 0.55
23 30 30.55 77.29 272.38 0.55
23 31 30.77 77.59 273.28 0.54
23 32 30.98 77.89 274.17 0.54
23 33 31.20 78.20 274.97 0.54
23 34 31.42 78.50 275.77 0.54
23 35 31.64 78.80 276.57 0.53
23 36 31.86 79.10 277.36 0.53
23 37 32.08 79.39 278.20 0.53
23 38 32.30 79.69 279.09 0.52
23 39 32.52 79.99 279.99 0.52
23 40 32.74 80.28 280.89 0.52
23 41 32.96 80.58 281.78 0.52
23 42 33.18 80.87 282.52 0.51
23 43 33.40 81.17 283.21 0.51
23 44 33.62 81.46 283.91 0.51
23 45 33.84 81.75 284.61 0.51
23 46 34.06 82.04 285.34 0.50
23 47 34.28 82.33 286.14 0.50
23 48 34.50 82.62 286.94 0.50
23 49 34.72 82.91 287.74 0.50
23 50 34.94 83.20 288.54 0.49
23 51 35.17 83.48 289.26 0.49
23 52 35.39 83.77 289.96 0.49
23 53 35.61 84.05 290.66 0.49
23 54 35.83 84.34 291.36 0.48
23 55 36.05 84.62 292.04 0.48
23 56 36.27 84.90 292.64 0.48
23 57 36.49 85.19 293.24 0.48
23 58 36.71 85.47 293.85 0.47
23 59 36.93 85.75 294.45 0.47
00 00 37.15 86.02 295.12 0.47
00 01 37.37 86.30 295.82 0.47
00 02 37.60 86.58 296.52 0.46
00 03 37.82 86.86 297.22 0.46
00 04 38.04 87.13 297.91 0.46
00 05 38.26 87.40 298.51 0.46
00 06 38.48 87.68 299.11 0.45
00 07 38.70 87.95 299.72 0.45
00 08 38.92 88.22 300.32 0.45
00 09 39.15 88.49 300.85 0.45
00 10 39.37 88.76 301.36 0.44
00 11 39.59 89.03 301.86 0.44
00 12 39.81 89.30 302.36 0.44
00 13 40.03 89.56 302.88 0.44
00 14 40.26 89.83 303.48 0.43
00 15 40.48 90.09 304.09 0.43
00 16 40.70 90.35 304.69 0.43
00 17 40.92 90.62 305.30 0.43
00 18 41.14 90.88 305.83 0.43
00 19 41.37 91.14 306.34 0.42
00 20 41.59 91.40 306.84 0.42
00 21 41.81 91.66 307.34 0.42
00 22 42.03 91.91 307.85 0.42
00 23 42.25 92.17 308.35 0.41
00 24 42.48 92.42 308.86 0.41
00 25 42.70 92.68 309.36 0.41
00 26 42.92 92.93 309.86 0.41
00 27 43.14 93.18 310.37 0.41
00 28 43.37 93.43 310.87 0.40
00 29 43.59 93.68 311.38 0.40
00 30 43.81 93.93 311.88 0.40
00 31 44.04 94.18 312.37 0.40
00 32 44.26 94.43 312.78 0.39
00 33 44.48 94.67 313.18 0.39
00 34 44.70 94.92 313.58 0.39
00 35 44.93 95.16 313.99 0.39
00 36 45.15 95.40 314.46 0.39
00 37 45.37 95.64 314.96 0.38
00 38 45.60 95.89 315.47 0.38
00 39 45.82 96.12 315.98 0.38
00 40 46.04 96.36 316.46 0.38
00 41 46.26 96.60 316.87 0.38
00 42 46.49 96.83 317.27 0.37
00 43 46.71 97.07 317.68 0.37
00 44 46.93 97.30 318.08 0.37
00 45 47.16 97.54 318.49 0.37
00 46 47.38 97.77 318.89 0.37
00 47 47.60 98.00 319.30 0.36
00 48 47.83 98.23 319.70 0.36
00 49 48.05 98.45 320.11 0.36
00 50 48.27 98.68 320.51 0.36
00 51 48.50 98.91 320.92 0.36
00 52 48.72 99.13 321.32 0.36
00 53 48.94 99.35 321.73 0.35
00 54 49.17 99.58 322.06 0.35
00 55 49.39 99.80 322.36 0.35
00 56 49.62 100.02 322.66 0.35
00 57 49.84 100.24 322.97 0.35
00 58 50.06 100.45 323.30 0.34
00 59 50.29 100.67 323.71 0.34
01 00 50.51 100.89 324.11 0.34
01 01 50.73 101.10 324.52 0.34
01 02 50.96 101.31 324.92 0.34
01 03 51.18 101.52 325.25 0.34
01 04 51.41 101.73 325.55 0.33
01 05 51.63 101.94 325.86 0.33
01 06 51.85 102.15 326.16 0.33
01 07 52.08 102.36 326.47 0.33
01 08 52.30 102.57 326.77 0.33
01 09 52.53 102.77 327.07 0.33
01 10 52.75 102.97 327.38 0.32
01 11 52.97 103.18 327.68 0.32
01 12 53.20 103.38 327.99 0.32
01 13 53.42 103.58 328.29 0.32
01 14 53.65 103.78 328.60 0.32
01 15 53.87 103.97 328.90 0.32
01 16 54.10 104.17 329.21 0.32
01 17 54.32 104.37 329.51 0.31
01 18 54.54 104.56 329.82 0.31
01 19 54.77 104.75 330.12 0.31
01 20 54.99 104.94 330.43 0.31
01 21 55.22 105.13 330.73 0.31
01 22 55.44 105.32 331.04 0.31
01 23 55.67 105.51 331.34 0.30
01 24 55.89 105.70 331.65 0.30
01 25 56.11 105.88 331.90 0.30
01 26 56.34 106.07 332.11 0.30
01 27 56.56 106.25 332.31 0.30
01 28 56.79 106.43 332.51 0.30
01 29 57.01 106.61 332.72 0.30
01 30 57.24 106.79 333.03 0.29
01 31 57.46 106.97 333.33 0.29
01 32 57.69 107.15 333.64 0.29
01 33 57.91 107.33 333.94 0.29
01 34 58.14 107.50 334.19 0.29
01 35 58.36 107.67 334.39 0.29
01 36 58.58 107.85 334.59 0.29
01 37 58.81 108.02 334.80 0.29
01 38 59.03 108.19 335.02 0.28
01 39 59.26 108.35 335.32 0.28
01 40 59.48 108.52 335.63 0.28
01 41 59.71 108.69 335.93 0.28
01 42 59.93 108.85 336.24 0.28
01 43 60.16 109.02 336.47 0.28
01 44 60.38 109.18 336.68 0.28
01 45 60.61 109.34 336.88 0.28
01 46 60.83 109.50 337.09 0.27
01 47 61.06 109.66 337.29 0.27
01 48 61.28 109.82 337.49 0.27
01 49 61.51 109.97 337.70 0.27
01 50 61.73 110.13 337.90 0.27
01 51 61.96 110.28 338.10 0.27
01 52 62.18 110.43 338.31 0.27
01 53 62.40 110.59 338.51 0.27
01 54 62.63 110.74 338.72 0.27
01 55 62.85 110.88 338.92 0.26
01 56 63.08 111.03 339.12 0.26
01 57 63.30 111.18 339.33 0.26
01 58 63.53 111.32 339.53 0.26
01 59 63.75 111.47 339.73 0.26
02 00 63.98 111.61 339.94 0.26
02 01 64.20 111.75 340.05 0.26
02 02 64.43 111.89 340.15 0.26
02 03 64.65 112.03 340.25 0.26
02 04 64.88 112.17 340.36 0.26
02 05 65.10 112.31 340.50 0.25
02 06 65.33 112.44 340.71 0.25
02 07 65.55 112.57 340.91 0.25
02 08 65.78 112.71 341.11 0.25
02 09 66.00 112.84 341.32 0.25
02 10 66.23 112.97 341.52 0.25
02 11 66.45 113.10 341.73 0.25
02 12 66.68 113.23 341.93 0.25
02 13 66.90 113.35 342.13 0.25
02 14 67.12 113.48 342.28 0.25
02 15 67.35 113.60 342.38 0.25
02 16 67.57 113.73 342.48 0.24
02 17 67.80 113.85 342.59 0.24
02 18 68.02 113.97 342.70 0.24
02 19 68.25 114.09 342.90 0.24
02 20 68.47 114.21 343.11 0.24
02 21 68.70 114.32 343.31 0.24
02 22 68.92 114.44 343.51 0.24
02 23 69.15 114.55 343.65 0.24
02 24 69.37 114.67 343.75 0.24
02 25 69.59 114.78 343.85 0.24
02 26 69.82 114.89 343.96 0.24
02 27 70.04 115.00 344.06 0.24
02 28 70.27 115.11 344.16 0.23
02 29 70.49 115.22 344.26 0.23
02 30 70.72 115.32 344.36 0.23
02 31 70.94 115.43 344.46 0.23
02 32 71.16 115.53 344.64 0.23
02 33 71.39 115.63 344.84 0.23
02 34 71.61 115.73 345.05 0.23
02 35 71.84 115.83 345.25 0.23
02 36 72.06 115.93 345.42 0.23
02 37 72.28 116.03 345.53 0.23
02 38 72.51 116.13 345.63 0.23
02 39 72.73 116.22 345.73 0.23
02 40 72.95 116.32 345.83 0.23
02 41 73.18 116.41 345.93 0.23
02 42 73.40 116.50 346.03 0.23
02 43 73.62 116.59 346.13 0.22
02 44 73.85 116.68 346.23 0.22
02 45 74.07 116.77 346.34 0.22
02 46 74.29 116.85 346.44 0.22
02 47 74.52 116.94 346.54 0.22
02 48 74.74 117.03 346.64 0.22
02 49 74.96 117.11 346.74 0.22
02 50 75.18 117.19 346.84 0.22
02 51 75.41 117.27 346.94 0.22
02 52 75.63 117.35 347.04 0.22
02 53 75.85 117.43 347.14 0.22
02 54 76.07 117.51 347.24 0.22
02 55 76.30 117.58 347.34 0.22
02 56 76.52 117.66 347.44 0.22
02 57 76.74 117.73 347.54 0.22
02 58 76.96 117.81 347.65 0.22
02 59 77.18 117.88 347.66 0.22
03 00 77.40 117.95 347.66 0.22
03 01 77.62 118.02 347.66 0.22
03 02 77.84 118.09 347.66 0.21
03 03 78.06 118.15 347.69 0.21
03 04 78.28 118.22 347.79 0.21
03 05 78.50 118.28 347.89 0.21
03 06 78.72 118.35 347.99 0.21
03 07 78.94 118.41 348.09 0.21
03 08 79.16 118.47 348.19 0.21
03 09 79.38 118.53 348.29 0.21
03 10 79.60 118.59 348.39 0.21
03 11 79.81 118.65 348.49 0.21
03 12 80.03 118.71 348.57 0.21
03 13 80.25 118.76 348.57 0.21
03 14 80.46 118.82 348.57 0.21
03 15 80.68 118.87 348.57 0.21
03 16 80.89 118.92 348.57 0.21
03 17 81.11 118.98 348.62 0.21
03 18 81.32 119.03 348.72 0.21
03 19 81.54 119.08 348.81 0.21
03 20 81.75 119.12 348.91 0.21
03 21 81.96 119.17 349.00 0.21
03 22 82.17 119.22 349.02 0.21
03 23 82.38 119.26 349.02 0.21
03 24 82.59 119.31 349.02 0.21
03 25 82.80 119.35 349.02 0.21
03 26 83.00 119.39 349.02 0.21
03 27 83.21 119.43 349.12 0.21
03 28 83.41 119.47 349.21 0.21
03 29 83.61 119.51 349.30 0.21
03 30 83.81 119.55 349.39 0.21
03 31 84.01 119.58 349.48 0.21
03 32 84.21 119.62 349.48 0.21
03 33 84.40 119.65 349.48 0.20
03 34 84.59 119.69 349.48 0.20
03 35 84.78 119.72 349.48 0.20
03 36 84.96 119.75 349.48 0.20
03 37 85.14 119.78 349.48 0.20
03 38 85.32 119.81 349.48 0.20
03 39 85.49 119.84 349.48 0.20
03 40 85.66 119.87 349.48 0.20
03 41 85.82 119.89 349.48 0.20
03 42 85.98 119.92 349.48 0.20
03 43 86.13 119.94 349.53 0.20
03 44 86.27 119.97 349.60 0.20
03 45 86.40 119.99 349.66 0.20
03 46 86.52 120.01 349.71 0.20
03 47 86.63 120.03 349.76 0.20
03 48 86.73 120.05 349.81 0.20
03 49 86.81 120.07 349.84 0.20
03 50 86.88 120.08 349.88 0.20
03 51 86.94 120.10 349.90 0.20
03 52 86.98 120.12 349.92 0.20
03 53 87.00 120.13 349.93 0.20
03 54 87.00 120.14 349.93 0.20
03 55 86.99 120.16 349.93 0.20
03 56 86.96 120.17 349.91 0.20
03 57 86.92 120.18 349.89 0.20
03 58 86.86 120.19 349.86 0.20
03 59 86.78 120.20 349.83 0.20
04 00 86.69 120.21 349.79 0.20
04 01 86.59 120.21 349.74 0.20
04 02 86.47 120.22 349.69 0.20
04 03 86.34 120.22 349.63 0.20
04 04 86.21 120.23 349.57 0.20
04 05 86.07 120.23 349.51 0.20
04 06 85.91 120.23 349.48 0.20
04 07 85.76 120.24 349.48 0.20
04 08 85.59 120.24 349.48 0.20
04 09 85.42 120.24 349.48 0.20
04 10 85.25 120.24 349.48 0.20
04 11 85.07 120.23 349.48 0.20
04 12 84.89 120.23 349.48 0.20
04 13 84.70 120.23 349.48 0.20
04 14 84.51 120.22 349.48 0.20
04 15 84.32 120.22 349.48 0.20
04 16 84.13 120.21 349.48 0.20
04 17 83.93 120.21 349.44 0.20
04 18 83.73 120.20 349.35 0.20
04 19 83.53 120.19 349.26 0.20
04 20 83.33 120.18 349.17 0.20
04 21 83.12 120.17 349.08 0.20
04 22 82.92 120.16 349.02 0.20
04 23 82.71 120.15 349.02 0.20
04 24 82.50 120.13 349.02 0.20
04 25 82.29 120.12 349.02 0.20
04 26 82.08 120.11 349.02 0.20
04 27 81.87 120.09 348.97 0.20
04 28 81.66 120.08 348.87 0.20
04 29 81.45 120.06 348.77 0.20
