# realtime, hour, min, alt, baseline, rate, SC
44672.408333334 21 48 10.00 46.85 102.02 0.81
44672.409027778 21 49 10.21 47.16 105.06 0.80
44672.409722223 21 50 10.42 47.47 108.10 0.80
44672.410416667 21 51 10.63 47.78 111.15 0.80
44672.411111112 21 52 10.84 48.09 114.20 0.80
44672.411805556 21 53 11.05 48.40 117.23 0.79
44672.412500001 21 54 11.26 48.72 120.19 0.79
44672.413194445 21 55 11.47 49.03 123.15 0.79
44672.413888890 21 56 11.68 49.35 126.11 0.79
44672.414583334 21 57 11.90 49.66 129.07 0.78
44672.415277778 21 58 12.11 49.98 131.89 0.78
44672.415972223 21 59 12.32 50.30 134.57 0.78
44672.416666667 22 00 12.53 50.62 137.25 0.78
44672.417361112 22 01 12.74 50.93 139.93 0.77
44672.418055556 22 02 12.95 51.25 142.62 0.77
44672.418750001 22 03 13.16 51.57 145.23 0.77
44672.419444445 22 04 13.37 51.89 147.82 0.77
44672.420138890 22 05 13.59 52.22 150.41 0.76
44672.420833334 22 06 13.80 52.54 153.01 0.76
44672.421527778 22 07 14.01 52.86 155.60 0.76
44672.422222223 22 08 14.22 53.18 158.00 0.76
44672.422916667 22 09 14.44 53.50 160.41 0.75
44672.423611112 22 10 14.65 53.83 162.81 0.75
44672.424305556 22 11 14.86 54.15 165.22 0.75
44672.425000001 22 12 15.07 54.48 167.57 0.75
44672.425694445 22 13 15.29 54.80 169.79 0.74
44672.426388890 22 14 15.50 55.13 172.01 0.74
44672.427083334 22 15 15.71 55.45 174.23 0.74
44672.427777778 22 16 15.93 55.78 176.45 0.74
44672.428472223 22 17 16.14 56.10 178.55 0.73
44672.429166667 22 18 16.35 56.43 180.58 0.73
44672.429861112 22 19 16.57 56.75 182.61 0.73
44672.430555556 22 20 16.78 57.08 184.65 0.72
44672.431250001 22 21 16.99 57.40 186.68 0.72
44672.431944445 22 22 17.21 57.73 188.71 0.72
44672.432638890 22 23 17.42 58.05 190.75 0.72
44672.433333334 22 24 17.63 58.38 192.79 0.71
44672.434027779 22 25 17.85 58.71 194.83 0.71
44672.434722223 22 26 18.06 59.03 196.78 0.71
44672.435416667 22 27 18.28 59.36 198.53 0.71
44672.436111112 22 28 18.49 59.69 200.28 0.70
44672.436805556 22 29 18.71 60.01 202.03 0.70
44672.437500001 22 30 18.92 60.34 203.78 0.70
44672.438194445 22 31 19.14 60.66 205.53 0.69
44672.438888890 22 32 19.35 60.99 207.29 0.69
44672.439583334 22 33 19.57 61.32 209.04 0.69
44672.440277779 22 34 19.78 61.64 210.80 0.69
44672.440972223 22 35 20.00 61.97 212.55 0.68
44672.441666667 22 36 20.21 62.29 214.12 0.68
44672.442361112 22 37 20.43 62.62 215.68 0.68
44672.443055556 22 38 20.64 62.94 217.24 0.67
44672.443750001 22 39 20.86 63.27 218.81 0.67
44672.444444445 22 40 21.07 63.59 220.37 0.67
44672.445138890 22 41 21.29 63.92 221.93 0.67
44672.445833334 22 42 21.50 64.24 223.50 0.66
44672.446527779 22 43 21.72 64.56 225.07 0.66
44672.447222223 22 44 21.94 64.89 226.63 0.66
44672.447916667 22 45 22.15 65.21 228.06 0.65
44672.448611112 22 46 22.37 65.53 229.43 0.65
44672.449305556 22 47 22.59 65.86 230.81 0.65
44672.450000001 22 48 22.80 66.18 232.18 0.65
44672.450694445 22 49 23.02 66.50 233.55 0.64
44672.451388890 22 50 23.24 66.82 234.93 0.64
44672.452083334 22 51 23.45 67.14 236.30 0.64
44672.452777779 22 52 23.67 67.47 237.68 0.63
44672.453472223 22 53 23.89 67.79 239.06 0.63
44672.454166667 22 54 24.10 68.11 240.39 0.63
44672.454861112 22 55 24.32 68.43 241.67 0.63
44672.455555556 22 56 24.54 68.75 242.94 0.62
44672.456250001 22 57 24.75 69.06 244.22 0.62
44672.456944445 22 58 24.97 69.38 245.51 0.62
44672.457638890 22 59 25.19 69.70 246.70 0.61
44672.458333334 23 00 25.41 70.02 247.88 0.61
44672.459027779 23 01 25.62 70.33 249.07 0.61
44672.459722223 23 02 25.84 70.65 250.25 0.61
44672.460416667 23 03 26.06 70.97 251.41 0.60
44672.461111112 23 04 26.28 71.28 252.49 0.60
44672.461805556 23 05 26.49 71.60 253.58 0.60
44672.462500001 23 06 26.71 71.91 254.67 0.59
44672.463194445 23 07 26.93 72.23 255.75 0.59
44672.463888890 23 08 27.15 72.54 256.84 0.59
44672.464583334 23 09 27.37 72.85 257.93 0.59
44672.465277779 23 10 27.58 73.16 259.02 0.58
44672.465972223 23 11 27.80 73.47 260.11 0.58
44672.466666668 23 12 28.02 73.79 261.19 0.58
44672.467361112 23 13 28.24 74.10 262.18 0.57
44672.468055556 23 14 28.46 74.41 263.17 0.57
44672.468750001 23 15 28.68 74.71 264.16 0.57
44672.469444445 23 16 28.90 75.02 265.15 0.57
44672.470138890 23 17 29.11 75.33 266.14 0.56
44672.470833334 23 18 29.33 75.64 267.13 0.56
44672.471527779 23 19 29.55 75.94 268.13 0.56
44672.472222223 23 20 29.77 76.25 269.12 0.56
44672.472916668 23 21 29.99 76.56 270.11 0.55
44672.473611112 23 22 30.21 76.86 271.01 0.55
44672.474305556 23 23 30.43 77.16 271.90 0.55
44672.475000001 23 24 30.65 77.47 272.80 0.54
44672.475694445 23 25 30.87 77.77 273.69 0.54
44672.476388890 23 26 31.09 78.07 274.55 0.54
44672.477083334 23 27 31.31 78.37 275.35 0.54
44672.477777779 23 28 31.53 78.67 276.14 0.53
44672.478472223 23 29 31.75 78.97 276.94 0.53
44672.479166668 23 30 31.97 79.27 277.74 0.53
44672.479861112 23 31 32.19 79.57 278.62 0.53
44672.480555556 23 32 32.41 79.86 279.51 0.52
44672.481250001 23 33 32.63 80.16 280.41 0.52
44672.481944445 23 34 32.85 80.45 281.31 0.52
44672.482638890 23 35 33.07 80.75 282.15 0.51
44672.483333334 23 36 33.29 81.04 282.84 0.51
44672.484027779 23 37 33.51 81.34 283.54 0.51
44672.484722223 23 38 33.73 81.63 284.24 0.51
44672.485416668 23 39 33.95 81.92 284.94 0.50
44672.486111112 23 40 34.17 82.21 285.72 0.50
44672.486805556 23 41 34.39 82.50 286.52 0.50
44672.487500001 23 42 34.61 82.79 287.32 0.50
44672.488194445 23 43 34.83 83.08 288.12 0.49
44672.488888890 23 44 35.05 83.36 288.89 0.49
44672.489583334 23 45 35.27 83.65 289.59 0.49
44672.490277779 23 46 35.49 83.93 290.29 0.49
44672.490972223 23 47 35.71 84.22 290.99 0.48
44672.491666668 23 48 35.93 84.50 291.69 0.48
44672.492361112 23 49 36.15 84.79 292.33 0.48
44672.493055556 23 50 36.37 85.07 292.93 0.48
44672.493750001 23 51 36.60 85.35 293.53 0.47
44672.494444445 23 52 36.82 85.63 294.13 0.47
44672.495138890 23 53 37.04 85.91 294.75 0.47
44672.495833334 23 54 37.26 86.19 295.45 0.47
44672.496527779 23 55 37.48 86.46 296.15 0.46
44672.497222223 23 56 37.70 86.74 296.85 0.46
44672.497916668 23 57 37.92 87.01 297.56 0.46
44672.498611112 23 58 38.14 87.29 298.19 0.46
44672.499305557 23 59 38.37 87.56 298.80 0.45
44672.500000001 00 00 38.59 87.83 299.40 0.45
44672.500694445 00 01 38.81 88.11 300.00 0.45
44672.501388890 00 02 39.03 88.38 300.59 0.45
44672.502083334 00 03 39.25 88.65 301.09 0.44
44672.502777779 00 04 39.47 88.92 301.60 0.44
44672.503472223 00 05 39.70 89.18 302.10 0.44
44672.504166668 00 06 39.92 89.45 302.60 0.44
44672.504861112 00 07 40.14 89.72 303.17 0.44
44672.505555557 00 08 40.36 89.98 303.77 0.43
44672.506250001 00 09 40.58 90.24 304.38 0.43
44672.506944445 00 10 40.81 90.51 304.98 0.43
44672.507638890 00 11 41.03 90.77 305.57 0.43
44672.508333334 00 12 41.25 91.03 306.07 0.42
44672.509027779 00 13 41.47 91.29 306.58 0.42
44672.509722223 00 14 41.69 91.55 307.08 0.42
44672.510416668 00 15 41.92 91.81 307.59 0.42
44672.511111112 00 16 42.14 92.06 308.09 0.41
44672.511805557 00 17 42.36 92.32 308.59 0.41
44672.512500001 00 18 42.58 92.57 309.10 0.41
44672.513194445 00 19 42.81 92.83 309.60 0.41
44672.513888890 00 20 43.03 93.08 310.11 0.41
44672.514583334 00 21 43.25 93.33 310.61 0.40
44672.515277779 00 22 43.47 93.58 311.12 0.40
44672.515972223 00 23 43.70 93.83 311.62 0.40
44672.516666668 00 24 43.92 94.08 312.12 0.40
44672.517361112 00 25 44.14 94.32 312.57 0.40
44672.518055557 00 26 44.36 94.57 312.97 0.39
44672.518750001 00 27 44.59 94.82 313.37 0.39
44672.519444445 00 28 44.81 95.06 313.78 0.39
44672.520138890 00 29 45.03 95.30 314.20 0.39
44672.520833334 00 30 45.26 95.54 314.70 0.39
44672.521527779 00 31 45.48 95.78 315.21 0.38
44672.522222223 00 32 45.70 96.02 315.71 0.38
44672.522916668 00 33 45.93 96.26 316.22 0.38
44672.523611112 00 34 46.15 96.50 316.66 0.38
44672.524305557 00 35 46.37 96.74 317.06 0.38
44672.525000001 00 36 46.59 96.97 317.47 0.37
44672.525694445 00 37 46.82 97.20 317.87 0.37
44672.526388890 00 38 47.04 97.44 318.28 0.37
44672.527083334 00 39 47.26 97.67 318.68 0.37
44672.527777779 00 40 47.49 97.90 319.09 0.37
44672.528472223 00 41 47.71 98.13 319.49 0.36
44672.529166668 00 42 47.94 98.36 319.90 0.36
44672.529861112 00 43 48.16 98.59 320.30 0.36
44672.530555557 00 44 48.38 98.81 320.71 0.36
44672.531250001 00 45 48.61 99.04 321.11 0.36
44672.531944446 00 46 48.83 99.26 321.52 0.35
44672.532638890 00 47 49.05 99.48 321.90 0.35
44672.533333334 00 48 49.28 99.70 322.20 0.35
44672.534027779 00 49 49.50 99.93 322.51 0.35
44672.534722223 00 50 49.72 100.14 322.81 0.35
44672.535416668 00 51 49.95 100.36 323.12 0.35
44672.536111112 00 52 50.17 100.58 323.50 0.34
44672.536805557 00 53 50.40 100.80 323.90 0.34
44672.537500001 00 54 50.62 101.01 324.31 0.34
44672.538194446 00 55 50.84 101.22 324.71 0.34
44672.538888890 00 56 51.07 101.44 325.09 0.34
44672.539583334 00 57 51.29 101.65 325.39 0.34
44672.540277779 00 58 51.51 101.86 325.70 0.33
44672.540972223 00 59 51.74 102.07 326.00 0.33
44672.541666668 01 00 51.96 102.27 326.31 0.33
44672.542361112 01 01 52.19 102.48 326.61 0.33
44672.543055557 01 02 52.41 102.68 326.92 0.33
44672.543750001 01 03 52.63 102.89 327.22 0.33
44672.544444446 01 04 52.86 103.09 327.53 0.32
44672.545138890 01 05 53.08 103.29 327.83 0.32
44672.545833334 01 06 53.31 103.49 328.14 0.32
44672.546527779 01 07 53.53 103.69 328.44 0.32
44672.547222223 01 08 53.76 103.89 328.75 0.32
44672.547916668 01 09 53.98 104.09 329.05 0.32
44672.548611112 01 10 54.20 104.28 329.36 0.31
44672.549305557 01 11 54.43 104.48 329.66 0.31
44672.550000001 01 12 54.65 104.67 329.97 0.31
44672.550694446 01 13 54.88 104.86 330.27 0.31
44672.551388890 01 14 55.10 105.06 330.58 0.31
44672.552083334 01 15 55.33 105.24 330.88 0.31
44672.552777779 01 16 55.55 105.43 331.19 0.31
44672.553472223 01 17 55.78 105.62 331.49 0.30
44672.554166668 01 18 56.00 105.81 331.80 0.30
44672.554861112 01 19 56.22 105.99 332.00 0.30
44672.555555557 01 20 56.45 106.18 332.21 0.30
44672.556250001 01 21 56.67 106.36 332.41 0.30
44672.556944446 01 22 56.90 106.54 332.61 0.30
44672.557638890 01 23 57.12 106.72 332.87 0.30
44672.558333334 01 24 57.35 106.90 333.18 0.29
44672.559027779 01 25 57.57 107.08 333.48 0.29
44672.559722223 01 26 57.80 107.25 333.79 0.29
44672.560416668 01 27 58.02 107.43 334.08 0.29
44672.561111112 01 28 58.25 107.60 334.29 0.29
44672.561805557 01 29 58.47 107.77 334.49 0.29
44672.562500001 01 30 58.69 107.95 334.70 0.29
44672.563194446 01 31 58.92 108.12 334.90 0.29
44672.563888890 01 32 59.14 108.29 335.17 0.28
44672.564583334 01 33 59.37 108.45 335.47 0.28
44672.565277779 01 34 59.59 108.62 335.78 0.28
44672.565972223 01 35 59.82 108.78 336.08 0.28
44672.566666668 01 36 60.04 108.95 336.37 0.28
44672.567361112 01 37 60.27 109.11 336.57 0.28
44672.568055557 01 38 60.49 109.27 336.78 0.28
44672.568750001 01 39 60.72 109.43 336.98 0.28
44672.569444446 01 40 60.94 109.59 337.19 0.27
44672.570138890 01 41 61.17 109.75 337.39 0.27
44672.570833335 01 42 61.39 109.91 337.59 0.27
44672.571527779 01 43 61.62 110.06 337.80 0.27
44672.572222223 01 44 61.84 110.22 338.00 0.27
44672.572916668 01 45 62.07 110.37 338.21 0.27
44672.573611112 01 46 62.29 110.52 338.41 0.27
44672.574305557 01 47 62.52 110.67 338.61 0.27
44672.575000001 01 48 62.74 110.82 338.82 0.27
44672.575694446 01 49 62.97 110.97 339.02 0.26
44672.576388890 01 50 63.19 111.12 339.22 0.26
44672.577083335 01 51 63.42 111.26 339.43 0.26
44672.577777779 01 52 63.64 111.41 339.63 0.26
44672.578472223 01 53 63.87 111.55 339.84 0.26
44672.579166668 01 54 64.09 111.69 340.00 0.26
44672.579861112 01 55 64.32 111.83 340.10 0.26
44672.580555557 01 56 64.54 111.97 340.20 0.26
44672.581250001 01 57 64.76 112.11 340.30 0.26
44672.581944446 01 58 64.99 112.25 340.41 0.25
44672.582638890 01 59 65.21 112.39 340.61 0.25
44672.583333335 02 00 65.44 112.52 340.81 0.25
44672.584027779 02 01 65.66 112.65 341.01 0.25
44672.584722223 02 02 65.89 112.79 341.22 0.25
44672.585416668 02 03 66.11 112.92 341.42 0.25
44672.586111112 02 04 66.34 113.05 341.62 0.25
44672.586805557 02 05 66.56 113.17 341.83 0.25
44672.587500001 02 06 66.79 113.30 342.03 0.25
44672.588194446 02 07 67.01 113.43 342.23 0.25
44672.588888890 02 08 67.24 113.55 342.33 0.25
44672.589583335 02 09 67.46 113.68 342.43 0.24
44672.590277779 02 10 67.69 113.80 342.54 0.24
44672.590972223 02 11 67.91 113.92 342.64 0.24
44672.591666668 02 12 68.14 114.04 342.80 0.24
44672.592361112 02 13 68.36 114.16 343.00 0.24
44672.593055557 02 14 68.59 114.28 343.21 0.24
44672.593750001 02 15 68.81 114.39 343.41 0.24
44672.594444446 02 16 69.03 114.51 343.60 0.24
44672.595138890 02 17 69.26 114.62 343.70 0.24
44672.595833335 02 18 69.48 114.73 343.80 0.24
44672.596527779 02 19 69.71 114.85 343.90 0.24
44672.597222223 02 20 69.93 114.96 344.01 0.24
44672.597916668 02 21 70.16 115.06 344.11 0.24
44672.598611112 02 22 70.38 115.17 344.21 0.23
44672.599305557 02 23 70.60 115.28 344.31 0.23
44672.600000001 02 24 70.83 115.38 344.41 0.23
44672.600694446 02 25 71.05 115.49 344.54 0.23
44672.601388890 02 26 71.28 115.59 344.74 0.23
44672.602083335 02 27 71.50 115.69 344.95 0.23
44672.602777779 02 28 71.73 115.79 345.15 0.23
44672.603472224 02 29 71.95 115.89 345.35 0.23
44672.604166668 02 30 72.17 115.99 345.48 0.23
44672.604861112 02 31 72.40 116.09 345.58 0.23
44672.605555557 02 32 72.62 116.18 345.68 0.23
44672.606250001 02 33 72.84 116.28 345.78 0.23
44672.606944446 02 34 73.07 116.37 345.88 0.23
44672.607638890 02 35 73.29 116.46 345.98 0.23
44672.608333335 02 36 73.52 116.55 346.08 0.23
44672.609027779 02 37 73.74 116.64 346.19 0.22
44672.609722224 02 38 73.96 116.73 346.29 0.22
44672.610416668 02 39 74.19 116.82 346.39 0.22
44672.611111112 02 40 74.41 116.91 346.49 0.22
44672.611805557 02 41 74.63 116.99 346.59 0.22
44672.612500001 02 42 74.85 117.08 346.69 0.22
44672.613194446 02 43 75.08 117.16 346.79 0.22
44672.613888890 02 44 75.30 117.24 346.89 0.22
44672.614583335 02 45 75.52 117.32 346.99 0.22
44672.615277779 02 46 75.74 117.40 347.09 0.22
44672.615972224 02 47 75.97 117.48 347.19 0.22
44672.616666668 02 48 76.19 117.55 347.30 0.22
44672.617361112 02 49 76.41 117.63 347.40 0.22
44672.618055557 02 50 76.63 117.70 347.50 0.22
44672.618750001 02 51 76.85 117.78 347.60 0.22
44672.619444446 02 52 77.07 117.85 347.66 0.22
44672.620138890 02 53 77.30 117.92 347.66 0.22
44672.620833335 02 54 77.52 117.99 347.66 0.22
44672.621527779 02 55 77.74 118.06 347.66 0.22
44672.622222224 02 56 77.96 118.13 347.66 0.21
44672.622916668 02 57 78.18 118.19 347.74 0.21
44672.623611112 02 58 78.40 118.26 347.84 0.21
44672.624305557 02 59 78.62 118.32 347.94 0.21
44672.625000001 03 00 78.84 118.39 348.04 0.21
44672.625694446 03 01 79.06 118.45 348.14 0.21
44672.626388890 03 02 79.28 118.51 348.24 0.21
44672.627083335 03 03 79.49 118.57 348.34 0.21
44672.627777779 03 04 79.71 118.63 348.44 0.21
44672.628472224 03 05 79.93 118.69 348.54 0.21
44672.629166668 03 06 80.15 118.74 348.57 0.21
44672.629861112 03 07 80.36 118.80 348.57 0.21
44672.630555557 03 08 80.58 118.85 348.57 0.21
44672.631250001 03 09 80.79 118.90 348.57 0.21
44672.631944446 03 10 81.01 118.96 348.57 0.21
44672.632638890 03 11 81.22 119.01 348.67 0.21
44672.633333335 03 12 81.44 119.06 348.77 0.21
44672.634027779 03 13 81.65 119.11 348.86 0.21
44672.634722224 03 14 81.86 119.15 348.96 0.21
44672.635416668 03 15 82.07 119.20 349.02 0.21
44672.636111113 03 16 82.28 119.25 349.02 0.21
44672.636805557 03 17 82.49 119.29 349.02 0.21
44672.637500001 03 18 82.70 119.33 349.02 0.21
44672.638194446 03 19 82.91 119.37 349.02 0.21
44672.638888890 03 20 83.12 119.42 349.08 0.21
44672.639583335 03 21 83.32 119.46 349.17 0.21
44672.640277779 03 22 83.52 119.50 349.26 0.21
44672.640972224 03 23 83.73 119.53 349.35 0.21
44672.641666668 03 24 83.92 119.57 349.44 0.21
44672.642361113 03 25 84.12 119.61 349.48 0.21
44672.643055557 03 26 84.32 119.64 349.48 0.20
44672.643750001 03 27 84.51 119.67 349.48 0.20
44672.644444446 03 28 84.70 119.71 349.48 0.20
44672.645138890 03 29 84.89 119.74 349.48 0.20
44672.645833335 03 30 85.07 119.77 349.48 0.20
44672.646527779 03 31 85.25 119.80 349.48 0.20
44672.647222224 03 32 85.43 119.83 349.48 0.20
44672.647916668 03 33 85.60 119.86 349.48 0.20
44672.648611113 03 34 85.76 119.88 349.48 0.20
44672.649305557 03 35 85.92 119.91 349.48 0.20
44672.650000001 03 36 86.07 119.93 349.51 0.20
44672.650694446 03 37 86.22 119.96 349.58 0.20
44672.651388890 03 38 86.36 119.98 349.64 0.20
44672.652083335 03 39 86.48 120.00 349.70 0.20
44672.652777779 03 40 86.60 120.02 349.75 0.20
44672.653472224 03 41 86.71 120.04 349.80 0.20
44672.654166668 03 42 86.80 120.06 349.84 0.20
44672.654861113 03 43 86.88 120.08 349.87 0.20
44672.655555557 03 44 86.94 120.09 349.90 0.20
44672.656250001 03 45 86.99 120.11 349.92 0.20
44672.656944446 03 46 87.02 120.13 349.93 0.20
44672.657638890 03 47 87.03 120.14 349.93 0.20
44672.658333335 03 48 87.03 120.15 349.93 0.20
44672.659027779 03 49 87.01 120.16 349.93 0.20
44672.659722224 03 50 86.97 120.18 349.92 0.20
44672.660416668 03 51 86.92 120.19 349.89 0.20
44672.661111113 03 52 86.85 120.19 349.86 0.20
44672.661805557 03 53 86.76 120.20 349.82 0.20
44672.662500001 03 54 86.66 120.21 349.78 0.20
44672.663194446 03 55 86.55 120.22 349.73 0.20
44672.663888890 03 56 86.43 120.22 349.67 0.20
44672.664583335 03 57 86.30 120.23 349.61 0.20
44672.665277779 03 58 86.16 120.23 349.55 0.20
44672.665972224 03 59 86.01 120.23 349.48 0.20
44672.666666668 04 00 85.86 120.24 349.48 0.20
44672.667361113 04 01 85.70 120.24 349.48 0.20
44672.668055557 04 02 85.53 120.24 349.48 0.20
44672.668750002 04 03 85.36 120.24 349.48 0.20
44672.669444446 04 04 85.18 120.23 349.48 0.20
44672.670138890 04 05 85.00 120.23 349.48 0.20
44672.670833335 04 06 84.81 120.23 349.48 0.20
44672.671527779 04 07 84.62 120.23 349.48 0.20
44672.672222224 04 08 84.43 120.22 349.48 0.20
44672.672916668 04 09 84.24 120.21 349.48 0.20
44672.673611113 04 10 84.04 120.21 349.48 0.20
44672.674305557 04 11 83.84 120.20 349.41 0.20
44672.675000002 04 12 83.64 120.19 349.31 0.20
44672.675694446 04 13 83.44 120.18 349.22 0.20
44672.676388890 04 14 83.24 120.17 349.13 0.20
44672.677083335 04 15 83.03 120.16 349.04 0.20
44672.677777779 04 16 82.83 120.15 349.02 0.20
44672.678472224 04 17 82.62 120.14 349.02 0.20
44672.679166668 04 18 82.41 120.13 349.02 0.20
44672.679861113 04 19 82.20 120.11 349.02 0.20
44672.680555557 04 20 81.99 120.10 349.02 0.20
44672.681250002 04 21 81.78 120.08 348.92 0.20
44672.681944446 04 22 81.56 120.07 348.83 0.20
44672.682638890 04 23 81.35 120.05 348.73 0.20
44672.683333335 04 24 81.14 120.03 348.63 0.20
44672.684027779 04 25 80.92 120.01 348.57 0.20
44672.684722224 04 26 80.71 119.99 348.57 0.20
44672.685416668 04 27 80.49 119.98 348.57 0.20
44672.686111113 04 28 80.27 119.95 348.57 0.20
44672.686805557 04 29 80.06 119.93 348.57 0.20
