2022 04 21 17 00 -37.90 0.00 0.00
2022 04 21 17 01 -37.83 0.00 0.00
2022 04 21 17 02 -37.75 0.00 0.00
2022 04 21 17 03 -37.67 0.00 0.00
2022 04 21 17 04 -37.59 0.00 0.00
2022 04 21 17 05 -37.51 0.00 0.00
2022 04 21 17 06 -37.43 0.00 0.00
2022 04 21 17 07 -37.35 0.00 0.00
2022 04 21 17 08 -37.27 0.00 0.00
2022 04 21 17 09 -37.18 0.00 0.00
2022 04 21 17 10 -37.10 0.00 0.00
2022 04 21 17 11 -37.01 0.00 0.00
2022 04 21 17 12 -36.93 0.00 0.00
2022 04 21 17 13 -36.84 0.00 0.00
2022 04 21 17 14 -36.75 0.00 0.00
2022 04 21 17 15 -36.66 0.00 0.00
2022 04 21 17 16 -36.57 0.00 0.00
2022 04 21 17 17 -36.48 0.00 0.00
2022 04 21 17 18 -36.39 0.00 0.00
2022 04 21 17 19 -36.29 0.00 0.00
2022 04 21 17 20 -36.20 0.00 0.00
2022 04 21 17 21 -36.10 0.00 0.00
2022 04 21 17 22 -36.01 0.00 0.00
2022 04 21 17 23 -35.91 0.00 0.00
2022 04 21 17 24 -35.81 0.00 0.00
2022 04 21 17 25 -35.71 0.00 0.00
2022 04 21 17 26 -35.61 0.00 0.00
2022 04 21 17 27 -35.51 0.00 0.00
2022 04 21 17 28 -35.41 0.00 0.00
2022 04 21 17 29 -35.31 0.00 0.00
2022 04 21 17 30 -35.20 0.00 0.00
2022 04 21 17 31 -35.10 0.00 0.00
2022 04 21 17 32 -34.99 0.00 0.00
2022 04 21 17 33 -34.89 0.00 0.00
2022 04 21 17 34 -34.78 0.00 0.00
2022 04 21 17 35 -34.67 0.00 0.00
2022 04 21 17 36 -34.56 0.00 0.00
2022 04 21 17 37 -34.45 0.00 0.00
2022 04 21 17 38 -34.34 0.00 0.00
2022 04 21 17 39 -34.23 0.00 0.00
2022 04 21 17 40 -34.12 0.00 0.00
2022 04 21 17 41 -34.01 0.00 0.00
2022 04 21 17 42 -33.89 0.00 0.00
2022 04 21 17 43 -33.78 0.00 0.00
2022 04 21 17 44 -33.67 0.00 0.00
2022 04 21 17 45 -33.55 0.00 0.00
2022 04 21 17 46 -33.43 0.00 0.00
2022 04 21 17 47 -33.31 0.00 0.00
2022 04 21 17 48 -33.20 0.00 0.00
2022 04 21 17 49 -33.08 0.00 0.00
2022 04 21 17 50 -32.96 0.00 0.00
2022 04 21 17 51 -32.84 0.00 0.00
2022 04 21 17 52 -32.71 0.00 0.00
2022 04 21 17 53 -32.59 0.00 0.00
2022 04 21 17 54 -32.47 0.00 0.00
2022 04 21 17 55 -32.35 0.00 0.00
2022 04 21 17 56 -32.22 0.00 0.00
2022 04 21 17 57 -32.10 0.00 0.00
2022 04 21 17 58 -31.97 0.00 0.00
2022 04 21 17 59 -31.84 0.00 0.00
2022 04 21 18 00 -31.71 0.00 0.00
2022 04 21 18 01 -31.59 0.00 0.00
2022 04 21 18 02 -31.46 0.00 0.00
2022 04 21 18 03 -31.33 0.00 0.00
2022 04 21 18 04 -31.20 0.00 0.00
2022 04 21 18 05 -31.07 0.00 0.00
2022 04 21 18 06 -30.93 0.00 0.00
2022 04 21 18 07 -30.80 0.00 0.00
2022 04 21 18 08 -30.67 0.00 0.00
2022 04 21 18 09 -30.53 0.00 0.00
2022 04 21 18 10 -30.40 0.00 0.00
2022 04 21 18 11 -30.27 0.00 0.00
2022 04 21 18 12 -30.13 0.00 0.00
2022 04 21 18 13 -29.99 0.00 0.00
2022 04 21 18 14 -29.86 0.00 0.00
2022 04 21 18 15 -29.72 0.00 0.00
2022 04 21 18 16 -29.58 0.00 0.00
2022 04 21 18 17 -29.44 0.00 0.00
2022 04 21 18 18 -29.30 0.00 0.00
2022 04 21 18 19 -29.16 0.00 0.00
2022 04 21 18 20 -29.02 0.00 0.00
2022 04 21 18 21 -28.88 0.00 0.00
2022 04 21 18 22 -28.73 0.00 0.00
2022 04 21 18 23 -28.59 0.00 0.00
2022 04 21 18 24 -28.45 0.00 0.00
2022 04 21 18 25 -28.30 0.00 0.00
2022 04 21 18 26 -28.16 0.00 0.00
2022 04 21 18 27 -28.01 0.00 0.00
2022 04 21 18 28 -27.87 0.00 0.00
2022 04 21 18 29 -27.72 0.00 0.00
2022 04 21 18 30 -27.57 0.00 0.00
2022 04 21 18 31 -27.42 0.00 0.00
2022 04 21 18 32 -27.28 0.00 0.00
2022 04 21 18 33 -27.13 0.00 0.00
2022 04 21 18 34 -26.98 0.00 0.00
2022 04 21 18 35 -26.83 0.00 0.00
2022 04 21 18 36 -26.68 0.00 0.00
2022 04 21 18 37 -26.52 0.00 0.00
2022 04 21 18 38 -26.37 0.00 0.00
2022 04 21 18 39 -26.22 0.00 0.00
2022 04 21 18 40 -26.07 0.00 0.00
2022 04 21 18 41 -25.91 0.00 0.00
2022 04 21 18 42 -25.76 0.00 0.00
2022 04 21 18 43 -25.60 0.00 0.00
2022 04 21 18 44 -25.45 0.00 0.00
2022 04 21 18 45 -25.29 0.00 0.00
2022 04 21 18 46 -25.14 0.00 0.00
2022 04 21 18 47 -24.98 0.00 0.00
2022 04 21 18 48 -24.82 0.00 0.00
2022 04 21 18 49 -24.67 0.00 0.00
2022 04 21 18 50 -24.51 0.00 0.00
2022 04 21 18 51 -24.35 0.00 0.00
2022 04 21 18 52 -24.19 0.00 0.00
2022 04 21 18 53 -24.03 0.00 0.00
2022 04 21 18 54 -23.87 0.00 0.00
2022 04 21 18 55 -23.71 0.00 0.00
2022 04 21 18 56 -23.55 0.00 0.00
2022 04 21 18 57 -23.38 0.00 0.00
2022 04 21 18 58 -23.22 0.00 0.00
2022 04 21 18 59 -23.06 0.00 0.00
2022 04 21 19 00 -22.90 0.00 0.00
2022 04 21 19 01 -22.73 0.00 0.00
2022 04 21 19 02 -22.57 0.00 0.00
2022 04 21 19 03 -22.40 0.00 0.00
2022 04 21 19 04 -22.24 0.00 0.00
2022 04 21 19 05 -22.07 0.00 0.00
2022 04 21 19 06 -21.91 0.00 0.00
2022 04 21 19 07 -21.74 0.00 0.00
2022 04 21 19 08 -21.57 0.00 0.00
2022 04 21 19 09 -21.41 0.00 0.00
2022 04 21 19 10 -21.24 0.00 0.00
2022 04 21 19 11 -21.07 0.00 0.00
2022 04 21 19 12 -20.90 0.00 0.00
2022 04 21 19 13 -20.73 0.00 0.00
2022 04 21 19 14 -20.56 0.00 0.00
2022 04 21 19 15 -20.39 0.00 0.00
2022 04 21 19 16 -20.22 0.00 0.00
2022 04 21 19 17 -20.05 0.00 0.00
2022 04 21 19 18 -19.88 0.00 0.00
2022 04 21 19 19 -19.71 0.00 0.00
2022 04 21 19 20 -19.53 0.00 0.00
2022 04 21 19 21 -19.36 0.00 0.00
2022 04 21 19 22 -19.19 0.00 0.00
2022 04 21 19 23 -19.02 0.00 0.00
2022 04 21 19 24 -18.84 0.00 0.00
2022 04 21 19 25 -18.67 0.00 0.00
2022 04 21 19 26 -18.49 0.00 0.00
2022 04 21 19 27 -18.32 0.00 0.00
2022 04 21 19 28 -18.14 0.00 0.00
2022 04 21 19 29 -17.97 0.00 0.00
2022 04 21 19 30 -17.79 0.00 0.00
2022 04 21 19 31 -17.62 0.00 0.00
2022 04 21 19 32 -17.44 0.00 0.00
2022 04 21 19 33 -17.26 0.00 0.00
2022 04 21 19 34 -17.08 0.00 0.00
2022 04 21 19 35 -16.91 0.00 0.00
2022 04 21 19 36 -16.73 0.00 0.00
2022 04 21 19 37 -16.55 0.00 0.00
2022 04 21 19 38 -16.37 0.00 0.00
2022 04 21 19 39 -16.19 0.00 0.00
2022 04 21 19 40 -16.01 0.00 0.00
2022 04 21 19 41 -15.83 0.00 0.00
2022 04 21 19 42 -15.65 0.00 0.00
2022 04 21 19 43 -15.47 0.00 0.00
2022 04 21 19 44 -15.29 0.00 0.00
2022 04 21 19 45 -15.11 0.00 0.00
2022 04 21 19 46 -14.92 0.00 0.00
2022 04 21 19 47 -14.74 0.00 0.00
2022 04 21 19 48 -14.56 0.00 0.00
2022 04 21 19 49 -14.38 0.00 0.00
2022 04 21 19 50 -14.19 0.00 0.00
2022 04 21 19 51 -14.01 0.00 0.00
2022 04 21 19 52 -13.83 0.00 0.00
2022 04 21 19 53 -13.64 0.00 0.00
2022 04 21 19 54 -13.46 0.00 0.00
2022 04 21 19 55 -13.27 0.00 0.00
2022 04 21 19 56 -13.09 0.00 0.00
2022 04 21 19 57 -12.90 0.00 0.00
2022 04 21 19 58 -12.72 0.00 0.00
2022 04 21 19 59 -12.53 0.00 0.00
2022 04 21 20 00 -12.34 0.00 0.00
2022 04 21 20 01 -12.16 0.00 0.00
2022 04 21 20 02 -11.97 0.00 0.00
2022 04 21 20 03 -11.78 0.00 0.00
2022 04 21 20 04 -11.60 0.00 0.00
2022 04 21 20 05 -11.41 0.00 0.00
2022 04 21 20 06 -11.22 0.00 0.00
2022 04 21 20 07 -11.03 0.00 0.00
2022 04 21 20 08 -10.84 0.00 0.00
2022 04 21 20 09 -10.65 0.00 0.00
2022 04 21 20 10 -10.47 0.00 0.00
2022 04 21 20 11 -10.28 0.00 0.00
2022 04 21 20 12 -10.09 0.00 0.00
2022 04 21 20 13 -9.90 0.00 0.00
2022 04 21 20 14 -9.71 0.00 0.00
2022 04 21 20 15 -9.51 0.00 0.00
2022 04 21 20 16 -9.32 0.00 0.00
2022 04 21 20 17 -9.13 0.00 0.00
2022 04 21 20 18 -8.94 0.00 0.00
2022 04 21 20 19 -8.75 0.00 0.00
2022 04 21 20 20 -8.56 0.00 0.00
2022 04 21 20 21 -8.37 0.00 0.00
2022 04 21 20 22 -8.17 0.00 0.00
2022 04 21 20 23 -7.98 0.00 0.00
2022 04 21 20 24 -7.79 0.00 0.00
2022 04 21 20 25 -7.59 0.00 0.00
2022 04 21 20 26 -7.40 0.00 0.00
2022 04 21 20 27 -7.21 0.00 0.00
2022 04 21 20 28 -7.01 0.00 0.00
2022 04 21 20 29 -6.82 0.00 0.00
2022 04 21 20 30 -6.62 0.00 0.00
2022 04 21 20 31 -6.43 0.00 0.00
2022 04 21 20 32 -6.23 0.00 0.00
2022 04 21 20 33 -6.04 0.00 0.00
2022 04 21 20 34 -5.84 0.00 0.00
2022 04 21 20 35 -5.65 0.00 0.00
2022 04 21 20 36 -5.45 0.00 0.00
2022 04 21 20 37 -5.26 0.00 0.00
2022 04 21 20 38 -5.06 0.00 0.00
2022 04 21 20 39 -4.86 0.00 0.00
2022 04 21 20 40 -4.67 0.00 0.00
2022 04 21 20 41 -4.47 0.00 0.00
2022 04 21 20 42 -4.27 0.00 0.00
2022 04 21 20 43 -4.07 0.00 0.00
2022 04 21 20 44 -3.88 0.00 0.00
2022 04 21 20 45 -3.68 0.00 0.00
2022 04 21 20 46 -3.48 0.00 0.00
2022 04 21 20 47 -3.28 0.00 0.00
2022 04 21 20 48 -3.08 0.00 0.00
2022 04 21 20 49 -2.88 0.00 0.00
2022 04 21 20 50 -2.68 0.00 0.00
2022 04 21 20 51 -2.49 0.00 0.00
2022 04 21 20 52 -2.29 0.00 0.00
2022 04 21 20 53 -2.09 0.00 0.00
2022 04 21 20 54 -1.89 0.00 0.00
2022 04 21 20 55 -1.69 0.00 0.00
2022 04 21 20 56 -1.49 0.00 0.00
2022 04 21 20 57 -1.29 0.00 0.00
2022 04 21 20 58 -1.08 0.00 0.00
2022 04 21 20 59 -0.88 0.00 0.00
2022 04 21 21 00 -0.68 0.00 0.00
2022 04 21 21 01 -0.48 0.00 0.00
2022 04 21 21 02 -0.28 0.00 0.00
2022 04 21 21 03 -0.08 0.00 0.00
2022 04 21 21 04 0.12 0.00 0.00
2022 04 21 21 05 0.33 0.00 0.00
2022 04 21 21 06 0.53 0.00 0.00
2022 04 21 21 07 0.73 0.00 0.00
2022 04 21 21 08 0.93 0.00 0.00
2022 04 21 21 09 1.14 0.00 0.00
2022 04 21 21 10 1.34 0.00 0.00
2022 04 21 21 11 1.54 0.00 0.00
2022 04 21 21 12 1.75 0.00 0.00
2022 04 21 21 13 1.95 0.00 0.00
2022 04 21 21 14 2.15 0.00 0.00
2022 04 21 21 15 2.36 0.00 0.00
2022 04 21 21 16 2.56 0.00 0.00
2022 04 21 21 17 2.77 0.00 0.00
2022 04 21 21 18 2.97 0.00 0.00
2022 04 21 21 19 3.17 0.00 0.00
2022 04 21 21 20 3.38 0.00 0.00
2022 04 21 21 21 3.58 0.00 0.00
2022 04 21 21 22 3.79 0.00 0.00
2022 04 21 21 23 3.99 0.00 0.00
2022 04 21 21 24 4.20 0.00 0.00
2022 04 21 21 25 4.41 0.00 0.00
2022 04 21 21 26 4.61 0.00 0.00
2022 04 21 21 27 4.82 0.00 0.00
2022 04 21 21 28 5.02 0.00 0.00
2022 04 21 21 29 5.23 0.00 0.00
2022 04 21 21 30 5.44 0.00 0.00
2022 04 21 21 31 5.64 0.00 0.00
2022 04 21 21 32 5.85 0.00 0.00
2022 04 21 21 33 6.06 0.00 0.00
2022 04 21 21 34 6.26 0.00 0.00
2022 04 21 21 35 6.47 0.00 0.00
2022 04 21 21 36 6.68 0.00 0.00
2022 04 21 21 37 6.89 0.00 0.00
2022 04 21 21 38 7.09 0.00 0.00
2022 04 21 21 39 7.30 0.00 0.00
2022 04 21 21 40 7.51 0.00 0.00
2022 04 21 21 41 7.72 0.00 0.00
2022 04 21 21 42 7.93 0.00 0.00
2022 04 21 21 43 8.13 0.00 0.00
2022 04 21 21 44 8.34 0.00 0.00
2022 04 21 21 45 8.55 0.00 0.00
2022 04 21 21 46 8.76 0.00 0.00
2022 04 21 21 47 8.97 0.00 0.00
2022 04 21 21 48 9.18 0.00 0.00
2022 04 21 21 49 9.39 0.00 0.00
2022 04 21 21 50 9.60 0.00 0.00
2022 04 21 21 51 9.81 0.00 0.00
2022 04 21 21 52 10.02 46.87 1.28
2022 04 21 21 53 10.23 47.18 1.27
2022 04 21 21 54 10.44 47.49 1.26
2022 04 21 21 55 10.65 47.80 1.25
2022 04 21 21 56 10.86 48.11 1.24
2022 04 21 21 57 11.07 48.42 1.23
2022 04 21 21 58 11.28 48.74 1.23
2022 04 21 21 59 11.49 49.05 1.22
2022 04 21 22 00 11.70 49.37 1.21
2022 04 21 22 01 11.91 49.68 1.20
2022 04 21 22 02 12.12 50.00 1.19
2022 04 21 22 03 12.33 50.32 1.18
2022 04 21 22 04 12.54 50.64 1.17
2022 04 21 22 05 12.75 50.96 1.17
2022 04 21 22 06 12.97 51.28 1.16
2022 04 21 22 07 13.18 51.60 1.15
2022 04 21 22 08 13.39 51.92 1.14
2022 04 21 22 09 13.60 52.24 1.13
2022 04 21 22 10 13.81 52.56 1.12
2022 04 21 22 11 14.02 52.88 1.11
2022 04 21 22 12 14.24 53.20 1.11
2022 04 21 22 13 14.45 53.53 1.10
2022 04 21 22 14 14.66 53.85 1.09
2022 04 21 22 15 14.87 54.17 1.08
2022 04 21 22 16 15.09 54.50 1.07
2022 04 21 22 17 15.30 54.82 1.06
2022 04 21 22 18 15.51 55.15 1.05
2022 04 21 22 19 15.73 55.47 1.05
2022 04 21 22 20 15.94 55.80 1.04
2022 04 21 22 21 16.15 56.12 1.03
2022 04 21 22 22 16.37 56.45 1.02
2022 04 21 22 23 16.58 56.77 1.01
2022 04 21 22 24 16.79 57.10 1.00
2022 04 21 22 25 17.01 57.42 0.99
2022 04 21 22 26 17.22 57.75 0.99
2022 04 21 22 27 17.43 58.08 0.98
2022 04 21 22 28 17.65 58.40 0.97
2022 04 21 22 29 17.86 58.73 0.96
2022 04 21 22 30 18.08 59.06 0.95
2022 04 21 22 31 18.29 59.38 0.94
2022 04 21 22 32 18.51 59.71 0.93
2022 04 21 22 33 18.72 60.03 0.93
2022 04 21 22 34 18.94 60.36 0.92
2022 04 21 22 35 19.15 60.69 0.91
2022 04 21 22 36 19.36 61.01 0.90
2022 04 21 22 37 19.58 61.34 0.89
2022 04 21 22 38 19.80 61.66 0.88
2022 04 21 22 39 20.01 61.99 0.87
2022 04 21 22 40 20.23 62.31 0.87
2022 04 21 22 41 20.44 62.64 0.86
2022 04 21 22 42 20.66 62.96 0.85
2022 04 21 22 43 20.87 63.29 0.84
2022 04 21 22 44 21.09 63.61 0.83
2022 04 21 22 45 21.30 63.94 0.82
2022 04 21 22 46 21.52 64.26 0.82
2022 04 21 22 47 21.74 64.59 0.81
2022 04 21 22 48 21.95 64.91 0.80
2022 04 21 22 49 22.17 65.23 0.79
2022 04 21 22 50 22.38 65.56 0.78
2022 04 21 22 51 22.60 65.88 0.78
2022 04 21 22 52 22.82 66.20 0.77
2022 04 21 22 53 23.03 66.52 0.76
2022 04 21 22 54 23.25 66.84 0.75
2022 04 21 22 55 23.47 67.17 0.74
2022 04 21 22 56 23.68 67.49 0.74
2022 04 21 22 57 23.90 67.81 0.73
2022 04 21 22 58 24.12 68.13 0.72
2022 04 21 22 59 24.33 68.45 0.71
2022 04 21 23 00 24.55 68.77 0.70
2022 04 21 23 01 24.77 69.09 0.70
2022 04 21 23 02 24.99 69.40 0.69
2022 04 21 23 03 25.20 69.72 0.68
2022 04 21 23 04 25.42 70.04 0.67
2022 04 21 23 05 25.64 70.36 0.66
2022 04 21 23 06 25.86 70.67 0.66
2022 04 21 23 07 26.07 70.99 0.65
2022 04 21 23 08 26.29 71.30 0.64
2022 04 21 23 09 26.51 71.62 0.63
2022 04 21 23 10 26.73 71.93 0.63
2022 04 21 23 11 26.94 72.25 0.62
2022 04 21 23 12 27.16 72.56 0.61
2022 04 21 23 13 27.38 72.87 0.61
2022 04 21 23 14 27.60 73.18 0.60
2022 04 21 23 15 27.82 73.50 0.59
2022 04 21 23 16 28.04 73.81 0.58
2022 04 21 23 17 28.25 74.12 0.58
2022 04 21 23 18 28.47 74.43 0.57
2022 04 21 23 19 28.69 74.74 0.56
2022 04 21 23 20 28.91 75.04 0.56
2022 04 21 23 21 29.13 75.35 0.55
2022 04 21 23 22 29.35 75.66 0.54
2022 04 21 23 23 29.57 75.96 0.54
2022 04 21 23 24 29.79 76.27 0.53
2022 04 21 23 25 30.01 76.58 0.53
2022 04 21 23 26 30.22 76.88 0.52
2022 04 21 23 27 30.44 77.18 0.51
2022 04 21 23 28 30.66 77.49 0.51
2022 04 21 23 29 30.88 77.79 0.50
2022 04 21 23 30 31.10 78.09 0.50
2022 04 21 23 31 31.32 78.39 0.49
2022 04 21 23 32 31.54 78.69 0.49
2022 04 21 23 33 31.76 78.99 0.48
2022 04 21 23 34 31.98 79.29 0.48
2022 04 21 23 35 32.20 79.59 0.47
2022 04 21 23 36 32.42 79.88 0.47
2022 04 21 23 37 32.64 80.18 0.46
2022 04 21 23 38 32.86 80.47 0.46
2022 04 21 23 39 33.08 80.77 0.45
2022 04 21 23 40 33.30 81.06 0.45
2022 04 21 23 41 33.52 81.36 0.45
2022 04 21 23 42 33.74 81.65 0.44
2022 04 21 23 43 33.96 81.94 0.44
2022 04 21 23 44 34.18 82.23 0.44
2022 04 21 23 45 34.40 82.52 0.43
2022 04 21 23 46 34.62 82.81 0.43
2022 04 21 23 47 34.84 83.10 0.43
2022 04 21 23 48 35.06 83.38 0.43
2022 04 21 23 49 35.28 83.67 0.42
2022 04 21 23 50 35.51 83.95 0.42
2022 04 21 23 51 35.73 84.24 0.42
2022 04 21 23 52 35.95 84.52 0.42
2022 04 21 23 53 36.17 84.80 0.42
2022 04 21 23 54 36.39 85.09 0.42
2022 04 21 23 55 36.61 85.37 0.42
2022 04 21 23 56 36.83 85.65 0.42
2022 04 21 23 57 37.05 85.93 0.42
2022 04 21 23 58 37.27 86.20 0.42
2022 04 21 23 59 37.49 86.48 0.42
2022 04 22 00 00 37.72 86.76 0.42
2022 04 22 00 01 37.94 87.03 0.42
2022 04 22 00 02 38.16 87.31 0.42
2022 04 22 00 03 38.38 87.58 0.42
2022 04 22 00 04 38.60 87.85 0.42
2022 04 22 00 05 38.82 88.12 0.42
2022 04 22 00 06 39.05 88.40 0.43
2022 04 22 00 07 39.27 88.66 0.43
2022 04 22 00 08 39.49 88.93 0.43
2022 04 22 00 09 39.71 89.20 0.43
2022 04 22 00 10 39.93 89.47 0.44
2022 04 22 00 11 40.15 89.73 0.44
2022 04 22 00 12 40.38 90.00 0.44
2022 04 22 00 13 40.60 90.26 0.45
2022 04 22 00 14 40.82 90.52 0.45
2022 04 22 00 15 41.04 90.79 0.46
2022 04 22 00 16 41.26 91.05 0.46
2022 04 22 00 17 41.49 91.31 0.47
2022 04 22 00 18 41.71 91.56 0.47
2022 04 22 00 19 41.93 91.82 0.47
2022 04 22 00 20 42.15 92.08 0.48
2022 04 22 00 21 42.38 92.33 0.49
2022 04 22 00 22 42.60 92.59 0.49
2022 04 22 00 23 42.82 92.84 0.50
2022 04 22 00 24 43.04 93.09 0.50
2022 04 22 00 25 43.27 93.35 0.51
2022 04 22 00 26 43.49 93.60 0.51
2022 04 22 00 27 43.71 93.85 0.52
2022 04 22 00 28 43.93 94.09 0.53
2022 04 22 00 29 44.16 94.34 0.53
2022 04 22 00 30 44.38 94.59 0.54
2022 04 22 00 31 44.60 94.83 0.55
2022 04 22 00 32 44.83 95.08 0.55
2022 04 22 00 33 45.05 95.32 0.56
2022 04 22 00 34 45.27 95.56 0.57
2022 04 22 00 35 45.49 95.80 0.58
2022 04 22 00 36 45.72 96.04 0.58
2022 04 22 00 37 45.94 96.28 0.59
2022 04 22 00 38 46.16 96.52 0.60
2022 04 22 00 39 46.39 96.75 0.61
2022 04 22 00 40 46.61 96.99 0.61
2022 04 22 00 41 46.83 97.22 0.62
2022 04 22 00 42 47.06 97.45 0.63
2022 04 22 00 43 47.28 97.69 0.64
2022 04 22 00 44 47.50 97.92 0.65
2022 04 22 00 45 47.73 98.15 0.65
2022 04 22 00 46 47.95 98.37 0.66
2022 04 22 00 47 48.17 98.60 0.67
2022 04 22 00 48 48.40 98.83 0.68
2022 04 22 00 49 48.62 99.05 0.69
2022 04 22 00 50 48.84 99.28 0.70
2022 04 22 00 51 49.07 99.50 0.71
2022 04 22 00 52 49.29 99.72 0.71
2022 04 22 00 53 49.52 99.94 0.72
2022 04 22 00 54 49.74 100.16 0.73
2022 04 22 00 55 49.96 100.38 0.74
2022 04 22 00 56 50.19 100.59 0.75
2022 04 22 00 57 50.41 100.81 0.76
2022 04 22 00 58 50.63 101.02 0.77
2022 04 22 00 59 50.86 101.24 0.78
2022 04 22 01 00 51.08 101.45 0.79
2022 04 22 01 01 51.31 101.66 0.80
2022 04 22 01 02 51.53 101.87 0.81
2022 04 22 01 03 51.75 102.08 0.82
2022 04 22 01 04 51.98 102.29 0.83
2022 04 22 01 05 52.20 102.49 0.84
2022 04 22 01 06 52.43 102.70 0.85
2022 04 22 01 07 52.65 102.90 0.85
2022 04 22 01 08 52.87 103.11 0.86
2022 04 22 01 09 53.10 103.31 0.87
2022 04 22 01 10 53.32 103.51 0.88
2022 04 22 01 11 53.55 103.71 0.89
2022 04 22 01 12 53.77 103.90 0.90
2022 04 22 01 13 54.00 104.10 0.91
2022 04 22 01 14 54.22 104.30 0.92
2022 04 22 01 15 54.44 104.49 0.93
2022 04 22 01 16 54.67 104.69 0.95
2022 04 22 01 17 54.89 104.88 0.96
2022 04 22 01 18 55.12 105.07 0.97
2022 04 22 01 19 55.34 105.26 0.98
2022 04 22 01 20 55.57 105.45 0.99
2022 04 22 01 21 55.79 105.63 1.00
2022 04 22 01 22 56.01 105.82 1.01
2022 04 22 01 23 56.24 106.00 1.02
2022 04 22 01 24 56.46 106.19 1.03
2022 04 22 01 25 56.69 106.37 1.04
2022 04 22 01 26 56.91 106.55 1.05
2022 04 22 01 27 57.14 106.73 1.06
2022 04 22 01 28 57.36 106.91 1.07
2022 04 22 01 29 57.59 107.09 1.08
2022 04 22 01 30 57.81 107.26 1.09
2022 04 22 01 31 58.04 107.44 1.10
2022 04 22 01 32 58.26 107.61 1.11
2022 04 22 01 33 58.49 107.79 1.13
2022 04 22 01 34 58.71 107.96 1.14
2022 04 22 01 35 58.93 108.13 1.15
2022 04 22 01 36 59.16 108.30 1.16
2022 04 22 01 37 59.38 108.46 1.17
2022 04 22 01 38 59.61 108.63 1.18
2022 04 22 01 39 59.83 108.80 1.19
2022 04 22 01 40 60.06 108.96 1.20
2022 04 22 01 41 60.28 109.12 1.21
2022 04 22 01 42 60.51 109.28 1.23
2022 04 22 01 43 60.73 109.44 1.24
2022 04 22 01 44 60.96 109.60 1.25
2022 04 22 01 45 61.18 109.76 1.26
2022 04 22 01 46 61.41 109.92 1.27
2022 04 22 01 47 61.63 110.07 1.28
2022 04 22 01 48 61.86 110.23 1.29
2022 04 22 01 49 62.08 110.38 1.31
2022 04 22 01 50 62.31 110.53 1.32
2022 04 22 01 51 62.53 110.68 1.33
2022 04 22 01 52 62.76 110.83 1.34
2022 04 22 01 53 62.98 110.98 1.35
2022 04 22 01 54 63.21 111.13 1.36
2022 04 22 01 55 63.43 111.27 1.38
2022 04 22 01 56 63.66 111.42 1.39
2022 04 22 01 57 63.88 111.56 1.40
2022 04 22 01 58 64.11 111.70 1.41
2022 04 22 01 59 64.33 111.84 1.42
2022 04 22 02 00 64.56 111.98 1.43
2022 04 22 02 01 64.78 112.12 1.45
2022 04 22 02 02 65.00 112.26 1.46
2022 04 22 02 03 65.23 112.39 1.47
2022 04 22 02 04 65.45 112.53 1.48
2022 04 22 02 05 65.68 112.66 1.49
2022 04 22 02 06 65.90 112.79 1.51
2022 04 22 02 07 66.13 112.93 1.52
2022 04 22 02 08 66.35 113.06 1.53
2022 04 22 02 09 66.58 113.18 1.54
2022 04 22 02 10 66.80 113.31 1.56
2022 04 22 02 11 67.03 113.44 1.57
2022 04 22 02 12 67.25 113.56 1.58
2022 04 22 02 13 67.48 113.68 1.59
2022 04 22 02 14 67.70 113.81 1.60
2022 04 22 02 15 67.93 113.93 1.62
2022 04 22 02 16 68.15 114.05 1.63
2022 04 22 02 17 68.38 114.17 1.64
2022 04 22 02 18 68.60 114.28 1.65
2022 04 22 02 19 68.82 114.40 1.66
2022 04 22 02 20 69.05 114.52 1.68
2022 04 22 02 21 69.27 114.63 1.69
2022 04 22 02 22 69.50 114.74 1.70
2022 04 22 02 23 69.72 114.85 1.71
2022 04 22 02 24 69.95 114.96 1.73
2022 04 22 02 25 70.17 115.07 1.74
2022 04 22 02 26 70.40 115.18 1.75
2022 04 22 02 27 70.62 115.29 1.76
2022 04 22 02 28 70.84 115.39 1.77
2022 04 22 02 29 71.07 115.50 1.78
2022 04 22 02 30 71.29 115.60 1.80
2022 04 22 02 31 71.52 115.70 1.81
2022 04 22 02 32 71.74 115.80 1.82
2022 04 22 02 33 71.96 115.90 1.83
2022 04 22 02 34 72.19 116.00 1.84
2022 04 22 02 35 72.41 116.09 1.85
2022 04 22 02 36 72.64 116.19 1.86
2022 04 22 02 37 72.86 116.28 1.88
2022 04 22 02 38 73.08 116.38 1.89
2022 04 22 02 39 73.31 116.47 1.90
2022 04 22 02 40 73.53 116.56 1.91
2022 04 22 02 41 73.75 116.65 1.92
2022 04 22 02 42 73.98 116.74 1.93
2022 04 22 02 43 74.20 116.83 1.94
2022 04 22 02 44 74.42 116.91 1.95
2022 04 22 02 45 74.65 117.00 1.96
2022 04 22 02 46 74.87 117.08 1.96
2022 04 22 02 47 75.09 117.16 1.97
2022 04 22 02 48 75.31 117.25 1.98
2022 04 22 02 49 75.54 117.33 1.99
2022 04 22 02 50 75.76 117.40 2.00
2022 04 22 02 51 75.98 117.48 2.00
2022 04 22 02 52 76.20 117.56 2.01
2022 04 22 02 53 76.43 117.63 2.01
2022 04 22 02 54 76.65 117.71 2.02
2022 04 22 02 55 76.87 117.78 2.02
2022 04 22 02 56 77.09 117.85 2.02
2022 04 22 02 57 77.31 117.93 2.03
2022 04 22 02 58 77.53 118.00 2.03
2022 04 22 02 59 77.75 118.06 2.03
2022 04 22 03 00 77.97 118.13 2.03
2022 04 22 03 01 78.19 118.20 2.02
2022 04 22 03 02 78.41 118.26 2.02
2022 04 22 03 03 78.63 118.33 2.02
2022 04 22 03 04 78.85 118.39 2.01
2022 04 22 03 05 79.07 118.45 2.00
2022 04 22 03 06 79.29 118.51 1.99
2022 04 22 03 07 79.51 118.57 1.98
2022 04 22 03 08 79.73 118.63 1.97
2022 04 22 03 09 79.94 118.69 1.95
2022 04 22 03 10 80.16 118.75 1.93
2022 04 22 03 11 80.38 118.80 1.91
2022 04 22 03 12 80.59 118.85 1.89
2022 04 22 03 13 80.81 118.91 1.86
2022 04 22 03 14 81.02 118.96 1.83
2022 04 22 03 15 81.24 119.01 1.80
2022 04 22 03 16 81.45 119.06 1.76
2022 04 22 03 17 81.66 119.11 1.72
2022 04 22 03 18 81.88 119.16 1.68
2022 04 22 03 19 82.09 119.20 1.64
2022 04 22 03 20 82.30 119.25 1.59
2022 04 22 03 21 82.51 119.29 1.55
2022 04 22 03 22 82.72 119.34 1.51
2022 04 22 03 23 82.92 119.38 1.47
2022 04 22 03 24 83.13 119.42 1.44
2022 04 22 03 25 83.33 119.46 1.43
2022 04 22 03 26 83.54 119.50 1.43
2022 04 22 03 27 83.74 119.54 1.47
2022 04 22 03 28 83.94 119.57 1.54
2022 04 22 03 29 84.14 119.61 1.66
2022 04 22 03 30 84.33 119.64 1.82
2022 04 22 03 31 84.52 119.68 2.04
2022 04 22 03 32 84.71 119.71 2.32
2022 04 22 03 33 84.90 119.74 2.65
2022 04 22 03 34 85.08 119.77 3.05
2022 04 22 03 35 85.26 119.80 3.51
2022 04 22 03 36 85.44 119.83 4.03
2022 04 22 03 37 85.61 119.86 4.64
2022 04 22 03 38 85.77 119.88 5.32
2022 04 22 03 39 85.93 119.91 6.09
2022 04 22 03 40 86.08 119.93 6.95
2022 04 22 03 41 86.23 119.96 7.90
2022 04 22 03 42 86.37 119.98 8.96
2022 04 22 03 43 86.49 120.00 10.11
2022 04 22 03 44 86.61 120.02 11.37
2022 04 22 03 45 86.71 120.04 12.73
2022 04 22 03 46 86.80 120.06 14.16
2022 04 22 03 47 86.88 120.08 15.67
2022 04 22 03 48 86.94 120.10 17.21
2022 04 22 03 49 86.99 120.11 18.76
2022 04 22 03 50 87.02 120.13 20.27
2022 04 22 03 51 87.03 120.14 21.71
2022 04 22 03 52 87.03 120.15 23.02
2022 04 22 03 53 87.01 120.16 24.17
2022 04 22 03 54 86.97 120.18 25.12
2022 04 22 03 55 86.91 120.19 25.84
2022 04 22 03 56 86.84 120.20 26.33
2022 04 22 03 57 86.76 120.20 26.57
2022 04 22 03 58 86.66 120.21 26.59
2022 04 22 03 59 86.55 120.22 26.38
2022 04 22 04 00 86.42 120.22 25.99
2022 04 22 04 01 86.29 120.23 25.45
2022 04 22 04 02 86.15 120.23 24.77
2022 04 22 04 03 86.00 120.23 23.99
2022 04 22 04 04 85.85 120.24 23.15
2022 04 22 04 05 85.68 120.24 22.26
2022 04 22 04 06 85.52 120.24 21.35
2022 04 22 04 07 85.34 120.24 20.43
2022 04 22 04 08 85.17 120.23 19.52
2022 04 22 04 09 84.98 120.23 18.64
2022 04 22 04 10 84.80 120.23 17.78
2022 04 22 04 11 84.61 120.23 16.95
2022 04 22 04 12 84.42 120.22 16.16
2022 04 22 04 13 84.22 120.21 15.40
2022 04 22 04 14 84.03 120.21 14.69
2022 04 22 04 15 83.83 120.20 14.01
2022 04 22 04 16 83.63 120.19 13.38
2022 04 22 04 17 83.43 120.18 12.78
2022 04 22 04 18 83.22 120.17 12.21
2022 04 22 04 19 83.02 120.16 11.68
2022 04 22 04 20 82.81 120.15 11.18
2022 04 22 04 21 82.60 120.14 10.71
2022 04 22 04 22 82.39 120.13 10.27
2022 04 22 04 23 82.18 120.11 9.86
2022 04 22 04 24 81.97 120.10 9.47
2022 04 22 04 25 81.76 120.08 9.10
2022 04 22 04 26 81.55 120.07 8.76
2022 04 22 04 27 81.34 120.05 8.43
2022 04 22 04 28 81.12 120.03 8.12
2022 04 22 04 29 80.91 120.01 7.84
2022 04 22 04 30 80.69 0.00 0.00
2022 04 22 04 31 80.48 0.00 0.00
2022 04 22 04 32 80.26 0.00 0.00
2022 04 22 04 33 80.04 0.00 0.00
2022 04 22 04 34 79.83 0.00 0.00
2022 04 22 04 35 79.61 0.00 0.00
2022 04 22 04 36 79.39 0.00 0.00
2022 04 22 04 37 79.17 0.00 0.00
2022 04 22 04 38 78.95 0.00 0.00
2022 04 22 04 39 78.73 0.00 0.00
2022 04 22 04 40 78.51 0.00 0.00
2022 04 22 04 41 78.29 0.00 0.00
2022 04 22 04 42 78.07 0.00 0.00
2022 04 22 04 43 77.85 0.00 0.00
2022 04 22 04 44 77.63 0.00 0.00
2022 04 22 04 45 77.41 0.00 0.00
2022 04 22 04 46 77.19 0.00 0.00
2022 04 22 04 47 76.97 0.00 0.00
2022 04 22 04 48 76.75 0.00 0.00
2022 04 22 04 49 76.53 0.00 0.00
2022 04 22 04 50 76.30 0.00 0.00
2022 04 22 04 51 76.08 0.00 0.00
2022 04 22 04 52 75.86 0.00 0.00
2022 04 22 04 53 75.64 0.00 0.00
2022 04 22 04 54 75.42 0.00 0.00
2022 04 22 04 55 75.19 0.00 0.00
2022 04 22 04 56 74.97 0.00 0.00
2022 04 22 04 57 74.75 0.00 0.00
2022 04 22 04 58 74.53 0.00 0.00
2022 04 22 04 59 74.30 0.00 0.00
