2022 04 23 17 00 -37.28 0.00 0.00
2022 04 23 17 01 -37.20 0.00 0.00
2022 04 23 17 02 -37.11 0.00 0.00
2022 04 23 17 03 -37.03 0.00 0.00
2022 04 23 17 04 -36.94 0.00 0.00
2022 04 23 17 05 -36.85 0.00 0.00
2022 04 23 17 06 -36.76 0.00 0.00
2022 04 23 17 07 -36.67 0.00 0.00
2022 04 23 17 08 -36.58 0.00 0.00
2022 04 23 17 09 -36.49 0.00 0.00
2022 04 23 17 10 -36.40 0.00 0.00
2022 04 23 17 11 -36.30 0.00 0.00
2022 04 23 17 12 -36.21 0.00 0.00
2022 04 23 17 13 -36.12 0.00 0.00
2022 04 23 17 14 -36.02 0.00 0.00
2022 04 23 17 15 -35.92 0.00 0.00
2022 04 23 17 16 -35.82 0.00 0.00
2022 04 23 17 17 -35.73 0.00 0.00
2022 04 23 17 18 -35.63 0.00 0.00
2022 04 23 17 19 -35.52 0.00 0.00
2022 04 23 17 20 -35.42 0.00 0.00
2022 04 23 17 21 -35.32 0.00 0.00
2022 04 23 17 22 -35.22 0.00 0.00
2022 04 23 17 23 -35.11 0.00 0.00
2022 04 23 17 24 -35.01 0.00 0.00
2022 04 23 17 25 -34.90 0.00 0.00
2022 04 23 17 26 -34.80 0.00 0.00
2022 04 23 17 27 -34.69 0.00 0.00
2022 04 23 17 28 -34.58 0.00 0.00
2022 04 23 17 29 -34.47 0.00 0.00
2022 04 23 17 30 -34.36 0.00 0.00
2022 04 23 17 31 -34.25 0.00 0.00
2022 04 23 17 32 -34.14 0.00 0.00
2022 04 23 17 33 -34.02 0.00 0.00
2022 04 23 17 34 -33.91 0.00 0.00
2022 04 23 17 35 -33.80 0.00 0.00
2022 04 23 17 36 -33.68 0.00 0.00
2022 04 23 17 37 -33.57 0.00 0.00
2022 04 23 17 38 -33.45 0.00 0.00
2022 04 23 17 39 -33.33 0.00 0.00
2022 04 23 17 40 -33.21 0.00 0.00
2022 04 23 17 41 -33.09 0.00 0.00
2022 04 23 17 42 -32.97 0.00 0.00
2022 04 23 17 43 -32.85 0.00 0.00
2022 04 23 17 44 -32.73 0.00 0.00
2022 04 23 17 45 -32.61 0.00 0.00
2022 04 23 17 46 -32.49 0.00 0.00
2022 04 23 17 47 -32.36 0.00 0.00
2022 04 23 17 48 -32.24 0.00 0.00
2022 04 23 17 49 -32.11 0.00 0.00
2022 04 23 17 50 -31.99 0.00 0.00
2022 04 23 17 51 -31.86 0.00 0.00
2022 04 23 17 52 -31.73 0.00 0.00
2022 04 23 17 53 -31.60 0.00 0.00
2022 04 23 17 54 -31.48 0.00 0.00
2022 04 23 17 55 -31.35 0.00 0.00
2022 04 23 17 56 -31.22 0.00 0.00
2022 04 23 17 57 -31.08 0.00 0.00
2022 04 23 17 58 -30.95 0.00 0.00
2022 04 23 17 59 -30.82 0.00 0.00
2022 04 23 18 00 -30.69 0.00 0.00
2022 04 23 18 01 -30.55 0.00 0.00
2022 04 23 18 02 -30.42 0.00 0.00
2022 04 23 18 03 -30.28 0.00 0.00
2022 04 23 18 04 -30.15 0.00 0.00
2022 04 23 18 05 -30.01 0.00 0.00
2022 04 23 18 06 -29.87 0.00 0.00
2022 04 23 18 07 -29.74 0.00 0.00
2022 04 23 18 08 -29.60 0.00 0.00
2022 04 23 18 09 -29.46 0.00 0.00
2022 04 23 18 10 -29.32 0.00 0.00
2022 04 23 18 11 -29.18 0.00 0.00
2022 04 23 18 12 -29.04 0.00 0.00
2022 04 23 18 13 -28.90 0.00 0.00
2022 04 23 18 14 -28.75 0.00 0.00
2022 04 23 18 15 -28.61 0.00 0.00
2022 04 23 18 16 -28.47 0.00 0.00
2022 04 23 18 17 -28.32 0.00 0.00
2022 04 23 18 18 -28.18 0.00 0.00
2022 04 23 18 19 -28.03 0.00 0.00
2022 04 23 18 20 -27.89 0.00 0.00
2022 04 23 18 21 -27.74 0.00 0.00
2022 04 23 18 22 -27.59 0.00 0.00
2022 04 23 18 23 -27.44 0.00 0.00
2022 04 23 18 24 -27.30 0.00 0.00
2022 04 23 18 25 -27.15 0.00 0.00
2022 04 23 18 26 -27.00 0.00 0.00
2022 04 23 18 27 -26.85 0.00 0.00
2022 04 23 18 28 -26.70 0.00 0.00
2022 04 23 18 29 -26.55 0.00 0.00
2022 04 23 18 30 -26.39 0.00 0.00
2022 04 23 18 31 -26.24 0.00 0.00
2022 04 23 18 32 -26.09 0.00 0.00
2022 04 23 18 33 -25.93 0.00 0.00
2022 04 23 18 34 -25.78 0.00 0.00
2022 04 23 18 35 -25.63 0.00 0.00
2022 04 23 18 36 -25.47 0.00 0.00
2022 04 23 18 37 -25.31 0.00 0.00
2022 04 23 18 38 -25.16 0.00 0.00
2022 04 23 18 39 -25.00 0.00 0.00
2022 04 23 18 40 -24.84 0.00 0.00
2022 04 23 18 41 -24.69 0.00 0.00
2022 04 23 18 42 -24.53 0.00 0.00
2022 04 23 18 43 -24.37 0.00 0.00
2022 04 23 18 44 -24.21 0.00 0.00
2022 04 23 18 45 -24.05 0.00 0.00
2022 04 23 18 46 -23.89 0.00 0.00
2022 04 23 18 47 -23.73 0.00 0.00
2022 04 23 18 48 -23.57 0.00 0.00
2022 04 23 18 49 -23.41 0.00 0.00
2022 04 23 18 50 -23.24 0.00 0.00
2022 04 23 18 51 -23.08 0.00 0.00
2022 04 23 18 52 -22.92 0.00 0.00
2022 04 23 18 53 -22.75 0.00 0.00
2022 04 23 18 54 -22.59 0.00 0.00
2022 04 23 18 55 -22.43 0.00 0.00
2022 04 23 18 56 -22.26 0.00 0.00
2022 04 23 18 57 -22.10 0.00 0.00
2022 04 23 18 58 -21.93 0.00 0.00
2022 04 23 18 59 -21.76 0.00 0.00
2022 04 23 19 00 -21.60 0.00 0.00
2022 04 23 19 01 -21.43 0.00 0.00
2022 04 23 19 02 -21.26 0.00 0.00
2022 04 23 19 03 -21.09 0.00 0.00
2022 04 23 19 04 -20.92 0.00 0.00
2022 04 23 19 05 -20.75 0.00 0.00
2022 04 23 19 06 -20.58 0.00 0.00
2022 04 23 19 07 -20.41 0.00 0.00
2022 04 23 19 08 -20.24 0.00 0.00
2022 04 23 19 09 -20.07 0.00 0.00
2022 04 23 19 10 -19.90 0.00 0.00
2022 04 23 19 11 -19.73 0.00 0.00
2022 04 23 19 12 -19.56 0.00 0.00
2022 04 23 19 13 -19.39 0.00 0.00
2022 04 23 19 14 -19.21 0.00 0.00
2022 04 23 19 15 -19.04 0.00 0.00
2022 04 23 19 16 -18.87 0.00 0.00
2022 04 23 19 17 -18.69 0.00 0.00
2022 04 23 19 18 -18.52 0.00 0.00
2022 04 23 19 19 -18.34 0.00 0.00
2022 04 23 19 20 -18.17 0.00 0.00
2022 04 23 19 21 -17.99 0.00 0.00
2022 04 23 19 22 -17.82 0.00 0.00
2022 04 23 19 23 -17.64 0.00 0.00
2022 04 23 19 24 -17.46 0.00 0.00
2022 04 23 19 25 -17.29 0.00 0.00
2022 04 23 19 26 -17.11 0.00 0.00
2022 04 23 19 27 -16.93 0.00 0.00
2022 04 23 19 28 -16.75 0.00 0.00
2022 04 23 19 29 -16.57 0.00 0.00
2022 04 23 19 30 -16.39 0.00 0.00
2022 04 23 19 31 -16.21 0.00 0.00
2022 04 23 19 32 -16.04 0.00 0.00
2022 04 23 19 33 -15.86 0.00 0.00
2022 04 23 19 34 -15.67 0.00 0.00
2022 04 23 19 35 -15.49 0.00 0.00
2022 04 23 19 36 -15.31 0.00 0.00
2022 04 23 19 37 -15.13 0.00 0.00
2022 04 23 19 38 -14.95 0.00 0.00
2022 04 23 19 39 -14.77 0.00 0.00
2022 04 23 19 40 -14.58 0.00 0.00
2022 04 23 19 41 -14.40 0.00 0.00
2022 04 23 19 42 -14.22 0.00 0.00
2022 04 23 19 43 -14.04 0.00 0.00
2022 04 23 19 44 -13.85 0.00 0.00
2022 04 23 19 45 -13.67 0.00 0.00
2022 04 23 19 46 -13.48 0.00 0.00
2022 04 23 19 47 -13.30 0.00 0.00
2022 04 23 19 48 -13.11 0.00 0.00
2022 04 23 19 49 -12.93 0.00 0.00
2022 04 23 19 50 -12.74 0.00 0.00
2022 04 23 19 51 -12.56 0.00 0.00
2022 04 23 19 52 -12.37 0.00 0.00
2022 04 23 19 53 -12.18 0.00 0.00
2022 04 23 19 54 -12.00 0.00 0.00
2022 04 23 19 55 -11.81 0.00 0.00
2022 04 23 19 56 -11.62 0.00 0.00
2022 04 23 19 57 -11.43 0.00 0.00
2022 04 23 19 58 -11.25 0.00 0.00
2022 04 23 19 59 -11.06 0.00 0.00
2022 04 23 20 00 -10.87 0.00 0.00
2022 04 23 20 01 -10.68 0.00 0.00
2022 04 23 20 02 -10.49 0.00 0.00
2022 04 23 20 03 -10.30 0.00 0.00
2022 04 23 20 04 -10.11 0.00 0.00
2022 04 23 20 05 -9.92 0.00 0.00
2022 04 23 20 06 -9.73 0.00 0.00
2022 04 23 20 07 -9.54 0.00 0.00
2022 04 23 20 08 -9.35 0.00 0.00
2022 04 23 20 09 -9.16 0.00 0.00
2022 04 23 20 10 -8.97 0.00 0.00
2022 04 23 20 11 -8.78 0.00 0.00
2022 04 23 20 12 -8.58 0.00 0.00
2022 04 23 20 13 -8.39 0.00 0.00
2022 04 23 20 14 -8.20 0.00 0.00
2022 04 23 20 15 -8.01 0.00 0.00
2022 04 23 20 16 -7.81 0.00 0.00
2022 04 23 20 17 -7.62 0.00 0.00
2022 04 23 20 18 -7.43 0.00 0.00
2022 04 23 20 19 -7.23 0.00 0.00
2022 04 23 20 20 -7.04 0.00 0.00
2022 04 23 20 21 -6.84 0.00 0.00
2022 04 23 20 22 -6.65 0.00 0.00
2022 04 23 20 23 -6.46 0.00 0.00
2022 04 23 20 24 -6.26 0.00 0.00
2022 04 23 20 25 -6.07 0.00 0.00
2022 04 23 20 26 -5.87 0.00 0.00
2022 04 23 20 27 -5.67 0.00 0.00
2022 04 23 20 28 -5.48 0.00 0.00
2022 04 23 20 29 -5.28 0.00 0.00
2022 04 23 20 30 -5.09 0.00 0.00
2022 04 23 20 31 -4.89 0.00 0.00
2022 04 23 20 32 -4.69 0.00 0.00
2022 04 23 20 33 -4.50 0.00 0.00
2022 04 23 20 34 -4.30 0.00 0.00
2022 04 23 20 35 -4.10 0.00 0.00
2022 04 23 20 36 -3.90 0.00 0.00
2022 04 23 20 37 -3.70 0.00 0.00
2022 04 23 20 38 -3.51 0.00 0.00
2022 04 23 20 39 -3.31 0.00 0.00
2022 04 23 20 40 -3.11 0.00 0.00
2022 04 23 20 41 -2.91 0.00 0.00
2022 04 23 20 42 -2.71 0.00 0.00
2022 04 23 20 43 -2.51 0.00 0.00
2022 04 23 20 44 -2.31 0.00 0.00
2022 04 23 20 45 -2.11 0.00 0.00
2022 04 23 20 46 -1.91 0.00 0.00
2022 04 23 20 47 -1.71 0.00 0.00
2022 04 23 20 48 -1.51 0.00 0.00
2022 04 23 20 49 -1.31 0.00 0.00
2022 04 23 20 50 -1.11 0.00 0.00
2022 04 23 20 51 -0.91 0.00 0.00
2022 04 23 20 52 -0.71 0.00 0.00
2022 04 23 20 53 -0.51 0.00 0.00
2022 04 23 20 54 -0.31 0.00 0.00
2022 04 23 20 55 -0.11 0.00 0.00
2022 04 23 20 56 0.10 0.00 0.00
2022 04 23 20 57 0.30 0.00 0.00
2022 04 23 20 58 0.50 0.00 0.00
2022 04 23 20 59 0.70 0.00 0.00
2022 04 23 21 00 0.91 0.00 0.00
2022 04 23 21 01 1.11 0.00 0.00
2022 04 23 21 02 1.31 0.00 0.00
2022 04 23 21 03 1.51 0.00 0.00
2022 04 23 21 04 1.72 0.00 0.00
2022 04 23 21 05 1.92 0.00 0.00
2022 04 23 21 06 2.13 0.00 0.00
2022 04 23 21 07 2.33 0.00 0.00
2022 04 23 21 08 2.53 0.00 0.00
2022 04 23 21 09 2.74 0.00 0.00
2022 04 23 21 10 2.94 0.00 0.00
2022 04 23 21 11 3.15 0.00 0.00
2022 04 23 21 12 3.35 0.00 0.00
2022 04 23 21 13 3.56 0.00 0.00
2022 04 23 21 14 3.76 0.00 0.00
2022 04 23 21 15 3.97 0.00 0.00
2022 04 23 21 16 4.17 0.00 0.00
2022 04 23 21 17 4.38 0.00 0.00
2022 04 23 21 18 4.58 0.00 0.00
2022 04 23 21 19 4.79 0.00 0.00
2022 04 23 21 20 5.00 0.00 0.00
2022 04 23 21 21 5.20 0.00 0.00
2022 04 23 21 22 5.41 0.00 0.00
2022 04 23 21 23 5.61 0.00 0.00
2022 04 23 21 24 5.82 0.00 0.00
2022 04 23 21 25 6.03 0.00 0.00
2022 04 23 21 26 6.23 0.00 0.00
2022 04 23 21 27 6.44 0.00 0.00
2022 04 23 21 28 6.65 0.00 0.00
2022 04 23 21 29 6.86 0.00 0.00
2022 04 23 21 30 7.06 0.00 0.00
2022 04 23 21 31 7.27 0.00 0.00
2022 04 23 21 32 7.48 0.00 0.00
2022 04 23 21 33 7.69 0.00 0.00
2022 04 23 21 34 7.90 0.00 0.00
2022 04 23 21 35 8.11 0.00 0.00
2022 04 23 21 36 8.31 0.00 0.00
2022 04 23 21 37 8.52 0.00 0.00
2022 04 23 21 38 8.73 0.00 0.00
2022 04 23 21 39 8.94 0.00 0.00
2022 04 23 21 40 9.15 0.00 0.00
2022 04 23 21 41 9.36 0.00 0.00
2022 04 23 21 42 9.57 0.00 0.00
2022 04 23 21 43 9.78 0.00 0.00
2022 04 23 21 44 9.99 0.00 0.00
2022 04 23 21 45 10.20 47.13 0.00
2022 04 23 21 46 10.41 47.44 0.00
2022 04 23 21 47 10.62 47.76 0.00
2022 04 23 21 48 10.83 48.07 0.00
2022 04 23 21 49 11.04 48.38 0.00
2022 04 23 21 50 11.25 48.69 0.00
2022 04 23 21 51 11.46 49.01 0.00
2022 04 23 21 52 11.67 49.32 0.00
2022 04 23 21 53 11.88 49.64 0.00
2022 04 23 21 54 12.09 49.96 0.00
2022 04 23 21 55 12.30 50.27 0.00
2022 04 23 21 56 12.51 50.59 0.00
2022 04 23 21 57 12.72 50.91 0.00
2022 04 23 21 58 12.94 51.23 0.00
2022 04 23 21 59 13.15 51.55 0.00
2022 04 23 22 00 13.36 51.87 0.00
2022 04 23 22 01 13.57 52.19 0.00
2022 04 23 22 02 13.78 52.51 0.00
2022 04 23 22 03 14.00 52.84 0.00
2022 04 23 22 04 14.21 53.16 0.00
2022 04 23 22 05 14.42 53.48 0.00
2022 04 23 22 06 14.63 53.81 0.00
2022 04 23 22 07 14.85 54.13 0.00
2022 04 23 22 08 15.06 54.45 0.00
2022 04 23 22 09 15.27 54.78 0.00
2022 04 23 22 10 15.48 55.10 0.00
2022 04 23 22 11 15.70 55.43 0.00
2022 04 23 22 12 15.91 55.75 0.00
2022 04 23 22 13 16.12 56.08 0.00
2022 04 23 22 14 16.34 56.40 0.00
2022 04 23 22 15 16.55 56.73 0.00
2022 04 23 22 16 16.76 57.05 0.00
2022 04 23 22 17 16.98 57.38 0.00
2022 04 23 22 18 17.19 57.71 0.00
2022 04 23 22 19 17.41 58.03 0.00
2022 04 23 22 20 17.62 58.36 0.00
2022 04 23 22 21 17.83 58.68 0.00
2022 04 23 22 22 18.05 59.01 0.00
2022 04 23 22 23 18.26 59.34 0.00
2022 04 23 22 24 18.48 59.66 0.00
2022 04 23 22 25 18.69 59.99 0.00
2022 04 23 22 26 18.91 60.31 0.00
2022 04 23 22 27 19.12 60.64 0.00
2022 04 23 22 28 19.34 60.97 0.00
2022 04 23 22 29 19.55 61.29 0.00
2022 04 23 22 30 19.77 61.62 0.00
2022 04 23 22 31 19.98 61.94 0.00
2022 04 23 22 32 20.20 62.27 0.00
2022 04 23 22 33 20.41 62.59 0.00
2022 04 23 22 34 20.63 62.92 0.00
2022 04 23 22 35 20.84 63.24 0.00
2022 04 23 22 36 21.06 63.57 0.00
2022 04 23 22 37 21.27 63.89 0.00
2022 04 23 22 38 21.49 64.22 0.00
2022 04 23 22 39 21.71 64.54 0.00
2022 04 23 22 40 21.92 64.87 0.00
2022 04 23 22 41 22.14 65.19 0.00
2022 04 23 22 42 22.35 65.51 0.00
2022 04 23 22 43 22.57 65.83 0.00
2022 04 23 22 44 22.79 66.16 0.00
2022 04 23 22 45 23.00 66.48 0.00
2022 04 23 22 46 23.22 66.80 0.00
2022 04 23 22 47 23.44 67.12 0.00
2022 04 23 22 48 23.65 67.44 0.00
2022 04 23 22 49 23.87 67.76 0.00
2022 04 23 22 50 24.09 68.08 0.00
2022 04 23 22 51 24.30 68.40 0.00
2022 04 23 22 52 24.52 68.72 0.00
2022 04 23 22 53 24.74 69.04 0.00
2022 04 23 22 54 24.96 69.36 0.00
2022 04 23 22 55 25.17 69.68 0.00
2022 04 23 22 56 25.39 70.00 0.00
2022 04 23 22 57 25.61 70.31 0.00
2022 04 23 22 58 25.83 70.63 0.00
2022 04 23 22 59 26.04 70.94 0.00
2022 04 23 23 00 26.26 71.26 0.00
2022 04 23 23 01 26.48 71.58 0.00
2022 04 23 23 02 26.70 71.89 0.00
2022 04 23 23 03 26.91 72.20 0.00
2022 04 23 23 04 27.13 72.52 0.00
2022 04 23 23 05 27.35 72.83 27.20
2022 04 23 23 06 27.57 73.14 27.22
2022 04 23 23 07 27.79 73.45 27.23
2022 04 23 23 08 28.01 73.76 27.25
2022 04 23 23 09 28.22 74.07 27.27
2022 04 23 23 10 28.44 74.38 27.29
2022 04 23 23 11 28.66 74.69 27.31
2022 04 23 23 12 28.88 75.00 27.33
2022 04 23 23 13 29.10 75.31 27.34
2022 04 23 23 14 29.32 75.62 27.36
2022 04 23 23 15 29.54 75.92 27.38
2022 04 23 23 16 29.76 76.23 27.40
2022 04 23 23 17 29.98 76.53 27.42
2022 04 23 23 18 30.19 76.84 27.43
2022 04 23 23 19 30.41 77.14 27.45
2022 04 23 23 20 30.63 77.44 27.47
2022 04 23 23 21 30.85 77.75 27.49
2022 04 23 23 22 31.07 78.05 27.50
2022 04 23 23 23 31.29 78.35 27.52
2022 04 23 23 24 31.51 78.65 27.54
2022 04 23 23 25 31.73 78.95 27.55
2022 04 23 23 26 31.95 79.25 27.57
2022 04 23 23 27 32.17 79.54 27.59
2022 04 23 23 28 32.39 79.84 27.61
2022 04 23 23 29 32.61 80.14 27.62
2022 04 23 23 30 32.83 80.43 27.64
2022 04 23 23 31 33.05 80.73 27.65
2022 04 23 23 32 33.27 81.02 27.67
2022 04 23 23 33 33.49 81.32 27.69
2022 04 23 23 34 33.71 81.61 27.70
2022 04 23 23 35 33.93 81.90 27.72
2022 04 23 23 36 34.15 82.19 27.74
2022 04 23 23 37 34.37 82.48 27.75
2022 04 23 23 38 34.59 82.77 27.77
2022 04 23 23 39 34.81 83.06 27.78
2022 04 23 23 40 35.03 83.34 27.80
2022 04 23 23 41 35.25 83.63 27.81
2022 04 23 23 42 35.47 83.91 27.83
2022 04 23 23 43 35.70 84.20 27.84
2022 04 23 23 44 35.92 84.48 27.86
2022 04 23 23 45 36.14 84.77 27.88
2022 04 23 23 46 36.36 85.05 27.89
2022 04 23 23 47 36.58 85.33 27.91
2022 04 23 23 48 36.80 85.61 27.92
2022 04 23 23 49 37.02 85.89 27.93
2022 04 23 23 50 37.24 86.17 27.95
2022 04 23 23 51 37.46 86.44 27.96
2022 04 23 23 52 37.69 86.72 27.98
2022 04 23 23 53 37.91 87.00 27.99
2022 04 23 23 54 38.13 87.27 28.01
2022 04 23 23 55 38.35 87.54 28.02
2022 04 23 23 56 38.57 87.82 28.04
2022 04 23 23 57 38.79 88.09 28.05
2022 04 23 23 58 39.01 88.36 28.06
2022 04 23 23 59 39.24 88.63 28.08
2022 04 24 00 00 39.46 88.90 28.09
2022 04 24 00 01 39.68 89.16 28.11
2022 04 24 00 02 39.90 89.43 28.12
2022 04 24 00 03 40.12 89.70 28.13
2022 04 24 00 04 40.35 89.96 28.15
2022 04 24 00 05 40.57 90.23 28.16
2022 04 24 00 06 40.79 90.49 28.17
2022 04 24 00 07 41.01 90.75 28.19
2022 04 24 00 08 41.23 91.01 28.20
2022 04 24 00 09 41.46 91.27 28.21
2022 04 24 00 10 41.68 91.53 28.22
2022 04 24 00 11 41.90 91.79 28.24
2022 04 24 00 12 42.12 92.04 28.25
2022 04 24 00 13 42.35 92.30 28.26
2022 04 24 00 14 42.57 92.55 28.28
2022 04 24 00 15 42.79 92.81 28.29
2022 04 24 00 16 43.01 93.06 28.30
2022 04 24 00 17 43.24 93.31 28.31
2022 04 24 00 18 43.46 93.56 28.33
2022 04 24 00 19 43.68 93.81 28.34
2022 04 24 00 20 43.90 94.06 28.35
2022 04 24 00 21 44.13 94.31 28.36
2022 04 24 00 22 44.35 94.55 28.37
2022 04 24 00 23 44.57 94.80 28.39
2022 04 24 00 24 44.79 95.04 28.40
2022 04 24 00 25 45.02 95.28 28.41
2022 04 24 00 26 45.24 95.53 28.42
2022 04 24 00 27 45.46 95.77 28.43
2022 04 24 00 28 45.69 96.01 28.44
2022 04 24 00 29 45.91 96.25 28.46
2022 04 24 00 30 46.13 96.48 28.47
2022 04 24 00 31 46.36 96.72 28.48
2022 04 24 00 32 46.58 96.95 28.49
2022 04 24 00 33 46.80 97.19 28.50
2022 04 24 00 34 47.03 97.42 28.51
2022 04 24 00 35 47.25 97.65 28.52
2022 04 24 00 36 47.47 97.88 28.53
2022 04 24 00 37 47.70 98.11 28.54
2022 04 24 00 38 47.92 98.34 28.55
2022 04 24 00 39 48.14 98.57 28.57
2022 04 24 00 40 48.37 98.80 28.58
2022 04 24 00 41 48.59 99.02 28.59
2022 04 24 00 42 48.81 99.24 28.60
2022 04 24 00 43 49.04 99.47 28.61
2022 04 24 00 44 49.26 99.69 28.62
2022 04 24 00 45 49.48 99.91 28.63
2022 04 24 00 46 49.71 100.13 28.64
2022 04 24 00 47 49.93 100.35 28.65
2022 04 24 00 48 50.16 100.56 28.66
2022 04 24 00 49 50.38 100.78 28.67
2022 04 24 00 50 50.60 100.99 28.68
2022 04 24 00 51 50.83 101.21 28.69
2022 04 24 00 52 51.05 101.42 28.70
2022 04 24 00 53 51.27 101.63 28.71
2022 04 24 00 54 51.50 101.84 28.72
2022 04 24 00 55 51.72 102.05 28.73
2022 04 24 00 56 51.95 102.26 28.74
2022 04 24 00 57 52.17 102.47 28.74
2022 04 24 00 58 52.40 102.67 28.75
2022 04 24 00 59 52.62 102.87 28.76
2022 04 24 01 00 52.84 103.08 28.77
2022 04 24 01 01 53.07 103.28 28.78
2022 04 24 01 02 53.29 103.48 28.79
2022 04 24 01 03 53.52 103.68 28.80
2022 04 24 01 04 53.74 103.88 28.81
2022 04 24 01 05 53.96 104.07 28.82
2022 04 24 01 06 54.19 104.27 28.83
2022 04 24 01 07 54.41 104.47 28.83
2022 04 24 01 08 54.64 104.66 28.84
2022 04 24 01 09 54.86 104.85 28.85
2022 04 24 01 10 55.09 105.04 28.86
2022 04 24 01 11 55.31 105.23 28.87
2022 04 24 01 12 55.53 105.42 28.88
2022 04 24 01 13 55.76 105.61 28.89
2022 04 24 01 14 55.98 105.79 28.89
2022 04 24 01 15 56.21 105.98 28.90
2022 04 24 01 16 56.43 106.16 28.91
2022 04 24 01 17 56.66 106.35 28.92
2022 04 24 01 18 56.88 106.53 28.93
2022 04 24 01 19 57.11 106.71 28.94
2022 04 24 01 20 57.33 106.89 28.94
2022 04 24 01 21 57.56 107.06 28.95
2022 04 24 01 22 57.78 107.24 28.96
2022 04 24 01 23 58.01 107.42 28.97
2022 04 24 01 24 58.23 107.59 28.98
2022 04 24 01 25 58.45 107.76 28.98
2022 04 24 01 26 58.68 107.93 28.99
2022 04 24 01 27 58.90 108.10 29.00
2022 04 24 01 28 59.13 108.27 29.01
2022 04 24 01 29 59.35 108.44 29.01
2022 04 24 01 30 59.58 108.61 29.02
2022 04 24 01 31 59.80 108.77 29.03
2022 04 24 01 32 60.03 108.94 29.04
2022 04 24 01 33 60.25 109.10 29.05
2022 04 24 01 34 60.48 109.26 29.05
2022 04 24 01 35 60.70 109.42 29.06
2022 04 24 01 36 60.93 109.58 29.07
2022 04 24 01 37 61.15 109.74 29.08
2022 04 24 01 38 61.38 109.90 29.08
2022 04 24 01 39 61.60 110.05 29.09
2022 04 24 01 40 61.83 110.21 29.10
2022 04 24 01 41 62.05 110.36 29.11
2022 04 24 01 42 62.28 110.51 29.11
2022 04 24 01 43 62.50 110.66 29.12
2022 04 24 01 44 62.73 110.81 29.13
2022 04 24 01 45 62.95 110.96 29.14
2022 04 24 01 46 63.18 111.11 29.15
2022 04 24 01 47 63.40 111.25 29.15
2022 04 24 01 48 63.62 111.40 29.16
2022 04 24 01 49 63.85 111.54 29.17
2022 04 24 01 50 64.07 111.68 29.18
2022 04 24 01 51 64.30 111.82 29.19
2022 04 24 01 52 64.52 111.96 29.19
2022 04 24 01 53 64.75 112.10 29.20
2022 04 24 01 54 64.97 112.24 29.21
2022 04 24 01 55 65.20 112.38 29.22
2022 04 24 01 56 65.42 112.51 29.23
2022 04 24 01 57 65.65 112.64 29.23
2022 04 24 01 58 65.87 112.78 29.24
2022 04 24 01 59 66.10 112.91 29.25
2022 04 24 02 00 66.32 113.04 29.26
2022 04 24 02 01 66.55 113.17 29.27
2022 04 24 02 02 66.77 113.29 29.28
2022 04 24 02 03 67.00 113.42 29.29
2022 04 24 02 04 67.22 113.54 29.30
2022 04 24 02 05 67.45 113.67 29.31
2022 04 24 02 06 67.67 113.79 29.32
2022 04 24 02 07 67.90 113.91 29.33
2022 04 24 02 08 68.12 114.03 29.34
2022 04 24 02 09 68.34 114.15 29.35
2022 04 24 02 10 68.57 114.27 29.36
2022 04 24 02 11 68.79 114.38 29.37
2022 04 24 02 12 69.02 114.50 29.38
2022 04 24 02 13 69.24 114.61 29.39
2022 04 24 02 14 69.47 114.73 29.40
2022 04 24 02 15 69.69 114.84 29.42
2022 04 24 02 16 69.92 114.95 29.43
2022 04 24 02 17 70.14 115.06 29.44
2022 04 24 02 18 70.36 115.16 29.46
2022 04 24 02 19 70.59 115.27 29.47
2022 04 24 02 20 70.81 115.38 29.48
2022 04 24 02 21 71.04 115.48 29.50
2022 04 24 02 22 71.26 115.58 29.51
2022 04 24 02 23 71.49 115.69 29.53
2022 04 24 02 24 71.71 115.79 29.55
2022 04 24 02 25 71.93 115.89 29.56
2022 04 24 02 26 72.16 115.98 29.58
2022 04 24 02 27 72.38 116.08 29.60
2022 04 24 02 28 72.61 116.18 29.62
2022 04 24 02 29 72.83 116.27 29.64
2022 04 24 02 30 73.05 116.36 29.66
2022 04 24 02 31 73.28 116.46 29.68
2022 04 24 02 32 73.50 116.55 29.70
2022 04 24 02 33 73.72 116.64 29.73
2022 04 24 02 34 73.95 116.73 29.75
2022 04 24 02 35 74.17 116.81 29.78
2022 04 24 02 36 74.39 116.90 29.81
2022 04 24 02 37 74.62 116.99 29.84
2022 04 24 02 38 74.84 117.07 29.87
2022 04 24 02 39 75.06 117.15 29.90
2022 04 24 02 40 75.28 117.23 29.93
2022 04 24 02 41 75.51 117.31 29.97
2022 04 24 02 42 75.73 117.39 30.01
2022 04 24 02 43 75.95 117.47 30.05
2022 04 24 02 44 76.17 117.55 30.09
2022 04 24 02 45 76.39 117.62 30.13
2022 04 24 02 46 76.62 117.70 30.18
2022 04 24 02 47 76.84 117.77 30.23
2022 04 24 02 48 77.06 117.85 30.28
2022 04 24 02 49 77.28 117.92 30.34
2022 04 24 02 50 77.50 117.99 30.40
2022 04 24 02 51 77.72 118.06 30.46
2022 04 24 02 52 77.94 118.12 30.53
2022 04 24 02 53 78.16 118.19 30.60
2022 04 24 02 54 78.38 118.25 30.68
2022 04 24 02 55 78.60 118.32 30.76
2022 04 24 02 56 78.82 118.38 30.85
2022 04 24 02 57 79.04 118.44 30.94
2022 04 24 02 58 79.26 118.51 31.04
2022 04 24 02 59 79.48 118.57 31.15
2022 04 24 03 00 79.70 118.62 31.26
2022 04 24 03 01 79.91 118.68 31.39
2022 04 24 03 02 80.13 118.74 31.52
2022 04 24 03 03 80.35 118.79 31.66
2022 04 24 03 04 80.56 118.85 31.81
2022 04 24 03 05 80.78 118.90 31.97
2022 04 24 03 06 80.99 118.95 32.15
2022 04 24 03 07 81.21 119.00 32.34
2022 04 24 03 08 81.42 119.05 32.55
2022 04 24 03 09 81.64 119.10 32.77
2022 04 24 03 10 81.85 119.15 33.01
2022 04 24 03 11 82.06 119.20 33.28
2022 04 24 03 12 82.27 119.24 33.56
2022 04 24 03 13 82.48 119.29 33.87
2022 04 24 03 14 82.69 119.33 34.21
2022 04 24 03 15 82.90 119.37 34.58
2022 04 24 03 16 83.10 119.41 34.98
2022 04 24 03 17 83.31 119.45 35.41
2022 04 24 03 18 83.51 119.49 35.89
2022 04 24 03 19 83.71 119.53 36.42
2022 04 24 03 20 83.91 119.57 36.99
2022 04 24 03 21 84.11 119.60 37.62
2022 04 24 03 22 84.30 119.64 38.32
2022 04 24 03 23 84.50 119.67 39.08
2022 04 24 03 24 84.69 119.71 39.92
2022 04 24 03 25 84.87 119.74 40.85
2022 04 24 03 26 85.06 119.77 41.87
2022 04 24 03 27 85.24 119.80 42.99
2022 04 24 03 28 85.41 119.83 44.24
2022 04 24 03 29 85.59 119.85 45.61
2022 04 24 03 30 85.75 119.88 47.13
2022 04 24 03 31 85.91 119.91 48.80
2022 04 24 03 32 86.06 119.93 50.64
2022 04 24 03 33 86.21 119.95 52.66
2022 04 24 03 34 86.35 119.98 54.88
2022 04 24 03 35 86.48 120.00 57.30
2022 04 24 03 36 86.59 120.02 59.93
2022 04 24 03 37 86.70 120.04 62.79
2022 04 24 03 38 86.79 120.06 65.85
2022 04 24 03 39 86.87 120.08 69.12
2022 04 24 03 40 86.94 120.09 72.57
2022 04 24 03 41 86.99 120.11 76.18
2022 04 24 03 42 87.02 120.12 79.91
2022 04 24 03 43 87.03 120.14 83.71
2022 04 24 03 44 87.03 120.15 87.54
2022 04 24 03 45 87.01 120.16 91.34
2022 04 24 03 46 86.97 120.17 95.07
2022 04 24 03 47 86.92 120.18 98.68
2022 04 24 03 48 86.85 120.19 102.14
2022 04 24 03 49 86.77 120.20 105.43
2022 04 24 03 50 86.67 120.21 108.52
2022 04 24 03 51 86.56 120.22 111.41
2022 04 24 03 52 86.44 120.22 114.10
2022 04 24 03 53 86.31 120.23 116.58
2022 04 24 03 54 86.17 120.23 118.86
2022 04 24 03 55 86.02 120.23 120.96
2022 04 24 03 56 85.87 120.24 122.89
2022 04 24 03 57 85.71 120.24 124.66
2022 04 24 03 58 85.54 120.24 126.27
2022 04 24 03 59 85.37 120.24 127.76
2022 04 24 04 00 85.19 120.24 129.12
2022 04 24 04 01 85.01 120.23 130.37
2022 04 24 04 02 84.82 120.23 131.51
2022 04 24 04 03 84.64 120.23 132.57
2022 04 24 04 04 84.45 120.22 133.54
2022 04 24 04 05 84.25 120.22 134.43
2022 04 24 04 06 84.06 120.21 135.26
2022 04 24 04 07 83.86 120.20 136.02
2022 04 24 04 08 83.66 120.19 136.73
2022 04 24 04 09 83.46 120.18 137.38
2022 04 24 04 10 83.25 120.17 137.99
2022 04 24 04 11 83.05 120.16 138.56
2022 04 24 04 12 82.84 120.15 139.09
2022 04 24 04 13 82.63 120.14 139.58
2022 04 24 04 14 82.42 120.13 140.04
2022 04 24 04 15 82.21 120.11 140.47
2022 04 24 04 16 82.00 120.10 140.88
2022 04 24 04 17 81.79 120.08 141.26
2022 04 24 04 18 81.58 120.07 141.61
2022 04 24 04 19 81.37 120.05 141.95
2022 04 24 04 20 81.15 120.03 142.27
2022 04 24 04 21 80.94 120.02 142.57
2022 04 24 04 22 80.72 120.00 142.85
2022 04 24 04 23 80.51 119.98 143.12
2022 04 24 04 24 80.29 119.96 143.37
2022 04 24 04 25 80.07 119.93 143.61
2022 04 24 04 26 79.86 119.91 143.84
2022 04 24 04 27 79.64 119.89 144.06
2022 04 24 04 28 79.42 119.87 144.27
2022 04 24 04 29 79.20 119.84 144.46
2022 04 24 04 30 78.98 119.82 144.65
2022 04 24 04 31 78.76 0.00 0.00
2022 04 24 04 32 78.54 0.00 0.00
2022 04 24 04 33 78.32 0.00 0.00
2022 04 24 04 34 78.10 0.00 0.00
2022 04 24 04 35 77.88 0.00 0.00
2022 04 24 04 36 77.66 0.00 0.00
2022 04 24 04 37 77.44 0.00 0.00
2022 04 24 04 38 77.22 0.00 0.00
2022 04 24 04 39 77.00 0.00 0.00
2022 04 24 04 40 76.78 0.00 0.00
2022 04 24 04 41 76.56 0.00 0.00
2022 04 24 04 42 76.34 0.00 0.00
2022 04 24 04 43 76.11 0.00 0.00
2022 04 24 04 44 75.89 0.00 0.00
2022 04 24 04 45 75.67 0.00 0.00
2022 04 24 04 46 75.45 0.00 0.00
2022 04 24 04 47 75.22 0.00 0.00
2022 04 24 04 48 75.00 0.00 0.00
2022 04 24 04 49 74.78 0.00 0.00
2022 04 24 04 50 74.56 0.00 0.00
2022 04 24 04 51 74.33 0.00 0.00
2022 04 24 04 52 74.11 0.00 0.00
2022 04 24 04 53 73.89 0.00 0.00
2022 04 24 04 54 73.66 0.00 0.00
2022 04 24 04 55 73.44 0.00 0.00
2022 04 24 04 56 73.22 0.00 0.00
2022 04 24 04 57 72.99 0.00 0.00
2022 04 24 04 58 72.77 0.00 0.00
2022 04 24 04 59 72.55 0.00 0.00
