# realtime, hour, min, alt, baseline, rate, SC
44666.222222222 17 20 31.40 68.62 667.45 0.48
44666.222916667 17 21 31.51 68.80 668.42 0.48
44666.223611111 17 22 31.62 68.98 669.39 0.48
44666.224305556 17 23 31.73 69.17 670.36 0.48
44666.225000000 17 24 31.84 69.35 671.32 0.48
44666.225694445 17 25 31.95 69.54 672.29 0.47
44666.226388889 17 26 32.06 69.72 673.33 0.47
44666.227083333 17 27 32.17 69.90 674.41 0.47
44666.227777778 17 28 32.28 70.09 675.50 0.47
44666.228472222 17 29 32.39 70.27 676.58 0.47
44666.229166667 17 30 32.50 70.45 677.66 0.46
44666.229861111 17 31 32.61 70.64 678.74 0.46
44666.230555556 17 32 32.72 70.82 679.82 0.46
44666.231250000 17 33 32.83 71.01 680.90 0.46
44666.231944445 17 34 32.94 71.19 681.98 0.46
44666.232638889 17 35 33.05 71.37 682.95 0.45
44666.233333333 17 36 33.16 71.56 683.79 0.45
44666.234027778 17 37 33.27 71.74 684.63 0.45
44666.234722222 17 38 33.37 71.92 685.46 0.45
44666.235416667 17 39 33.48 72.11 686.29 0.45
44666.236111111 17 40 33.59 72.29 687.13 0.45
44666.236805556 17 41 33.70 72.47 687.96 0.44
44666.237500000 17 42 33.81 72.66 688.79 0.44
44666.238194445 17 43 33.92 72.84 689.62 0.44
44666.238888889 17 44 34.02 73.02 690.48 0.44
44666.239583333 17 45 34.13 73.21 691.42 0.44
44666.240277778 17 46 34.24 73.39 692.37 0.43
44666.240972222 17 47 34.35 73.57 693.31 0.43
44666.241666667 17 48 34.45 73.76 694.26 0.43
44666.242361111 17 49 34.56 73.94 695.20 0.43
44666.243055556 17 50 34.67 74.12 696.14 0.43
44666.243750000 17 51 34.78 74.30 697.08 0.42
44666.244444445 17 52 34.88 74.49 698.01 0.42
44666.245138889 17 53 34.99 74.67 698.95 0.42
44666.245833333 17 54 35.10 74.85 699.78 0.42
44666.246527778 17 55 35.20 75.03 700.59 0.42
44666.247222222 17 56 35.31 75.21 701.41 0.41
44666.247916667 17 57 35.41 75.40 702.22 0.41
44666.248611111 17 58 35.52 75.58 703.04 0.41
44666.249305556 17 59 35.63 75.76 703.85 0.41
44666.250000000 18 00 35.73 75.94 704.66 0.41
44666.250694445 18 01 35.84 76.12 705.47 0.40
44666.251388889 18 02 35.94 76.30 706.28 0.40
44666.252083333 18 03 36.05 76.48 707.03 0.40
44666.252777778 18 04 36.15 76.66 707.72 0.40
44666.253472222 18 05 36.26 76.84 708.41 0.40
44666.254166667 18 06 36.36 77.02 709.10 0.40
44666.254861111 18 07 36.46 77.20 709.78 0.39
44666.255555556 18 08 36.57 77.38 710.47 0.39
44666.256250000 18 09 36.67 77.56 711.15 0.39
44666.256944445 18 10 36.78 77.74 711.83 0.39
44666.257638889 18 11 36.88 77.92 712.52 0.39
44666.258333333 18 12 36.98 78.10 713.20 0.38
44666.259027778 18 13 37.09 78.28 713.97 0.38
44666.259722222 18 14 37.19 78.45 714.76 0.38
44666.260416667 18 15 37.29 78.63 715.55 0.38
44666.261111111 18 16 37.39 78.81 716.33 0.38
44666.261805556 18 17 37.50 78.99 717.12 0.37
44666.262500000 18 18 37.60 79.16 717.90 0.37
44666.263194445 18 19 37.70 79.34 718.69 0.37
44666.263888889 18 20 37.80 79.52 719.47 0.37
44666.264583334 18 21 37.90 79.69 720.24 0.37
44666.265277778 18 22 38.00 79.87 721.02 0.37
44666.265972222 18 23 38.10 80.05 721.68 0.36
44666.266666667 18 24 38.21 80.22 722.34 0.36
44666.267361111 18 25 38.31 80.40 723.01 0.36
44666.268055556 18 26 38.41 80.57 723.66 0.36
44666.268750000 18 27 38.51 80.75 724.32 0.36
44666.269444445 18 28 38.61 80.92 724.98 0.36
44666.270138889 18 29 38.71 81.10 725.64 0.35
44666.270833334 18 30 38.80 81.27 726.29 0.35
44666.271527778 18 31 38.90 81.44 726.94 0.35
44666.272222222 18 32 39.00 81.62 727.59 0.35
44666.272916667 18 33 39.10 81.79 728.13 0.35
44666.273611111 18 34 39.20 81.96 728.67 0.34
44666.274305556 18 35 39.30 82.13 729.21 0.34
44666.275000000 18 36 39.39 82.31 729.74 0.34
44666.275694445 18 37 39.49 82.48 730.28 0.34
44666.276388889 18 38 39.59 82.65 730.81 0.34
44666.277083334 18 39 39.69 82.82 731.34 0.34
44666.277777778 18 40 39.78 82.99 731.87 0.33
44666.278472222 18 41 39.88 83.16 732.40 0.33
44666.279166667 18 42 39.98 83.33 732.93 0.33
44666.279861111 18 43 40.07 83.50 733.53 0.33
44666.280555556 18 44 40.17 83.67 734.16 0.33
44666.281250000 18 45 40.26 83.84 734.79 0.33
44666.281944445 18 46 40.36 84.01 735.41 0.32
44666.282638889 18 47 40.45 84.18 736.04 0.32
44666.283333334 18 48 40.55 84.35 736.66 0.32
44666.284027778 18 49 40.64 84.51 737.28 0.32
44666.284722222 18 50 40.73 84.68 737.90 0.32
44666.285416667 18 51 40.83 84.85 738.51 0.32
44666.286111111 18 52 40.92 85.01 739.13 0.32
44666.286805556 18 53 41.01 85.18 739.72 0.31
44666.287500000 18 54 41.11 85.35 740.23 0.31
44666.288194445 18 55 41.20 85.51 740.74 0.31
44666.288888889 18 56 41.29 85.68 741.24 0.31
44666.289583334 18 57 41.38 85.84 741.74 0.31
44666.290277778 18 58 41.47 86.01 742.24 0.31
44666.290972222 18 59 41.56 86.17 742.74 0.30
44666.291666667 19 00 41.66 86.33 743.24 0.30
44666.292361111 19 01 41.75 86.50 743.74 0.30
44666.293055556 19 02 41.84 86.66 744.23 0.30
44666.293750000 19 03 41.93 86.82 744.72 0.30
44666.294444445 19 04 42.01 86.98 745.21 0.30
44666.295138889 19 05 42.10 87.15 745.70 0.29
44666.295833334 19 06 42.19 87.31 746.19 0.29
44666.296527778 19 07 42.28 87.47 746.67 0.29
44666.297222223 19 08 42.37 87.63 747.15 0.29
44666.297916667 19 09 42.46 87.79 747.63 0.29
44666.298611111 19 10 42.54 87.95 748.11 0.29
44666.299305556 19 11 42.63 88.11 748.59 0.29
44666.300000000 19 12 42.72 88.27 749.06 0.28
44666.300694445 19 13 42.80 88.42 749.54 0.28
44666.301388889 19 14 42.89 88.58 750.01 0.28
44666.302083334 19 15 42.97 88.74 750.48 0.28
44666.302777778 19 16 43.06 88.90 750.94 0.28
44666.303472223 19 17 43.14 89.05 751.41 0.28
44666.304166667 19 18 43.23 89.21 751.87 0.28
44666.304861111 19 19 43.31 89.37 752.33 0.27
44666.305555556 19 20 43.40 89.52 752.79 0.27
44666.306250000 19 21 43.48 89.68 753.24 0.27
44666.306944445 19 22 43.56 89.83 753.70 0.27
44666.307638889 19 23 43.64 89.99 754.15 0.27
44666.308333334 19 24 43.73 90.14 754.60 0.27
44666.309027778 19 25 43.81 90.29 755.05 0.27
44666.309722223 19 26 43.89 90.45 755.49 0.26
44666.310416667 19 27 43.97 90.60 755.93 0.26
44666.311111111 19 28 44.05 90.75 756.32 0.26
44666.311805556 19 29 44.13 90.90 756.67 0.26
44666.312500000 19 30 44.21 91.05 757.02 0.26
44666.313194445 19 31 44.29 91.20 757.37 0.26
44666.313888889 19 32 44.37 91.35 757.71 0.26
44666.314583334 19 33 44.44 91.50 758.05 0.26
44666.315277778 19 34 44.52 91.65 758.40 0.25
44666.315972223 19 35 44.60 91.80 758.74 0.25
44666.316666667 19 36 44.68 91.95 759.07 0.25
44666.317361111 19 37 44.75 92.10 759.41 0.25
44666.318055556 19 38 44.83 92.24 759.74 0.25
44666.318750000 19 39 44.90 92.39 760.07 0.25
44666.319444445 19 40 44.98 92.54 760.40 0.25
44666.320138889 19 41 45.05 92.68 760.79 0.25
44666.320833334 19 42 45.13 92.83 761.20 0.24
44666.321527778 19 43 45.20 92.98 761.60 0.24
44666.322222223 19 44 45.27 93.12 762.00 0.24
44666.322916667 19 45 45.35 93.26 762.40 0.24
44666.323611111 19 46 45.42 93.41 762.80 0.24
44666.324305556 19 47 45.49 93.55 763.20 0.24
44666.325000000 19 48 45.56 93.69 763.59 0.24
44666.325694445 19 49 45.63 93.84 763.98 0.24
44666.326388889 19 50 45.70 93.98 764.36 0.23
44666.327083334 19 51 45.77 94.12 764.75 0.23
44666.327777778 19 52 45.84 94.26 765.13 0.23
44666.328472223 19 53 45.91 94.40 765.51 0.23
44666.329166667 19 54 45.98 94.54 765.88 0.23
44666.329861112 19 55 46.05 94.68 766.20 0.23
44666.330555556 19 56 46.12 94.82 766.50 0.23
44666.331250000 19 57 46.18 94.96 766.79 0.23
44666.331944445 19 58 46.25 95.10 767.09 0.23
44666.332638889 19 59 46.32 95.23 767.38 0.22
44666.333333334 20 00 46.38 95.37 767.66 0.22
44666.334027778 20 01 46.45 95.51 767.95 0.22
44666.334722223 20 02 46.51 95.64 768.23 0.22
44666.335416667 20 03 46.58 95.78 768.51 0.22
44666.336111112 20 04 46.64 95.91 768.79 0.22
44666.336805556 20 05 46.70 96.05 769.07 0.22
44666.337500000 20 06 46.77 96.18 769.34 0.22
44666.338194445 20 07 46.83 96.32 769.61 0.22
44666.338888889 20 08 46.89 96.45 769.88 0.21
44666.339583334 20 09 46.95 96.58 770.15 0.21
44666.340277778 20 10 47.01 96.71 770.41 0.21
44666.340972223 20 11 47.07 96.85 770.68 0.21
44666.341666667 20 12 47.13 96.98 770.94 0.21
44666.342361112 20 13 47.19 97.11 771.19 0.21
44666.343055556 20 14 47.25 97.24 771.45 0.21
44666.343750000 20 15 47.30 97.37 771.70 0.21
44666.344444445 20 16 47.36 97.50 771.95 0.21
44666.345138889 20 17 47.42 97.63 772.20 0.20
44666.345833334 20 18 47.47 97.75 772.44 0.20
44666.346527778 20 19 47.53 97.88 772.69 0.20
44666.347222223 20 20 47.58 98.01 772.93 0.20
44666.347916667 20 21 47.64 98.14 773.16 0.20
44666.348611112 20 22 47.69 98.26 773.40 0.20
44666.349305556 20 23 47.74 98.39 773.63 0.20
44666.350000000 20 24 47.80 98.51 773.86 0.20
44666.350694445 20 25 47.85 98.64 774.09 0.20
44666.351388889 20 26 47.90 98.76 774.32 0.20
44666.352083334 20 27 47.95 98.89 774.54 0.20
44666.352777778 20 28 48.00 99.01 774.76 0.19
44666.353472223 20 29 48.05 99.13 774.98 0.19
44666.354166667 20 30 48.10 99.25 775.19 0.19
44666.354861112 20 31 48.15 99.38 775.40 0.19
44666.355555556 20 32 48.19 99.50 775.61 0.19
44666.356250000 20 33 48.24 99.62 775.82 0.19
44666.356944445 20 34 48.29 99.74 776.02 0.19
44666.357638889 20 35 48.33 99.86 776.22 0.19
44666.358333334 20 36 48.38 99.98 776.42 0.19
44666.359027778 20 37 48.42 100.10 776.62 0.19
44666.359722223 20 38 48.47 100.21 776.81 0.19
44666.360416667 20 39 48.51 100.33 777.00 0.18
44666.361111112 20 40 48.55 100.45 777.19 0.18
44666.361805556 20 41 48.60 100.57 777.38 0.18
44666.362500001 20 42 48.64 100.68 777.56 0.18
44666.363194445 20 43 48.68 100.80 777.74 0.18
44666.363888889 20 44 48.72 100.91 777.92 0.18
44666.364583334 20 45 48.76 101.03 778.09 0.18
44666.365277778 20 46 48.80 101.14 778.26 0.18
44666.365972223 20 47 48.84 101.26 778.43 0.18
44666.366666667 20 48 48.87 101.37 778.60 0.18
44666.367361112 20 49 48.91 101.48 778.76 0.18
44666.368055556 20 50 48.95 101.59 778.92 0.17
44666.368750001 20 51 48.98 101.71 779.08 0.17
44666.369444445 20 52 49.02 101.82 779.21 0.17
44666.370138889 20 53 49.05 101.93 779.33 0.17
44666.370833334 20 54 49.09 102.04 779.44 0.17
44666.371527778 20 55 49.12 102.15 779.55 0.17
44666.372222223 20 56 49.15 102.26 779.66 0.17
44666.372916667 20 57 49.18 102.37 779.76 0.17
44666.373611112 20 58 49.22 102.47 779.86 0.17
44666.374305556 20 59 49.25 102.58 779.96 0.17
44666.375000001 21 00 49.28 102.69 780.06 0.17
44666.375694445 21 01 49.31 102.80 780.16 0.17
44666.376388889 21 02 49.33 102.90 780.25 0.17
44666.377083334 21 03 49.36 103.01 780.35 0.16
44666.377777778 21 04 49.39 103.11 780.44 0.16
44666.378472223 21 05 49.42 103.22 780.52 0.16
44666.379166667 21 06 49.44 103.32 780.61 0.16
44666.379861112 21 07 49.47 103.43 780.69 0.16
44666.380555556 21 08 49.49 103.53 780.77 0.16
44666.381250001 21 09 49.52 103.63 780.85 0.16
44666.381944445 21 10 49.54 103.73 780.93 0.16
44666.382638889 21 11 49.56 103.84 781.00 0.16
44666.383333334 21 12 49.58 103.94 781.08 0.16
44666.384027778 21 13 49.61 104.04 781.15 0.16
44666.384722223 21 14 49.63 104.14 781.22 0.16
44666.385416667 21 15 49.65 104.24 781.28 0.16
44666.386111112 21 16 49.67 104.34 781.34 0.16
44666.386805556 21 17 49.68 104.44 781.40 0.16
44666.387500001 21 18 49.70 104.53 781.46 0.15
44666.388194445 21 19 49.72 104.63 781.52 0.15
44666.388888889 21 20 49.74 104.73 781.57 0.15
44666.389583334 21 21 49.75 104.83 781.63 0.15
44666.390277778 21 22 49.77 104.92 781.68 0.15
44666.390972223 21 23 49.78 105.02 781.72 0.15
44666.391666667 21 24 49.79 105.11 781.77 0.15
44666.392361112 21 25 49.81 105.21 781.81 0.15
44666.393055556 21 26 49.82 105.30 781.85 0.15
44666.393750001 21 27 49.83 105.40 781.89 0.15
44666.394444445 21 28 49.84 105.49 781.93 0.15
44666.395138890 21 29 49.85 105.58 781.96 0.15
44666.395833334 21 30 49.86 105.67 781.99 0.15
44666.396527778 21 31 49.87 105.77 782.02 0.15
44666.397222223 21 32 49.88 105.86 782.05 0.15
44666.397916667 21 33 49.89 105.95 782.07 0.15
44666.398611112 21 34 49.89 106.04 782.09 0.14
44666.399305556 21 35 49.90 106.13 782.11 0.14
44666.400000001 21 36 49.90 106.22 782.13 0.14
44666.400694445 21 37 49.91 106.31 782.15 0.14
44666.401388890 21 38 49.91 106.40 782.16 0.14
44666.402083334 21 39 49.92 106.48 782.17 0.14
44666.402777778 21 40 49.92 106.57 782.18 0.14
44666.403472223 21 41 49.92 106.66 782.18 0.14
44666.404166667 21 42 49.92 106.75 782.19 0.14
44666.404861112 21 43 49.92 106.83 782.19 0.14
44666.405555556 21 44 49.92 106.92 782.19 0.14
44666.406250001 21 45 49.92 107.00 782.18 0.14
44666.406944445 21 46 49.92 107.09 782.18 0.14
44666.407638890 21 47 49.92 107.17 782.17 0.14
44666.408333334 21 48 49.91 107.26 782.16 0.14
44666.409027778 21 49 49.91 107.34 782.15 0.14
44666.409722223 21 50 49.91 107.42 782.13 0.14
44666.410416667 21 51 49.90 107.50 782.12 0.14
44666.411111112 21 52 49.89 107.59 782.10 0.13
44666.411805556 21 53 49.89 107.67 782.08 0.13
44666.412500001 21 54 49.88 107.75 782.05 0.13
44666.413194445 21 55 49.87 107.83 782.03 0.13
44666.413888890 21 56 49.86 107.91 782.00 0.13
44666.414583334 21 57 49.85 107.99 781.97 0.13
44666.415277778 21 58 49.84 108.07 781.93 0.13
44666.415972223 21 59 49.83 108.15 781.90 0.13
44666.416666667 22 00 49.82 108.22 781.86 0.13
44666.417361112 22 01 49.81 108.30 781.82 0.13
44666.418055556 22 02 49.80 108.38 781.78 0.13
44666.418750001 22 03 49.78 108.46 781.73 0.13
44666.419444445 22 04 49.77 108.53 781.68 0.13
44666.420138890 22 05 49.75 108.61 781.64 0.13
44666.420833334 22 06 49.74 108.68 781.58 0.13
44666.421527778 22 07 49.72 108.76 781.53 0.13
44666.422222223 22 08 49.71 108.83 781.47 0.13
44666.422916667 22 09 49.69 108.91 781.42 0.13
44666.423611112 22 10 49.67 108.98 781.36 0.13
44666.424305556 22 11 49.65 109.05 781.29 0.13
44666.425000001 22 12 49.63 109.13 781.23 0.13
44666.425694445 22 13 49.61 109.20 781.16 0.12
44666.426388890 22 14 49.59 109.27 781.09 0.12
44666.427083334 22 15 49.57 109.34 781.02 0.12
44666.427777778 22 16 49.54 109.41 780.94 0.12
44666.428472223 22 17 49.52 109.48 780.87 0.12
44666.429166667 22 18 49.50 109.55 780.79 0.12
44666.429861112 22 19 49.47 109.62 780.71 0.12
44666.430555556 22 20 49.45 109.69 780.63 0.12
44666.431250001 22 21 49.42 109.76 780.54 0.12
44666.431944445 22 22 49.40 109.83 780.45 0.12
44666.432638890 22 23 49.37 109.90 780.36 0.12
44666.433333334 22 24 49.34 109.96 780.27 0.12
44666.434027779 22 25 49.31 110.03 780.18 0.12
44666.434722223 22 26 49.28 110.10 780.08 0.12
44666.435416667 22 27 49.25 110.16 779.98 0.12
44666.436111112 22 28 49.22 110.23 779.88 0.12
44666.436805556 22 29 49.19 110.30 779.78 0.12
44666.437500001 22 30 49.16 110.36 779.68 0.12
44666.438194445 22 31 49.13 110.42 779.57 0.12
44666.438888890 22 32 49.09 110.49 779.46 0.12
44666.439583334 22 33 49.06 110.55 779.35 0.12
44666.440277779 22 34 49.03 110.62 779.23 0.12
44666.440972223 22 35 48.99 110.68 779.11 0.12
44666.441666667 22 36 48.95 110.74 778.95 0.12
44666.442361112 22 37 48.92 110.80 778.79 0.12
44666.443055556 22 38 48.88 110.86 778.63 0.12
44666.443750001 22 39 48.84 110.92 778.46 0.11
44666.444444445 22 40 48.80 110.99 778.29 0.11
44666.445138890 22 41 48.77 111.05 778.12 0.11
44666.445833334 22 42 48.73 111.11 777.95 0.11
44666.446527779 22 43 48.69 111.17 777.77 0.11
44666.447222223 22 44 48.65 111.22 777.59 0.11
44666.447916667 22 45 48.60 111.28 777.41 0.11
44666.448611112 22 46 48.56 111.34 777.23 0.11
44666.449305556 22 47 48.52 111.40 777.04 0.11
44666.450000001 22 48 48.48 111.46 776.85 0.11
44666.450694445 22 49 48.43 111.51 776.66 0.11
44666.451388890 22 50 48.39 111.57 776.46 0.11
44666.452083334 22 51 48.34 111.63 776.26 0.11
44666.452777779 22 52 48.30 111.68 776.06 0.11
44666.453472223 22 53 48.25 111.74 775.86 0.11
44666.454166667 22 54 48.20 111.79 775.65 0.11
44666.454861112 22 55 48.15 111.85 775.44 0.11
44666.455555556 22 56 48.11 111.90 775.23 0.11
44666.456250001 22 57 48.06 111.95 775.02 0.11
44666.456944445 22 58 48.01 112.01 774.80 0.11
44666.457638890 22 59 47.96 112.06 774.58 0.11
44666.458333334 23 00 47.91 112.11 774.36 0.11
44666.459027779 23 01 47.86 112.17 774.13 0.11
44666.459722223 23 02 47.80 112.22 773.91 0.11
44666.460416667 23 03 47.75 112.27 773.68 0.11
44666.461111112 23 04 47.70 112.32 773.44 0.11
44666.461805556 23 05 47.65 112.37 773.21 0.11
44666.462500001 23 06 47.59 112.42 772.97 0.11
44666.463194445 23 07 47.54 112.47 772.73 0.11
44666.463888890 23 08 47.48 112.52 772.49 0.11
44666.464583334 23 09 47.43 112.57 772.24 0.11
44666.465277779 23 10 47.37 112.62 772.00 0.11
44666.465972223 23 11 47.31 112.67 771.75 0.11
44666.466666668 23 12 47.26 112.72 771.50 0.10
44666.467361112 23 13 47.20 112.76 771.24 0.10
44666.468055556 23 14 47.14 112.81 770.98 0.10
44666.468750001 23 15 47.08 112.86 770.72 0.10
44666.469444445 23 16 47.02 112.90 770.46 0.10
44666.470138890 23 17 46.96 112.95 770.20 0.10
44666.470833334 23 18 46.90 113.00 769.93 0.10
44666.471527779 23 19 46.84 113.04 769.66 0.10
44666.472222223 23 20 46.78 113.09 769.39 0.10
44666.472916668 23 21 46.71 113.13 769.12 0.10
44666.473611112 23 22 46.65 113.18 768.84 0.10
44666.474305556 23 23 46.59 113.22 768.56 0.10
44666.475000001 23 24 46.52 113.26 768.28 0.10
44666.475694445 23 25 46.46 113.31 768.00 0.10
44666.476388890 23 26 46.39 113.35 767.72 0.10
44666.477083334 23 27 46.33 113.39 767.43 0.10
44666.477777779 23 28 46.26 113.44 767.14 0.10
44666.478472223 23 29 46.20 113.48 766.85 0.10
44666.479166668 23 30 46.13 113.52 766.55 0.10
44666.479861112 23 31 46.06 113.56 766.26 0.10
44666.480555556 23 32 45.99 113.60 765.95 0.10
44666.481250001 23 33 45.93 113.64 765.58 0.10
44666.481944445 23 34 45.86 113.68 765.20 0.10
44666.482638890 23 35 45.79 113.72 764.82 0.10
44666.483333334 23 36 45.72 113.76 764.44 0.10
44666.484027779 23 37 45.65 113.80 764.05 0.10
44666.484722223 23 38 45.58 113.84 763.66 0.10
44666.485416668 23 39 45.51 113.88 763.27 0.10
44666.486111112 23 40 45.43 113.92 762.88 0.10
44666.486805556 23 41 45.36 113.96 762.48 0.10
44666.487500001 23 42 45.29 113.99 762.08 0.10
44666.488194445 23 43 45.22 114.03 761.68 0.10
44666.488888890 23 44 45.14 114.07 761.27 0.10
44666.489583334 23 45 45.07 114.10 760.87 0.10
44666.490277779 23 46 44.99 114.14 760.47 0.10
44666.490972223 23 47 44.92 114.18 760.14 0.10
44666.491666668 23 48 44.84 114.21 759.80 0.10
44666.492361112 23 49 44.77 114.25 759.47 0.10
44666.493055556 23 50 44.69 114.28 759.14 0.10
44666.493750001 23 51 44.61 114.32 758.80 0.10
44666.494444445 23 52 44.54 114.35 758.46 0.10
44666.495138890 23 53 44.46 114.39 758.12 0.10
44666.495833334 23 54 44.38 114.42 757.78 0.10
44666.496527779 23 55 44.30 114.45 757.43 0.10
44666.497222223 23 56 44.22 114.49 757.08 0.10
44666.497916668 23 57 44.14 114.52 756.74 0.10
44666.498611112 23 58 44.06 114.55 756.39 0.10
44666.499305557 23 59 43.98 114.58 756.02 0.10
44666.500000001 00 00 43.90 114.62 755.57 0.09
44666.500694445 00 01 43.82 114.65 755.13 0.09
44666.501388890 00 02 43.74 114.68 754.68 0.09
44666.502083334 00 03 43.66 114.71 754.23 0.09
44666.502777779 00 04 43.58 114.74 753.78 0.09
44666.503472223 00 05 43.49 114.77 753.33 0.09
44666.504166668 00 06 43.41 114.80 752.87 0.09
44666.504861112 00 07 43.33 114.83 752.41 0.09
44666.505555557 00 08 43.24 114.86 751.96 0.09
44666.506250001 00 09 43.16 114.89 751.49 0.09
44666.506944445 00 10 43.07 114.92 751.03 0.09
44666.507638890 00 11 42.99 114.95 750.56 0.09
44666.508333334 00 12 42.90 114.98 750.09 0.09
44666.509027779 00 13 42.82 115.01 749.62 0.09
44666.509722223 00 14 42.73 115.03 749.15 0.09
44666.510416668 00 15 42.65 115.06 748.68 0.09
44666.511111112 00 16 42.56 115.09 748.20 0.09
44666.511805557 00 17 42.47 115.12 747.72 0.09
44666.512500001 00 18 42.38 115.14 747.24 0.09
44666.513194445 00 19 42.30 115.17 746.76 0.09
44666.513888890 00 20 42.21 115.19 746.28 0.09
44666.514583334 00 21 42.12 115.22 745.79 0.09
44666.515277779 00 22 42.03 115.25 745.30 0.09
44666.515972223 00 23 41.94 115.27 744.81 0.09
44666.516666668 00 24 41.85 115.30 744.32 0.09
44666.517361112 00 25 41.76 115.32 743.83 0.09
44666.518055557 00 26 41.67 115.35 743.33 0.09
44666.518750001 00 27 41.58 115.37 742.84 0.09
44666.519444445 00 28 41.49 115.39 742.34 0.09
44666.520138890 00 29 41.40 115.42 741.84 0.09
44666.520833334 00 30 41.31 115.44 741.33 0.09
44666.521527779 00 31 41.22 115.47 740.83 0.09
44666.522222223 00 32 41.12 115.49 740.32 0.09
44666.522916668 00 33 41.03 115.51 739.82 0.09
44666.523611112 00 34 40.94 115.53 739.24 0.09
44666.524305557 00 35 40.85 115.56 738.63 0.09
44666.525000001 00 36 40.75 115.58 738.01 0.09
44666.525694445 00 37 40.66 115.60 737.39 0.09
44666.526388890 00 38 40.56 115.62 736.78 0.09
44666.527083334 00 39 40.47 115.64 736.15 0.09
44666.527777779 00 40 40.38 115.66 735.53 0.09
44666.528472223 00 41 40.28 115.68 734.91 0.09
44666.529166668 00 42 40.19 115.70 734.28 0.09
44666.529861112 00 43 40.09 115.72 733.65 0.09
44666.530555557 00 44 39.99 115.74 733.03 0.09
44666.531250001 00 45 39.90 115.76 732.50 0.09
44666.531944446 00 46 39.80 115.78 731.97 0.09
44666.532638890 00 47 39.70 115.80 731.44 0.09
44666.533333334 00 48 39.61 115.82 730.91 0.09
44666.534027779 00 49 39.51 115.84 730.38 0.09
44666.534722223 00 50 39.41 115.86 729.84 0.09
44666.535416668 00 51 39.32 115.88 729.31 0.09
44666.536111112 00 52 39.22 115.89 728.77 0.09
44666.536805557 00 53 39.12 115.91 728.23 0.09
44666.537500001 00 54 39.02 115.93 727.69 0.09
44666.538194446 00 55 38.92 115.95 727.06 0.09
44666.538888890 00 56 38.82 115.96 726.41 0.09
44666.539583334 00 57 38.72 115.98 725.76 0.09
44666.540277779 00 58 38.62 116.00 725.10 0.09
44666.540972223 00 59 38.53 116.01 724.45 0.09
44666.541666668 01 00 38.43 116.03 723.79 0.09
44666.542361112 01 01 38.32 116.04 723.13 0.09
44666.543055557 01 02 38.22 116.06 722.47 0.09
44666.543750001 01 03 38.12 116.08 721.81 0.09
44666.544444446 01 04 38.02 116.09 721.14 0.09
44666.545138890 01 05 37.92 116.11 720.39 0.09
44666.545833334 01 06 37.82 116.12 719.61 0.09
44666.546527779 01 07 37.72 116.13 718.83 0.09
44666.547222223 01 08 37.62 116.15 718.05 0.09
44666.547916668 01 09 37.52 116.16 717.27 0.09
44666.548611112 01 10 37.41 116.18 716.48 0.09
44666.549305557 01 11 37.31 116.19 715.70 0.09
44666.550000001 01 12 37.21 116.20 714.91 0.09
44666.550694446 01 13 37.11 116.22 714.12 0.09
44666.551388890 01 14 37.00 116.23 713.33 0.09
44666.552083334 01 15 36.90 116.24 712.64 0.09
44666.552777779 01 16 36.80 116.25 711.96 0.09
44666.553472223 01 17 36.69 116.27 711.28 0.09
44666.554166668 01 18 36.59 116.28 710.60 0.09
44666.554861112 01 19 36.48 116.29 709.91 0.09
44666.555555557 01 20 36.38 116.30 709.23 0.09
44666.556250001 01 21 36.28 116.31 708.54 0.09
44666.556944446 01 22 36.17 116.32 707.85 0.09
44666.557638890 01 23 36.07 116.34 707.16 0.09
44666.558333334 01 24 35.96 116.35 706.43 0.09
44666.559027779 01 25 35.86 116.36 705.62 0.09
44666.559722223 01 26 35.75 116.37 704.81 0.09
44666.560416668 01 27 35.65 116.38 704.00 0.09
44666.561111112 01 28 35.54 116.39 703.19 0.09
44666.561805557 01 29 35.43 116.40 702.38 0.09
44666.562500001 01 30 35.33 116.41 701.56 0.09
44666.563194446 01 31 35.22 116.41 700.75 0.09
44666.563888890 01 32 35.12 116.42 699.93 0.09
44666.564583334 01 33 35.01 116.43 699.11 0.09
44666.565277779 01 34 34.90 116.44 698.19 0.09
44666.565972223 01 35 34.80 116.45 697.25 0.09
44666.566666668 01 36 34.69 116.46 696.31 0.09
44666.567361112 01 37 34.58 116.47 695.37 0.09
44666.568055557 01 38 34.47 116.47 694.43 0.09
44666.568750001 01 39 34.37 116.48 693.49 0.09
44666.569444446 01 40 34.26 116.49 692.55 0.09
44666.570138890 01 41 34.15 116.50 691.60 0.09
44666.570833335 01 42 34.04 116.50 690.65 0.09
44666.571527779 01 43 33.94 116.51 689.78 0.09
44666.572222223 01 44 33.83 116.52 688.95 0.09
44666.572916668 01 45 33.72 116.52 688.12 0.09
44666.573611112 01 46 33.61 116.53 687.28 0.09
44666.574305557 01 47 33.50 116.53 686.45 0.09
44666.575000001 01 48 33.40 116.54 685.62 0.09
44666.575694446 01 49 33.29 116.55 684.78 0.09
44666.576388890 01 50 33.18 116.55 683.95 0.09
44666.577083335 01 51 33.07 116.56 683.11 0.09
44666.577777779 01 52 32.96 116.56 682.18 0.09
44666.578472223 01 53 32.85 116.57 681.11 0.09
44666.579166668 01 54 32.74 116.57 680.03 0.09
44666.579861112 01 55 32.63 116.57 678.95 0.09
44666.580555557 01 56 32.52 116.58 677.87 0.09
44666.581250001 01 57 32.41 116.58 676.78 0.09
44666.581944446 01 58 32.30 116.59 675.70 0.09
44666.582638890 01 59 32.19 116.59 674.62 0.09
44666.583333335 02 00 32.08 116.59 673.53 0.09
44666.584027779 02 01 31.97 116.60 672.47 0.09
44666.584722223 02 02 31.86 116.60 671.51 0.09
44666.585416668 02 03 31.75 116.60 670.54 0.09
44666.586111112 02 04 31.64 116.60 669.57 0.09
44666.586805557 02 05 31.53 116.61 668.60 0.09
44666.587500001 02 06 31.42 116.61 667.63 0.09
44666.588194446 02 07 31.31 116.61 666.66 0.08
44666.588888890 02 08 31.20 116.61 665.69 0.08
44666.589583335 02 09 31.09 116.61 664.72 0.08
44666.590277779 02 10 30.98 116.62 663.72 0.08
44666.590972223 02 11 30.87 116.62 662.63 0.08
44666.591666668 02 12 30.76 116.62 661.53 0.08
44666.592361112 02 13 30.65 116.62 660.44 0.08
44666.593055557 02 14 30.54 116.62 659.34 0.08
44666.593750001 02 15 30.42 116.62 658.24 0.08
44666.594444446 02 16 30.31 116.62 657.14 0.08
44666.595138890 02 17 30.20 116.62 656.04 0.08
44666.595833335 02 18 30.09 116.62 654.94 0.08
44666.596527779 02 19 29.98 116.62 653.82 0.08
44666.597222223 02 20 29.87 116.62 652.60 0.08
44666.597916668 02 21 29.76 116.62 651.37 0.08
44666.598611112 02 22 29.64 116.62 650.15 0.08
44666.599305557 02 23 29.53 116.61 648.92 0.08
44666.600000001 02 24 29.42 116.61 647.70 0.08
44666.600694446 02 25 29.31 116.61 646.47 0.08
44666.601388890 02 26 29.20 116.61 645.24 0.08
44666.602083335 02 27 29.09 116.61 644.02 0.09
44666.602777779 02 28 28.97 116.61 642.79 0.09
44666.603472224 02 29 28.86 116.60 641.56 0.09
44666.604166668 02 30 28.75 116.60 640.33 0.09
44666.604861112 02 31 28.64 116.60 639.10 0.09
44666.605555557 02 32 28.53 116.60 637.87 0.09
44666.606250001 02 33 28.41 116.59 636.64 0.09
44666.606944446 02 34 28.30 116.59 635.41 0.09
44666.607638890 02 35 28.19 116.59 634.18 0.09
44666.608333335 02 36 28.08 116.58 632.95 0.09
44666.609027779 02 37 27.97 116.58 631.68 0.09
44666.609722224 02 38 27.85 116.57 630.33 0.09
44666.610416668 02 39 27.74 116.57 628.97 0.09
44666.611111112 02 40 27.63 116.56 627.61 0.09
44666.611805557 02 41 27.52 116.56 626.26 0.09
44666.612500001 02 42 27.40 116.55 624.90 0.09
44666.613194446 02 43 27.29 116.55 623.55 0.09
44666.613888890 02 44 27.18 116.54 622.19 0.09
44666.614583335 02 45 27.07 116.54 620.83 0.09
44666.615277779 02 46 26.95 116.53 619.48 0.09
44666.615972224 02 47 26.84 116.53 618.12 0.09
44666.616666668 02 48 26.73 116.52 616.76 0.09
44666.617361112 02 49 26.62 116.51 615.40 0.09
44666.618055557 02 50 26.50 116.51 614.05 0.09
44666.618750001 02 51 26.39 116.50 612.69 0.09
44666.619444446 02 52 26.28 116.49 611.33 0.09
44666.620138890 02 53 26.17 116.49 609.98 0.09
44666.620833335 02 54 26.05 116.48 608.62 0.09
44666.621527779 02 55 25.94 116.47 607.20 0.09
44666.622222224 02 56 25.83 116.46 605.72 0.09
44666.622916668 02 57 25.72 116.46 604.24 0.09
44666.623611112 02 58 25.61 116.45 602.76 0.09
44666.624305557 02 59 25.49 116.44 601.28 0.09
44666.625000001 03 00 25.38 116.43 599.80 0.09
44666.625694446 03 01 25.27 116.42 598.32 0.09
44666.626388890 03 02 25.16 116.41 596.84 0.09
44666.627083335 03 03 25.04 116.40 595.36 0.09
44666.627777779 03 04 24.93 116.39 593.80 0.09
44666.628472224 03 05 24.82 116.38 592.20 0.09
44666.629166668 03 06 24.71 116.37 590.60 0.09
44666.629861112 03 07 24.59 116.36 589.00 0.09
44666.630555557 03 08 24.48 116.35 587.39 0.09
44666.631250001 03 09 24.37 116.34 585.79 0.09
44666.631944446 03 10 24.26 116.33 584.19 0.09
44666.632638890 03 11 24.15 116.32 582.59 0.09
44666.633333335 03 12 24.03 116.31 580.99 0.09
44666.634027779 03 13 23.92 116.30 579.31 0.09
44666.634722224 03 14 23.81 116.29 577.58 0.09
44666.635416668 03 15 23.70 116.28 575.86 0.09
44666.636111113 03 16 23.58 116.26 574.14 0.09
44666.636805557 03 17 23.47 116.25 572.42 0.09
44666.637500001 03 18 23.36 116.24 570.70 0.09
44666.638194446 03 19 23.25 116.23 568.99 0.09
44666.638888890 03 20 23.14 116.21 567.27 0.09
44666.639583335 03 21 23.03 116.20 565.55 0.09
44666.640277779 03 22 22.91 116.19 563.83 0.09
44666.640972224 03 23 22.80 116.17 562.12 0.09
44666.641666668 03 24 22.69 116.16 560.40 0.09
44666.642361113 03 25 22.58 116.15 558.69 0.09
44666.643055557 03 26 22.47 116.13 556.97 0.09
44666.643750001 03 27 22.36 116.12 555.26 0.09
44666.644444446 03 28 22.24 116.10 553.55 0.09
44666.645138890 03 29 22.13 116.09 551.84 0.09
44666.645833335 03 30 22.02 116.07 550.13 0.09
44666.646527779 03 31 21.91 116.06 548.22 0.09
44666.647222224 03 32 21.80 116.04 546.27 0.09
44666.647916668 03 33 21.69 116.02 544.32 0.09
44666.648611113 03 34 21.58 116.01 542.37 0.09
44666.649305557 03 35 21.47 115.99 540.42 0.09
44666.650000001 03 36 21.36 115.98 538.48 0.09
44666.650694446 03 37 21.24 115.96 536.53 0.09
44666.651388890 03 38 21.13 115.94 534.59 0.09
44666.652083335 03 39 21.02 115.92 532.64 0.09
44666.652777779 03 40 20.91 115.91 530.70 0.09
44666.653472224 03 41 20.80 115.89 528.76 0.09
44666.654166668 03 42 20.69 115.87 526.82 0.09
44666.654861113 03 43 20.58 115.85 524.88 0.09
44666.655555557 03 44 20.47 115.83 522.95 0.09
44666.656250001 03 45 20.36 115.82 521.01 0.09
44666.656944446 03 46 20.25 115.80 519.08 0.09
44666.657638890 03 47 20.14 115.78 517.14 0.09
44666.658333335 03 48 20.03 115.76 515.21 0.09
44666.659027779 03 49 19.92 115.74 513.11 0.09
44666.659722224 03 50 19.81 115.72 510.94 0.09
44666.660416668 03 51 19.70 115.70 508.78 0.09
44666.661111113 03 52 19.59 115.68 506.61 0.09
44666.661805557 03 53 19.48 115.66 504.45 0.09
44666.662500001 03 54 19.37 115.64 502.29 0.09
44666.663194446 03 55 19.26 115.61 500.13 0.09
44666.663888890 03 56 19.15 115.59 497.97 0.09
44666.664583335 03 57 19.05 115.57 495.82 0.09
44666.665277779 03 58 18.94 115.55 493.66 0.09
44666.665972224 03 59 18.83 115.53 491.51 0.09
44666.666666668 04 00 18.72 115.50 489.36 0.09
44666.667361113 04 01 18.61 115.48 487.22 0.09
44666.668055557 04 02 18.50 115.46 485.07 0.09
44666.668750002 04 03 18.39 115.44 482.93 0.09
44666.669444446 04 04 18.28 115.41 480.79 0.09
44666.670138890 04 05 18.18 115.39 478.65 0.09
44666.670833335 04 06 18.07 115.36 476.52 0.09
44666.671527779 04 07 17.96 115.34 474.25 0.09
44666.672222224 04 08 17.85 115.32 471.77 0.09
44666.672916668 04 09 17.74 115.29 469.28 0.09
44666.673611113 04 10 17.64 115.27 466.80 0.09
44666.674305557 04 11 17.53 115.24 464.32 0.09
44666.675000002 04 12 17.42 115.21 461.85 0.09
44666.675694446 04 13 17.31 115.19 459.38 0.09
44666.676388890 04 14 17.21 115.16 456.91 0.09
44666.677083335 04 15 17.10 115.14 454.44 0.09
44666.677777779 04 16 16.99 115.11 451.98 0.09
44666.678472224 04 17 16.89 115.08 449.52 0.09
44666.679166668 04 18 16.78 115.05 447.06 0.09
44666.679861113 04 19 16.67 115.03 444.61 0.09
44666.680555557 04 20 16.57 115.00 442.16 0.09
44666.681250002 04 21 16.46 114.97 439.71 0.09
44666.681944446 04 22 16.36 114.94 437.26 0.09
44666.682638890 04 23 16.25 114.91 434.82 0.09
44666.683333335 04 24 16.14 114.88 432.38 0.09
44666.684027779 04 25 16.04 114.85 429.95 0.09
44666.684722224 04 26 15.93 114.82 427.37 0.09
44666.685416668 04 27 15.83 114.79 424.71 0.09
