17 18 46.06 479.03
17 19 45.85 478.35
17 20 45.64 477.63
17 21 45.43 476.91
17 22 45.22 476.18
17 23 45.01 475.46
17 24 44.79 474.88
17 25 44.58 474.29
17 26 44.37 473.71
17 27 44.16 473.13
17 28 43.95 472.51
17 29 43.73 471.78
17 30 43.52 471.05
17 31 43.31 470.32
17 32 43.09 469.58
17 33 42.88 468.85
17 34 42.66 468.12
17 35 42.45 467.38
17 36 42.24 466.64
17 37 42.02 465.91
17 38 41.81 465.17
17 39 41.59 464.43
17 40 41.37 463.69
17 41 41.16 462.95
17 42 40.94 462.17
17 43 40.73 461.28
17 44 40.51 460.38
17 45 40.29 459.49
17 46 40.07 458.60
17 47 39.86 457.80
17 48 39.64 457.06
17 49 39.42 456.31
17 50 39.20 455.56
17 51 38.99 454.80
17 52 38.77 453.90
17 53 38.55 453.00
17 54 38.33 452.10
17 55 38.11 451.20
17 56 37.89 450.23
17 57 37.67 449.17
17 58 37.45 448.12
17 59 37.23 447.07
18 00 37.01 446.01
18 01 36.79 445.09
18 02 36.57 444.19
18 03 36.35 443.28
18 04 36.13 442.37
18 05 35.91 441.40
18 06 35.69 440.34
18 07 35.47 439.28
18 08 35.25 438.22
18 09 35.03 437.16
18 10 34.81 435.96
18 11 34.58 434.74
18 12 34.36 433.52
18 13 34.14 432.31
18 14 33.92 431.14
18 15 33.70 430.07
18 16 33.47 429.01
18 17 33.25 427.94
18 18 33.03 426.87
18 19 32.81 425.53
18 20 32.58 424.15
18 21 32.36 422.78
18 22 32.14 421.40
18 23 31.91 420.08
18 24 31.69 418.85
18 25 31.47 417.62
18 26 31.24 416.39
18 27 31.02 415.17
18 28 30.79 413.79
18 29 30.57 412.41
18 30 30.35 411.03
18 31 30.12 409.64
18 32 29.90 408.18
18 33 29.67 406.64
18 34 29.45 405.10
18 35 29.22 403.56
18 36 29.00 402.01
18 37 28.77 400.47
18 38 28.55 398.93
18 39 28.32 397.38
18 40 28.10 395.83
18 41 27.87 394.20
18 42 27.65 392.50
18 43 27.42 390.79
18 44 27.19 389.09
18 45 26.97 387.38
18 46 26.74 385.68
18 47 26.52 383.97
18 48 26.29 382.27
18 49 26.06 380.56
18 50 25.84 378.74
18 51 25.61 376.87
18 52 25.38 375.01
18 53 25.16 373.14
18 54 24.93 371.23
18 55 24.70 369.21
18 56 24.48 367.18
18 57 24.25 365.16
18 58 24.02 363.14
18 59 23.80 360.97
19 00 23.57 358.79
19 01 23.34 356.61
19 02 23.11 354.42
19 03 22.89 352.24
19 04 22.66 350.05
19 05 22.43 347.87
19 06 22.20 345.68
19 07 21.98 343.47
19 08 21.75 340.97
19 09 21.52 338.46
19 10 21.29 335.96
19 11 21.07 333.46
19 12 20.84 330.96
19 13 20.61 328.46
19 14 20.38 325.95
19 15 20.15 323.45
19 16 19.93 320.84
19 17 19.70 318.02
19 18 19.47 315.20
19 19 19.24 312.38
19 20 19.01 309.56
19 21 18.78 306.73
19 22 18.55 303.91
19 23 18.33 301.09
19 24 18.10 298.26
19 25 17.87 295.17
19 26 17.64 291.87
19 27 17.41 288.58
19 28 17.18 285.28
19 29 16.95 281.98
19 30 16.72 278.68
19 31 16.50 275.38
19 32 16.27 272.08
19 33 16.04 268.78
19 34 15.81 265.22
19 35 15.58 261.60
19 36 15.35 257.98
19 37 15.12 254.36
19 38 14.89 250.60
19 39 14.66 246.66
19 40 14.43 242.73
19 41 14.20 238.79
19 42 13.97 234.82
19 43 13.74 230.57
19 44 13.51 226.32
19 45 13.28 222.07
19 46 13.05 217.81
19 47 12.83 213.44
19 48 12.60 209.03
19 49 12.37 204.62
19 50 12.14 200.20
19 51 11.91 195.60
19 52 11.68 190.71
19 53 11.45 185.82
19 54 11.22 180.94
19 55 10.99 176.04
19 56 10.76 170.99
19 57 10.53 165.94
19 58 10.30 160.90
19 59 10.07 155.85
