17 17 45.44 91.21 476.96 0.55
17 18 45.23 91.05 476.23 0.55
17 19 45.02 90.89 475.51 0.55
17 20 44.81 90.72 474.91 0.56
17 21 44.60 90.56 474.33 0.56
17 22 44.38 90.40 473.75 0.56
17 23 44.17 90.24 473.17 0.56
17 24 43.96 90.08 472.56 0.56
17 25 43.75 89.92 471.83 0.56
17 26 43.53 89.77 471.10 0.56
17 27 43.32 89.61 470.37 0.56
17 28 43.11 89.45 469.63 0.57
17 29 42.89 89.30 468.90 0.57
17 30 42.68 89.14 468.17 0.57
17 31 42.46 88.99 467.43 0.57
17 32 42.25 88.84 466.69 0.57
17 33 42.03 88.68 465.96 0.57
17 34 41.82 88.53 465.22 0.57
17 35 41.60 88.38 464.48 0.57
17 36 41.39 88.23 463.74 0.57
17 37 41.17 88.08 463.00 0.58
17 38 40.96 87.94 462.23 0.58
17 39 40.74 87.79 461.34 0.58
17 40 40.52 87.64 460.44 0.58
17 41 40.31 87.50 459.55 0.58
17 42 40.09 87.36 458.66 0.58
17 43 39.87 87.21 457.85 0.58
17 44 39.65 87.07 457.11 0.58
17 45 39.44 86.93 456.36 0.58
17 46 39.22 86.79 455.61 0.59
17 47 39.00 86.65 454.86 0.59
17 48 38.78 86.52 453.97 0.59
17 49 38.56 86.38 453.07 0.59
17 50 38.35 86.25 452.17 0.59
17 51 38.13 86.11 451.26 0.59
17 52 37.91 85.98 450.30 0.59
17 53 37.69 85.85 449.25 0.59
17 54 37.47 85.72 448.19 0.59
17 55 37.25 85.59 447.14 0.59
17 56 37.03 85.46 446.08 0.60
17 57 36.81 85.33 445.16 0.60
17 58 36.59 85.21 444.25 0.60
17 59 36.37 85.08 443.34 0.60
18 00 36.15 84.96 442.43 0.60
18 01 35.93 84.84 441.48 0.60
18 02 35.71 84.72 440.41 0.60
18 03 35.49 84.60 439.35 0.60
18 04 35.26 84.48 438.29 0.60
18 05 35.04 84.37 437.23 0.60
18 06 34.82 84.25 436.04 0.60
18 07 34.60 84.14 434.82 0.61
18 08 34.38 84.03 433.61 0.61
18 09 34.16 83.92 432.39 0.61
18 10 33.93 83.81 431.21 0.61
18 11 33.71 83.70 430.15 0.61
18 12 33.49 83.60 429.08 0.61
18 13 33.27 83.49 428.01 0.61
18 14 33.04 83.39 426.94 0.61
18 15 32.82 83.29 425.62 0.61
18 16 32.60 83.19 424.25 0.61
18 17 32.37 83.09 422.87 0.61
18 18 32.15 82.99 421.49 0.61
18 19 31.93 82.90 420.16 0.62
18 20 31.70 82.80 418.93 0.62
18 21 31.48 82.71 417.71 0.62
18 22 31.26 82.62 416.48 0.62
18 23 31.03 82.53 415.25 0.62
18 24 30.81 82.44 413.89 0.62
18 25 30.58 82.36 412.50 0.62
18 26 30.36 82.28 411.12 0.62
18 27 30.14 82.19 409.73 0.62
18 28 29.91 82.11 408.29 0.62
18 29 29.69 82.03 406.75 0.62
18 30 29.46 81.96 405.21 0.62
18 31 29.24 81.88 403.66 0.62
18 32 29.01 81.81 402.12 0.62
18 33 28.79 81.73 400.58 0.62
18 34 28.56 81.66 399.03 0.62
18 35 28.34 81.60 397.48 0.62
18 36 28.11 81.53 395.94 0.63
18 37 27.89 81.46 394.31 0.63
18 38 27.66 81.40 392.61 0.63
18 39 27.44 81.34 390.91 0.63
18 40 27.21 81.28 389.20 0.63
18 41 26.98 81.22 387.50 0.63
18 42 26.76 81.17 385.79 0.63
18 43 26.53 81.11 384.09 0.63
18 44 26.31 81.06 382.38 0.63
18 45 26.08 81.01 380.67 0.63
18 46 25.85 80.96 378.87 0.63
18 47 25.63 80.91 377.00 0.63
18 48 25.40 80.87 375.14 0.63
18 49 25.17 80.82 373.27 0.63
18 50 24.95 80.78 371.37 0.63
18 51 24.72 80.74 369.35 0.63
18 52 24.49 80.71 367.32 0.63
18 53 24.27 80.67 365.30 0.63
18 54 24.04 80.64 363.27 0.63
18 55 23.81 80.60 361.12 0.63
18 56 23.58 80.57 358.94 0.63
18 57 23.36 80.55 356.76 0.63
18 58 23.13 80.52 354.57 0.63
18 59 22.90 80.50 352.39 0.63
19 00 22.68 80.47 350.20 0.63
19 01 22.45 80.45 348.02 0.63
19 02 22.22 80.44 345.83 0.63
19 03 21.99 80.42 343.64 0.63
19 04 21.76 80.40 341.14 0.63
19 05 21.54 80.39 338.63 0.63
19 06 21.31 80.38 336.13 0.63
19 07 21.08 80.37 333.63 0.63
19 08 20.85 80.37 331.13 0.63
19 09 20.63 80.36 328.63 0.63
19 10 20.40 80.36 326.12 0.63
19 11 20.17 80.36 323.62 0.63
19 12 19.94 80.36 321.03 0.63
19 13 19.71 80.36 318.21 0.63
19 14 19.48 80.36 315.39 0.63
19 15 19.26 80.37 312.57 0.63
19 16 19.03 80.38 309.75 0.63
19 17 18.80 80.39 306.93 0.63
19 18 18.57 80.40 304.10 0.63
19 19 18.34 80.42 301.28 0.63
19 20 18.11 80.43 298.46 0.63
19 21 17.88 80.45 295.39 0.63
19 22 17.66 80.47 292.10 0.63
19 23 17.43 80.49 288.80 0.63
19 24 17.20 80.52 285.50 0.63
19 25 16.97 80.54 282.20 0.63
19 26 16.74 80.57 278.91 0.63
19 27 16.51 80.60 275.61 0.63
19 28 16.28 80.63 272.31 0.63
19 29 16.05 80.67 269.01 0.63
19 30 15.82 80.70 265.46 0.63
19 31 15.59 80.74 261.85 0.63
19 32 15.36 80.78 258.23 0.63
19 33 15.14 80.82 254.61 0.63
19 34 14.91 80.86 250.86 0.63
19 35 14.68 80.91 246.93 0.63
19 36 14.45 80.96 243.00 0.63
19 37 14.22 81.00 239.06 0.63
19 38 13.99 81.05 235.11 0.63
19 39 13.76 81.11 230.86 0.63
19 40 13.53 81.16 226.61 0.63
19 41 13.30 81.22 222.36 0.63
19 42 13.07 81.27 218.10 0.63
19 43 12.84 81.33 213.74 0.63
19 44 12.61 81.40 209.33 0.63
19 45 12.38 81.46 204.92 0.63
19 46 12.15 81.52 200.50 0.63
19 47 11.92 81.59 195.93 0.62
19 48 11.69 81.66 191.04 0.62
19 49 11.46 81.73 186.16 0.62
19 50 11.23 81.80 181.27 0.62
19 51 11.00 81.87 176.38 0.62
19 52 10.77 81.95 171.33 0.62
19 53 10.54 82.03 166.29 0.62
19 54 10.31 82.11 161.24 0.62
19 55 10.08 82.19 156.19 0.62
