2022 04 19 17 00 49.77 0.00 0.00
2022 04 19 17 01 49.57 0.00 0.00
2022 04 19 17 02 49.37 0.00 0.00
2022 04 19 17 03 49.16 0.00 0.00
2022 04 19 17 04 48.96 0.00 0.00
2022 04 19 17 05 48.75 0.00 0.00
2022 04 19 17 06 48.55 0.00 0.00
2022 04 19 17 07 48.34 0.00 0.00
2022 04 19 17 08 48.14 0.00 0.00
2022 04 19 17 09 47.93 0.00 0.00
2022 04 19 17 10 47.72 0.00 0.00
2022 04 19 17 11 47.52 0.00 0.00
2022 04 19 17 12 47.31 0.00 0.00
2022 04 19 17 13 47.10 0.00 0.00
2022 04 19 17 14 46.89 0.00 0.00
2022 04 19 17 15 46.68 0.00 0.00
2022 04 19 17 16 46.48 0.00 0.00
2022 04 19 17 17 46.27 0.00 0.00
2022 04 19 17 18 46.06 91.69 0.00
2022 04 19 17 19 45.85 91.53 0.00
2022 04 19 17 20 45.64 91.37 0.00
2022 04 19 17 21 45.43 91.20 0.00
2022 04 19 17 22 45.22 91.04 0.00
2022 04 19 17 23 45.01 90.87 0.00
2022 04 19 17 24 44.79 90.71 0.00
2022 04 19 17 25 44.58 90.55 0.00
2022 04 19 17 26 44.37 90.39 0.00
2022 04 19 17 27 44.16 90.23 0.00
2022 04 19 17 28 43.95 90.07 0.00
2022 04 19 17 29 43.73 89.91 0.00
2022 04 19 17 30 43.52 89.76 0.00
2022 04 19 17 31 43.31 89.60 0.00
2022 04 19 17 32 43.09 89.44 0.00
2022 04 19 17 33 42.88 89.29 0.00
2022 04 19 17 34 42.66 89.13 0.00
2022 04 19 17 35 42.45 88.98 0.00
2022 04 19 17 36 42.24 88.82 0.00
2022 04 19 17 37 42.02 88.67 0.00
2022 04 19 17 38 41.81 88.52 0.00
2022 04 19 17 39 41.59 88.37 0.00
2022 04 19 17 40 41.37 88.22 0.00
2022 04 19 17 41 41.16 88.07 0.00
2022 04 19 17 42 40.94 87.93 0.00
2022 04 19 17 43 40.73 87.78 0.00
2022 04 19 17 44 40.51 87.63 0.00
2022 04 19 17 45 40.29 87.49 0.00
2022 04 19 17 46 40.07 87.35 0.00
2022 04 19 17 47 39.86 87.20 0.00
2022 04 19 17 48 39.64 87.06 0.00
2022 04 19 17 49 39.42 86.92 0.00
2022 04 19 17 50 39.20 86.78 0.00
2022 04 19 17 51 38.99 86.64 0.00
2022 04 19 17 52 38.77 86.51 0.00
2022 04 19 17 53 38.55 86.37 0.00
2022 04 19 17 54 38.33 86.24 0.00
2022 04 19 17 55 38.11 86.10 0.00
2022 04 19 17 56 37.89 85.97 0.00
2022 04 19 17 57 37.67 85.84 0.00
2022 04 19 17 58 37.45 85.71 0.00
2022 04 19 17 59 37.23 85.58 0.00
2022 04 19 18 00 37.01 85.45 0.00
2022 04 19 18 01 36.79 85.33 0.00
2022 04 19 18 02 36.57 85.20 0.00
2022 04 19 18 03 36.35 85.08 0.00
2022 04 19 18 04 36.13 84.95 0.00
2022 04 19 18 05 35.91 84.83 0.00
2022 04 19 18 06 35.69 84.71 0.00
2022 04 19 18 07 35.47 84.59 0.00
2022 04 19 18 08 35.25 84.48 0.00
2022 04 19 18 09 35.03 84.36 0.00
2022 04 19 18 10 34.81 84.25 0.00
2022 04 19 18 11 34.58 84.13 0.00
2022 04 19 18 12 34.36 84.02 0.00
2022 04 19 18 13 34.14 83.91 0.00
2022 04 19 18 14 33.92 83.80 0.00
2022 04 19 18 15 33.70 83.70 0.00
2022 04 19 18 16 33.47 83.59 0.00
2022 04 19 18 17 33.25 83.48 0.00
2022 04 19 18 18 33.03 83.38 0.00
2022 04 19 18 19 32.81 83.28 0.00
2022 04 19 18 20 32.58 83.18 0.00
2022 04 19 18 21 32.36 83.08 0.00
2022 04 19 18 22 32.14 82.99 0.00
2022 04 19 18 23 31.91 82.89 0.00
2022 04 19 18 24 31.69 82.80 0.00
2022 04 19 18 25 31.47 82.71 0.00
2022 04 19 18 26 31.24 82.61 0.00
2022 04 19 18 27 31.02 82.53 0.00
2022 04 19 18 28 30.79 82.44 0.00
2022 04 19 18 29 30.57 82.35 0.00
2022 04 19 18 30 30.35 82.27 0.00
2022 04 19 18 31 30.12 82.19 0.00
2022 04 19 18 32 29.90 82.11 0.00
2022 04 19 18 33 29.67 82.03 0.00
2022 04 19 18 34 29.45 81.95 0.00
2022 04 19 18 35 29.22 81.88 0.00
2022 04 19 18 36 29.00 81.80 0.00
2022 04 19 18 37 28.77 81.73 0.00
2022 04 19 18 38 28.55 81.66 0.00
2022 04 19 18 39 28.32 81.59 0.00
2022 04 19 18 40 28.10 81.52 0.00
2022 04 19 18 41 27.87 81.46 0.00
2022 04 19 18 42 27.65 81.40 0.00
2022 04 19 18 43 27.42 81.34 0.00
2022 04 19 18 44 27.19 81.28 0.00
2022 04 19 18 45 26.97 81.22 0.00
2022 04 19 18 46 26.74 81.16 0.00
2022 04 19 18 47 26.52 81.11 0.00
2022 04 19 18 48 26.29 81.06 0.00
2022 04 19 18 49 26.06 81.00 0.00
2022 04 19 18 50 25.84 80.96 0.00
2022 04 19 18 51 25.61 80.91 0.00
2022 04 19 18 52 25.38 80.86 0.00
2022 04 19 18 53 25.16 80.82 0.00
2022 04 19 18 54 24.93 80.78 0.00
2022 04 19 18 55 24.70 80.74 0.00
2022 04 19 18 56 24.48 80.70 0.00
2022 04 19 18 57 24.25 80.67 0.00
2022 04 19 18 58 24.02 80.63 24.19
2022 04 19 18 59 23.80 80.60 24.16
2022 04 19 19 00 23.57 80.57 24.13
2022 04 19 19 01 23.34 80.54 24.09
2022 04 19 19 02 23.11 80.52 24.06
2022 04 19 19 03 22.89 80.49 24.03
2022 04 19 19 04 22.66 80.47 23.99
2022 04 19 19 05 22.43 80.45 23.96
2022 04 19 19 06 22.20 80.43 23.93
2022 04 19 19 07 21.98 80.42 23.90
2022 04 19 19 08 21.75 80.40 23.86
2022 04 19 19 09 21.52 80.39 23.83
2022 04 19 19 10 21.29 80.38 23.80
2022 04 19 19 11 21.07 80.37 23.77
2022 04 19 19 12 20.84 80.36 23.73
2022 04 19 19 13 20.61 80.36 23.70
2022 04 19 19 14 20.38 80.36 23.67
2022 04 19 19 15 20.15 80.36 23.64
2022 04 19 19 16 19.93 80.36 23.61
2022 04 19 19 17 19.70 80.36 23.58
2022 04 19 19 18 19.47 80.36 23.55
2022 04 19 19 19 19.24 80.37 23.52
2022 04 19 19 20 19.01 80.38 23.49
2022 04 19 19 21 18.78 80.39 23.46
2022 04 19 19 22 18.55 80.40 23.43
2022 04 19 19 23 18.33 80.42 23.40
2022 04 19 19 24 18.10 80.44 23.37
2022 04 19 19 25 17.87 80.45 23.34
2022 04 19 19 26 17.64 80.47 23.31
2022 04 19 19 27 17.41 80.50 23.28
2022 04 19 19 28 17.18 80.52 23.25
2022 04 19 19 29 16.95 80.55 23.22
2022 04 19 19 30 16.72 80.57 23.19
2022 04 19 19 31 16.50 80.60 23.17
2022 04 19 19 32 16.27 80.64 23.14
2022 04 19 19 33 16.04 80.67 23.11
2022 04 19 19 34 15.81 80.71 23.08
2022 04 19 19 35 15.58 80.74 23.06
2022 04 19 19 36 15.35 80.78 23.03
2022 04 19 19 37 15.12 80.82 23.00
2022 04 19 19 38 14.89 80.87 22.98
2022 04 19 19 39 14.66 80.91 22.95
2022 04 19 19 40 14.43 80.96 22.92
2022 04 19 19 41 14.20 81.01 22.90
2022 04 19 19 42 13.97 81.06 22.87
2022 04 19 19 43 13.74 81.11 22.85
2022 04 19 19 44 13.51 81.16 22.82
2022 04 19 19 45 13.28 81.22 22.80
2022 04 19 19 46 13.05 81.28 22.77
2022 04 19 19 47 12.83 81.34 22.75
2022 04 19 19 48 12.60 81.40 22.72
2022 04 19 19 49 12.37 81.46 22.70
2022 04 19 19 50 12.14 81.53 22.68
2022 04 19 19 51 11.91 81.59 22.65
2022 04 19 19 52 11.68 81.66 22.63
2022 04 19 19 53 11.45 81.73 22.61
2022 04 19 19 54 11.22 81.81 22.58
2022 04 19 19 55 10.99 81.88 22.56
2022 04 19 19 56 10.76 81.95 22.54
2022 04 19 19 57 10.53 82.03 22.52
2022 04 19 19 58 10.30 82.11 22.50
2022 04 19 19 59 10.07 82.19 22.48
2022 04 19 20 00 9.84 0.00 0.00
2022 04 19 20 01 9.61 0.00 0.00
2022 04 19 20 02 9.38 0.00 0.00
2022 04 19 20 03 9.15 0.00 0.00
2022 04 19 20 04 8.92 0.00 0.00
2022 04 19 20 05 8.69 0.00 0.00
2022 04 19 20 06 8.46 0.00 0.00
2022 04 19 20 07 8.23 0.00 0.00
2022 04 19 20 08 8.00 0.00 0.00
2022 04 19 20 09 7.77 0.00 0.00
2022 04 19 20 10 7.54 0.00 0.00
2022 04 19 20 11 7.31 0.00 0.00
2022 04 19 20 12 7.08 0.00 0.00
2022 04 19 20 13 6.85 0.00 0.00
2022 04 19 20 14 6.62 0.00 0.00
2022 04 19 20 15 6.39 0.00 0.00
2022 04 19 20 16 6.16 0.00 0.00
2022 04 19 20 17 5.93 0.00 0.00
2022 04 19 20 18 5.70 0.00 0.00
2022 04 19 20 19 5.47 0.00 0.00
2022 04 19 20 20 5.23 0.00 0.00
2022 04 19 20 21 5.00 0.00 0.00
2022 04 19 20 22 4.77 0.00 0.00
2022 04 19 20 23 4.54 0.00 0.00
2022 04 19 20 24 4.31 0.00 0.00
2022 04 19 20 25 4.08 0.00 0.00
2022 04 19 20 26 3.85 0.00 0.00
2022 04 19 20 27 3.62 0.00 0.00
2022 04 19 20 28 3.39 0.00 0.00
2022 04 19 20 29 3.16 0.00 0.00
2022 04 19 20 30 2.93 0.00 0.00
2022 04 19 20 31 2.70 0.00 0.00
2022 04 19 20 32 2.47 0.00 0.00
2022 04 19 20 33 2.24 0.00 0.00
2022 04 19 20 34 2.01 0.00 0.00
2022 04 19 20 35 1.78 0.00 0.00
2022 04 19 20 36 1.55 0.00 0.00
2022 04 19 20 37 1.32 0.00 0.00
2022 04 19 20 38 1.09 0.00 0.00
2022 04 19 20 39 0.86 0.00 0.00
2022 04 19 20 40 0.63 0.00 0.00
2022 04 19 20 41 0.40 0.00 0.00
2022 04 19 20 42 0.17 0.00 0.00
2022 04 19 20 43 -0.06 0.00 0.00
2022 04 19 20 44 -0.29 0.00 0.00
2022 04 19 20 45 -0.52 0.00 0.00
2022 04 19 20 46 -0.75 0.00 0.00
2022 04 19 20 47 -0.98 0.00 0.00
2022 04 19 20 48 -1.21 0.00 0.00
2022 04 19 20 49 -1.44 0.00 0.00
2022 04 19 20 50 -1.67 0.00 0.00
2022 04 19 20 51 -1.90 0.00 0.00
2022 04 19 20 52 -2.13 0.00 0.00
2022 04 19 20 53 -2.36 0.00 0.00
2022 04 19 20 54 -2.59 0.00 0.00
2022 04 19 20 55 -2.82 0.00 0.00
2022 04 19 20 56 -3.05 0.00 0.00
2022 04 19 20 57 -3.28 0.00 0.00
2022 04 19 20 58 -3.51 0.00 0.00
2022 04 19 20 59 -3.74 0.00 0.00
2022 04 19 21 00 -3.97 0.00 0.00
2022 04 19 21 01 -4.20 0.00 0.00
2022 04 19 21 02 -4.43 0.00 0.00
2022 04 19 21 03 -4.66 0.00 0.00
2022 04 19 21 04 -4.89 0.00 0.00
2022 04 19 21 05 -5.12 0.00 0.00
2022 04 19 21 06 -5.35 0.00 0.00
2022 04 19 21 07 -5.58 0.00 0.00
2022 04 19 21 08 -5.81 0.00 0.00
2022 04 19 21 09 -6.04 0.00 0.00
2022 04 19 21 10 -6.27 0.00 0.00
2022 04 19 21 11 -6.50 0.00 0.00
2022 04 19 21 12 -6.73 0.00 0.00
2022 04 19 21 13 -6.96 0.00 0.00
2022 04 19 21 14 -7.19 0.00 0.00
2022 04 19 21 15 -7.42 0.00 0.00
2022 04 19 21 16 -7.65 0.00 0.00
2022 04 19 21 17 -7.88 0.00 0.00
2022 04 19 21 18 -8.11 0.00 0.00
2022 04 19 21 19 -8.34 0.00 0.00
2022 04 19 21 20 -8.57 0.00 0.00
2022 04 19 21 21 -8.80 0.00 0.00
2022 04 19 21 22 -9.03 0.00 0.00
2022 04 19 21 23 -9.26 0.00 0.00
2022 04 19 21 24 -9.48 0.00 0.00
2022 04 19 21 25 -9.71 0.00 0.00
2022 04 19 21 26 -9.94 0.00 0.00
2022 04 19 21 27 -10.17 0.00 0.00
2022 04 19 21 28 -10.40 0.00 0.00
2022 04 19 21 29 -10.63 0.00 0.00
2022 04 19 21 30 -10.86 0.00 0.00
2022 04 19 21 31 -11.09 0.00 0.00
2022 04 19 21 32 -11.32 0.00 0.00
2022 04 19 21 33 -11.55 0.00 0.00
2022 04 19 21 34 -11.78 0.00 0.00
2022 04 19 21 35 -12.00 0.00 0.00
2022 04 19 21 36 -12.23 0.00 0.00
2022 04 19 21 37 -12.46 0.00 0.00
2022 04 19 21 38 -12.69 0.00 0.00
2022 04 19 21 39 -12.92 0.00 0.00
2022 04 19 21 40 -13.15 0.00 0.00
2022 04 19 21 41 -13.38 0.00 0.00
2022 04 19 21 42 -13.60 0.00 0.00
2022 04 19 21 43 -13.83 0.00 0.00
2022 04 19 21 44 -14.06 0.00 0.00
2022 04 19 21 45 -14.29 0.00 0.00
2022 04 19 21 46 -14.52 0.00 0.00
2022 04 19 21 47 -14.75 0.00 0.00
2022 04 19 21 48 -14.97 0.00 0.00
2022 04 19 21 49 -15.20 0.00 0.00
2022 04 19 21 50 -15.43 0.00 0.00
2022 04 19 21 51 -15.66 0.00 0.00
2022 04 19 21 52 -15.89 0.00 0.00
2022 04 19 21 53 -16.11 0.00 0.00
2022 04 19 21 54 -16.34 0.00 0.00
2022 04 19 21 55 -16.57 0.00 0.00
2022 04 19 21 56 -16.80 0.00 0.00
2022 04 19 21 57 -17.02 0.00 0.00
2022 04 19 21 58 -17.25 0.00 0.00
2022 04 19 21 59 -17.48 0.00 0.00
2022 04 19 22 00 -17.71 0.00 0.00
2022 04 19 22 01 -17.93 0.00 0.00
2022 04 19 22 02 -18.16 0.00 0.00
2022 04 19 22 03 -18.39 0.00 0.00
2022 04 19 22 04 -18.61 0.00 0.00
2022 04 19 22 05 -18.84 0.00 0.00
2022 04 19 22 06 -19.07 0.00 0.00
2022 04 19 22 07 -19.30 0.00 0.00
2022 04 19 22 08 -19.52 0.00 0.00
2022 04 19 22 09 -19.75 0.00 0.00
2022 04 19 22 10 -19.98 0.00 0.00
2022 04 19 22 11 -20.20 0.00 0.00
2022 04 19 22 12 -20.43 0.00 0.00
2022 04 19 22 13 -20.65 0.00 0.00
2022 04 19 22 14 -20.88 0.00 0.00
2022 04 19 22 15 -21.11 0.00 0.00
2022 04 19 22 16 -21.33 0.00 0.00
2022 04 19 22 17 -21.56 0.00 0.00
2022 04 19 22 18 -21.78 0.00 0.00
2022 04 19 22 19 -22.01 0.00 0.00
2022 04 19 22 20 -22.24 0.00 0.00
2022 04 19 22 21 -22.46 0.00 0.00
2022 04 19 22 22 -22.69 0.00 0.00
2022 04 19 22 23 -22.91 0.00 0.00
2022 04 19 22 24 -23.14 0.00 0.00
2022 04 19 22 25 -23.36 0.00 0.00
2022 04 19 22 26 -23.59 0.00 0.00
2022 04 19 22 27 -23.81 0.00 0.00
2022 04 19 22 28 -24.04 0.00 0.00
2022 04 19 22 29 -24.26 0.00 0.00
2022 04 19 22 30 -24.49 0.00 0.00
2022 04 19 22 31 -24.71 0.00 0.00
2022 04 19 22 32 -24.94 0.00 0.00
2022 04 19 22 33 -25.16 0.00 0.00
2022 04 19 22 34 -25.39 0.00 0.00
2022 04 19 22 35 -25.61 0.00 0.00
2022 04 19 22 36 -25.83 0.00 0.00
2022 04 19 22 37 -26.06 0.00 0.00
2022 04 19 22 38 -26.28 0.00 0.00
2022 04 19 22 39 -26.50 0.00 0.00
2022 04 19 22 40 -26.73 0.00 0.00
2022 04 19 22 41 -26.95 0.00 0.00
2022 04 19 22 42 -27.17 0.00 0.00
2022 04 19 22 43 -27.40 0.00 0.00
2022 04 19 22 44 -27.62 0.00 0.00
2022 04 19 22 45 -27.84 0.00 0.00
2022 04 19 22 46 -28.07 0.00 0.00
2022 04 19 22 47 -28.29 0.00 0.00
2022 04 19 22 48 -28.51 0.00 0.00
2022 04 19 22 49 -28.73 0.00 0.00
2022 04 19 22 50 -28.96 0.00 0.00
2022 04 19 22 51 -29.18 0.00 0.00
2022 04 19 22 52 -29.40 0.00 0.00
2022 04 19 22 53 -29.62 0.00 0.00
2022 04 19 22 54 -29.84 0.00 0.00
2022 04 19 22 55 -30.07 0.00 0.00
2022 04 19 22 56 -30.29 0.00 0.00
2022 04 19 22 57 -30.51 0.00 0.00
2022 04 19 22 58 -30.73 0.00 0.00
2022 04 19 22 59 -30.95 0.00 0.00
2022 04 19 23 00 -31.17 0.00 0.00
2022 04 19 23 01 -31.39 0.00 0.00
2022 04 19 23 02 -31.61 0.00 0.00
2022 04 19 23 03 -31.83 0.00 0.00
2022 04 19 23 04 -32.05 0.00 0.00
2022 04 19 23 05 -32.27 0.00 0.00
2022 04 19 23 06 -32.49 0.00 0.00
2022 04 19 23 07 -32.71 0.00 0.00
2022 04 19 23 08 -32.93 0.00 0.00
2022 04 19 23 09 -33.15 0.00 0.00
2022 04 19 23 10 -33.37 0.00 0.00
2022 04 19 23 11 -33.59 0.00 0.00
2022 04 19 23 12 -33.81 0.00 0.00
2022 04 19 23 13 -34.02 0.00 0.00
2022 04 19 23 14 -34.24 0.00 0.00
2022 04 19 23 15 -34.46 0.00 0.00
2022 04 19 23 16 -34.68 0.00 0.00
2022 04 19 23 17 -34.90 0.00 0.00
2022 04 19 23 18 -35.11 0.00 0.00
2022 04 19 23 19 -35.33 0.00 0.00
2022 04 19 23 20 -35.55 0.00 0.00
2022 04 19 23 21 -35.77 0.00 0.00
2022 04 19 23 22 -35.98 0.00 0.00
2022 04 19 23 23 -36.20 0.00 0.00
2022 04 19 23 24 -36.41 0.00 0.00
2022 04 19 23 25 -36.63 0.00 0.00
2022 04 19 23 26 -36.85 0.00 0.00
2022 04 19 23 27 -37.06 0.00 0.00
2022 04 19 23 28 -37.28 0.00 0.00
2022 04 19 23 29 -37.49 0.00 0.00
2022 04 19 23 30 -37.71 0.00 0.00
2022 04 19 23 31 -37.92 0.00 0.00
2022 04 19 23 32 -38.14 0.00 0.00
2022 04 19 23 33 -38.35 0.00 0.00
2022 04 19 23 34 -38.56 0.00 0.00
2022 04 19 23 35 -38.78 0.00 0.00
2022 04 19 23 36 -38.99 0.00 0.00
2022 04 19 23 37 -39.20 0.00 0.00
2022 04 19 23 38 -39.42 0.00 0.00
2022 04 19 23 39 -39.63 0.00 0.00
2022 04 19 23 40 -39.84 0.00 0.00
2022 04 19 23 41 -40.05 0.00 0.00
2022 04 19 23 42 -40.27 0.00 0.00
2022 04 19 23 43 -40.48 0.00 0.00
2022 04 19 23 44 -40.69 0.00 0.00
2022 04 19 23 45 -40.90 0.00 0.00
2022 04 19 23 46 -41.11 0.00 0.00
2022 04 19 23 47 -41.32 0.00 0.00
2022 04 19 23 48 -41.53 0.00 0.00
2022 04 19 23 49 -41.74 0.00 0.00
2022 04 19 23 50 -41.95 0.00 0.00
2022 04 19 23 51 -42.16 0.00 0.00
2022 04 19 23 52 -42.37 0.00 0.00
2022 04 19 23 53 -42.58 0.00 0.00
2022 04 19 23 54 -42.79 0.00 0.00
2022 04 19 23 55 -42.99 0.00 0.00
2022 04 19 23 56 -43.20 0.00 0.00
2022 04 19 23 57 -43.41 0.00 0.00
2022 04 19 23 58 -43.62 0.00 0.00
2022 04 19 23 59 -43.82 0.00 0.00
2022 04 20 00 00 -44.03 0.00 0.00
2022 04 20 00 01 -44.23 0.00 0.00
2022 04 20 00 02 -44.44 0.00 0.00
2022 04 20 00 03 -44.64 0.00 0.00
2022 04 20 00 04 -44.85 0.00 0.00
2022 04 20 00 05 -45.05 0.00 0.00
2022 04 20 00 06 -45.26 0.00 0.00
2022 04 20 00 07 -45.46 0.00 0.00
2022 04 20 00 08 -45.66 0.00 0.00
2022 04 20 00 09 -45.87 0.00 0.00
2022 04 20 00 10 -46.07 0.00 0.00
2022 04 20 00 11 -46.27 0.00 0.00
2022 04 20 00 12 -46.47 0.00 0.00
2022 04 20 00 13 -46.67 0.00 0.00
2022 04 20 00 14 -46.87 0.00 0.00
2022 04 20 00 15 -47.08 0.00 0.00
2022 04 20 00 16 -47.28 0.00 0.00
2022 04 20 00 17 -47.47 0.00 0.00
2022 04 20 00 18 -47.67 0.00 0.00
2022 04 20 00 19 -47.87 0.00 0.00
2022 04 20 00 20 -48.07 0.00 0.00
2022 04 20 00 21 -48.27 0.00 0.00
2022 04 20 00 22 -48.46 0.00 0.00
2022 04 20 00 23 -48.66 0.00 0.00
2022 04 20 00 24 -48.86 0.00 0.00
2022 04 20 00 25 -49.05 0.00 0.00
2022 04 20 00 26 -49.25 0.00 0.00
2022 04 20 00 27 -49.44 0.00 0.00
2022 04 20 00 28 -49.64 0.00 0.00
2022 04 20 00 29 -49.83 0.00 0.00
2022 04 20 00 30 -50.02 0.00 0.00
2022 04 20 00 31 -50.21 0.00 0.00
2022 04 20 00 32 -50.41 0.00 0.00
2022 04 20 00 33 -50.60 0.00 0.00
2022 04 20 00 34 -50.79 0.00 0.00
2022 04 20 00 35 -50.98 0.00 0.00
2022 04 20 00 36 -51.17 0.00 0.00
2022 04 20 00 37 -51.36 0.00 0.00
2022 04 20 00 38 -51.55 0.00 0.00
2022 04 20 00 39 -51.73 0.00 0.00
2022 04 20 00 40 -51.92 0.00 0.00
2022 04 20 00 41 -52.11 0.00 0.00
2022 04 20 00 42 -52.29 0.00 0.00
2022 04 20 00 43 -52.48 0.00 0.00
2022 04 20 00 44 -52.66 0.00 0.00
2022 04 20 00 45 -52.85 0.00 0.00
2022 04 20 00 46 -53.03 0.00 0.00
2022 04 20 00 47 -53.21 0.00 0.00
2022 04 20 00 48 -53.39 0.00 0.00
2022 04 20 00 49 -53.57 0.00 0.00
2022 04 20 00 50 -53.75 0.00 0.00
2022 04 20 00 51 -53.93 0.00 0.00
2022 04 20 00 52 -54.11 0.00 0.00
2022 04 20 00 53 -54.29 0.00 0.00
2022 04 20 00 54 -54.47 0.00 0.00
2022 04 20 00 55 -54.64 0.00 0.00
2022 04 20 00 56 -54.82 0.00 0.00
2022 04 20 00 57 -54.99 0.00 0.00
2022 04 20 00 58 -55.17 0.00 0.00
2022 04 20 00 59 -55.34 0.00 0.00
2022 04 20 01 00 -55.51 0.00 0.00
2022 04 20 01 01 -55.68 0.00 0.00
2022 04 20 01 02 -55.86 0.00 0.00
2022 04 20 01 03 -56.03 0.00 0.00
2022 04 20 01 04 -56.19 0.00 0.00
2022 04 20 01 05 -56.36 0.00 0.00
2022 04 20 01 06 -56.53 0.00 0.00
2022 04 20 01 07 -56.69 0.00 0.00
2022 04 20 01 08 -56.86 0.00 0.00
2022 04 20 01 09 -57.02 0.00 0.00
2022 04 20 01 10 -57.19 0.00 0.00
2022 04 20 01 11 -57.35 0.00 0.00
2022 04 20 01 12 -57.51 0.00 0.00
2022 04 20 01 13 -57.67 0.00 0.00
2022 04 20 01 14 -57.83 0.00 0.00
2022 04 20 01 15 -57.99 0.00 0.00
2022 04 20 01 16 -58.14 0.00 0.00
2022 04 20 01 17 -58.30 0.00 0.00
2022 04 20 01 18 -58.45 0.00 0.00
2022 04 20 01 19 -58.61 0.00 0.00
2022 04 20 01 20 -58.76 0.00 0.00
2022 04 20 01 21 -58.91 0.00 0.00
2022 04 20 01 22 -59.06 0.00 0.00
2022 04 20 01 23 -59.21 0.00 0.00
2022 04 20 01 24 -59.36 0.00 0.00
2022 04 20 01 25 -59.50 0.00 0.00
2022 04 20 01 26 -59.65 0.00 0.00
2022 04 20 01 27 -59.79 0.00 0.00
2022 04 20 01 28 -59.93 0.00 0.00
2022 04 20 01 29 -60.08 0.00 0.00
2022 04 20 01 30 -60.22 0.00 0.00
2022 04 20 01 31 -60.35 0.00 0.00
2022 04 20 01 32 -60.49 0.00 0.00
2022 04 20 01 33 -60.63 0.00 0.00
2022 04 20 01 34 -60.76 0.00 0.00
2022 04 20 01 35 -60.89 0.00 0.00
2022 04 20 01 36 -61.03 0.00 0.00
2022 04 20 01 37 -61.16 0.00 0.00
2022 04 20 01 38 -61.28 0.00 0.00
2022 04 20 01 39 -61.41 0.00 0.00
2022 04 20 01 40 -61.54 0.00 0.00
2022 04 20 01 41 -61.66 0.00 0.00
2022 04 20 01 42 -61.78 0.00 0.00
2022 04 20 01 43 -61.90 0.00 0.00
2022 04 20 01 44 -62.02 0.00 0.00
2022 04 20 01 45 -62.14 0.00 0.00
2022 04 20 01 46 -62.26 0.00 0.00
2022 04 20 01 47 -62.37 0.00 0.00
2022 04 20 01 48 -62.48 0.00 0.00
2022 04 20 01 49 -62.60 0.00 0.00
2022 04 20 01 50 -62.71 0.00 0.00
2022 04 20 01 51 -62.81 0.00 0.00
2022 04 20 01 52 -62.92 0.00 0.00
2022 04 20 01 53 -63.02 0.00 0.00
2022 04 20 01 54 -63.12 0.00 0.00
2022 04 20 01 55 -63.22 0.00 0.00
2022 04 20 01 56 -63.32 0.00 0.00
2022 04 20 01 57 -63.42 0.00 0.00
2022 04 20 01 58 -63.51 0.00 0.00
2022 04 20 01 59 -63.61 0.00 0.00
2022 04 20 02 00 -63.70 0.00 0.00
2022 04 20 02 01 -63.79 0.00 0.00
2022 04 20 02 02 -63.87 0.00 0.00
2022 04 20 02 03 -63.96 0.00 0.00
2022 04 20 02 04 -64.04 0.00 0.00
2022 04 20 02 05 -64.12 0.00 0.00
2022 04 20 02 06 -64.20 0.00 0.00
2022 04 20 02 07 -64.28 0.00 0.00
2022 04 20 02 08 -64.35 0.00 0.00
2022 04 20 02 09 -64.43 0.00 0.00
2022 04 20 02 10 -64.50 0.00 0.00
2022 04 20 02 11 -64.56 0.00 0.00
2022 04 20 02 12 -64.63 0.00 0.00
2022 04 20 02 13 -64.69 0.00 0.00
2022 04 20 02 14 -64.76 0.00 0.00
2022 04 20 02 15 -64.82 0.00 0.00
2022 04 20 02 16 -64.87 0.00 0.00
2022 04 20 02 17 -64.93 0.00 0.00
2022 04 20 02 18 -64.98 0.00 0.00
2022 04 20 02 19 -65.03 0.00 0.00
2022 04 20 02 20 -65.08 0.00 0.00
2022 04 20 02 21 -65.13 0.00 0.00
2022 04 20 02 22 -65.17 0.00 0.00
2022 04 20 02 23 -65.21 0.00 0.00
2022 04 20 02 24 -65.25 0.00 0.00
2022 04 20 02 25 -65.29 0.00 0.00
2022 04 20 02 26 -65.32 0.00 0.00
2022 04 20 02 27 -65.35 0.00 0.00
2022 04 20 02 28 -65.38 0.00 0.00
2022 04 20 02 29 -65.41 0.00 0.00
2022 04 20 02 30 -65.43 0.00 0.00
2022 04 20 02 31 -65.46 0.00 0.00
2022 04 20 02 32 -65.48 0.00 0.00
2022 04 20 02 33 -65.49 0.00 0.00
2022 04 20 02 34 -65.51 0.00 0.00
2022 04 20 02 35 -65.52 0.00 0.00
2022 04 20 02 36 -65.53 0.00 0.00
2022 04 20 02 37 -65.54 0.00 0.00
2022 04 20 02 38 -65.54 0.00 0.00
2022 04 20 02 39 -65.55 0.00 0.00
2022 04 20 02 40 -65.55 0.00 0.00
2022 04 20 02 41 -65.55 0.00 0.00
2022 04 20 02 42 -65.54 0.00 0.00
2022 04 20 02 43 -65.54 0.00 0.00
2022 04 20 02 44 -65.53 0.00 0.00
2022 04 20 02 45 -65.51 0.00 0.00
2022 04 20 02 46 -65.50 0.00 0.00
2022 04 20 02 47 -65.48 0.00 0.00
2022 04 20 02 48 -65.47 0.00 0.00
2022 04 20 02 49 -65.44 0.00 0.00
2022 04 20 02 50 -65.42 0.00 0.00
2022 04 20 02 51 -65.39 0.00 0.00
2022 04 20 02 52 -65.37 0.00 0.00
2022 04 20 02 53 -65.34 0.00 0.00
2022 04 20 02 54 -65.30 0.00 0.00
2022 04 20 02 55 -65.27 0.00 0.00
2022 04 20 02 56 -65.23 0.00 0.00
2022 04 20 02 57 -65.19 0.00 0.00
2022 04 20 02 58 -65.15 0.00 0.00
2022 04 20 02 59 -65.10 0.00 0.00
2022 04 20 03 00 -65.05 0.00 0.00
2022 04 20 03 01 -65.00 0.00 0.00
2022 04 20 03 02 -64.95 0.00 0.00
2022 04 20 03 03 -64.90 0.00 0.00
2022 04 20 03 04 -64.84 0.00 0.00
2022 04 20 03 05 -64.78 0.00 0.00
2022 04 20 03 06 -64.72 0.00 0.00
2022 04 20 03 07 -64.66 0.00 0.00
2022 04 20 03 08 -64.59 0.00 0.00
2022 04 20 03 09 -64.53 0.00 0.00
2022 04 20 03 10 -64.46 0.00 0.00
2022 04 20 03 11 -64.39 0.00 0.00
2022 04 20 03 12 -64.31 0.00 0.00
2022 04 20 03 13 -64.24 0.00 0.00
2022 04 20 03 14 -64.16 0.00 0.00
2022 04 20 03 15 -64.08 0.00 0.00
2022 04 20 03 16 -64.00 0.00 0.00
2022 04 20 03 17 -63.91 0.00 0.00
2022 04 20 03 18 -63.83 0.00 0.00
2022 04 20 03 19 -63.74 0.00 0.00
2022 04 20 03 20 -63.65 0.00 0.00
2022 04 20 03 21 -63.56 0.00 0.00
2022 04 20 03 22 -63.46 0.00 0.00
2022 04 20 03 23 -63.37 0.00 0.00
2022 04 20 03 24 -63.27 0.00 0.00
2022 04 20 03 25 -63.17 0.00 0.00
2022 04 20 03 26 -63.07 0.00 0.00
2022 04 20 03 27 -62.97 0.00 0.00
2022 04 20 03 28 -62.86 0.00 0.00
2022 04 20 03 29 -62.75 0.00 0.00
2022 04 20 03 30 -62.65 0.00 0.00
2022 04 20 03 31 -62.54 0.00 0.00
2022 04 20 03 32 -62.42 0.00 0.00
2022 04 20 03 33 -62.31 0.00 0.00
2022 04 20 03 34 -62.19 0.00 0.00
2022 04 20 03 35 -62.08 0.00 0.00
2022 04 20 03 36 -61.96 0.00 0.00
2022 04 20 03 37 -61.84 0.00 0.00
2022 04 20 03 38 -61.72 0.00 0.00
2022 04 20 03 39 -61.59 0.00 0.00
2022 04 20 03 40 -61.47 0.00 0.00
2022 04 20 03 41 -61.34 0.00 0.00
2022 04 20 03 42 -61.21 0.00 0.00
2022 04 20 03 43 -61.09 0.00 0.00
2022 04 20 03 44 -60.95 0.00 0.00
2022 04 20 03 45 -60.82 0.00 0.00
2022 04 20 03 46 -60.69 0.00 0.00
2022 04 20 03 47 -60.55 0.00 0.00
2022 04 20 03 48 -60.42 0.00 0.00
2022 04 20 03 49 -60.28 0.00 0.00
2022 04 20 03 50 -60.14 0.00 0.00
2022 04 20 03 51 -60.00 0.00 0.00
2022 04 20 03 52 -59.86 0.00 0.00
2022 04 20 03 53 -59.71 0.00 0.00
2022 04 20 03 54 -59.57 0.00 0.00
2022 04 20 03 55 -59.42 0.00 0.00
2022 04 20 03 56 -59.28 0.00 0.00
2022 04 20 03 57 -59.13 0.00 0.00
2022 04 20 03 58 -58.98 0.00 0.00
2022 04 20 03 59 -58.83 0.00 0.00
2022 04 20 04 00 -58.68 0.00 0.00
2022 04 20 04 01 -58.52 0.00 0.00
2022 04 20 04 02 -58.37 0.00 0.00
2022 04 20 04 03 -58.21 0.00 0.00
2022 04 20 04 04 -58.06 0.00 0.00
2022 04 20 04 05 -57.90 0.00 0.00
2022 04 20 04 06 -57.74 0.00 0.00
2022 04 20 04 07 -57.58 0.00 0.00
2022 04 20 04 08 -57.42 0.00 0.00
2022 04 20 04 09 -57.26 0.00 0.00
2022 04 20 04 10 -57.10 0.00 0.00
2022 04 20 04 11 -56.93 0.00 0.00
2022 04 20 04 12 -56.77 0.00 0.00
2022 04 20 04 13 -56.60 0.00 0.00
2022 04 20 04 14 -56.44 0.00 0.00
2022 04 20 04 15 -56.27 0.00 0.00
2022 04 20 04 16 -56.10 0.00 0.00
2022 04 20 04 17 -55.93 0.00 0.00
2022 04 20 04 18 -55.76 0.00 0.00
2022 04 20 04 19 -55.59 0.00 0.00
2022 04 20 04 20 -55.42 0.00 0.00
2022 04 20 04 21 -55.25 0.00 0.00
2022 04 20 04 22 -55.07 0.00 0.00
2022 04 20 04 23 -54.90 0.00 0.00
2022 04 20 04 24 -54.72 0.00 0.00
2022 04 20 04 25 -54.55 0.00 0.00
2022 04 20 04 26 -54.37 0.00 0.00
2022 04 20 04 27 -54.19 0.00 0.00
2022 04 20 04 28 -54.01 0.00 0.00
2022 04 20 04 29 -53.84 0.00 0.00
2022 04 20 04 30 -53.66 0.00 0.00
2022 04 20 04 31 -53.48 0.00 0.00
2022 04 20 04 32 -53.29 0.00 0.00
2022 04 20 04 33 -53.11 0.00 0.00
2022 04 20 04 34 -52.93 0.00 0.00
2022 04 20 04 35 -52.75 0.00 0.00
2022 04 20 04 36 -52.56 0.00 0.00
2022 04 20 04 37 -52.38 0.00 0.00
2022 04 20 04 38 -52.19 0.00 0.00
2022 04 20 04 39 -52.01 0.00 0.00
2022 04 20 04 40 -51.82 0.00 0.00
2022 04 20 04 41 -51.63 0.00 0.00
2022 04 20 04 42 -51.44 0.00 0.00
2022 04 20 04 43 -51.25 0.00 0.00
2022 04 20 04 44 -51.07 0.00 0.00
2022 04 20 04 45 -50.88 0.00 0.00
2022 04 20 04 46 -50.68 0.00 0.00
2022 04 20 04 47 -50.49 0.00 0.00
2022 04 20 04 48 -50.30 0.00 0.00
2022 04 20 04 49 -50.11 0.00 0.00
2022 04 20 04 50 -49.92 0.00 0.00
2022 04 20 04 51 -49.72 0.00 0.00
2022 04 20 04 52 -49.53 0.00 0.00
2022 04 20 04 53 -49.34 0.00 0.00
2022 04 20 04 54 -49.14 0.00 0.00
2022 04 20 04 55 -48.95 0.00 0.00
2022 04 20 04 56 -48.75 0.00 0.00
2022 04 20 04 57 -48.55 0.00 0.00
2022 04 20 04 58 -48.36 0.00 0.00
2022 04 20 04 59 -48.16 0.00 0.00
