2022 04 20 17 00 48.97 0.00 0.00
2022 04 20 17 01 48.77 0.00 0.00
2022 04 20 17 02 48.56 0.00 0.00
2022 04 20 17 03 48.36 0.00 0.00
2022 04 20 17 04 48.15 0.00 0.00
2022 04 20 17 05 47.94 0.00 0.00
2022 04 20 17 06 47.74 0.00 0.00
2022 04 20 17 07 47.53 0.00 0.00
2022 04 20 17 08 47.32 0.00 0.00
2022 04 20 17 09 47.12 0.00 0.00
2022 04 20 17 10 46.91 0.00 0.00
2022 04 20 17 11 46.70 0.00 0.00
2022 04 20 17 12 46.49 0.00 0.00
2022 04 20 17 13 46.28 0.00 0.00
2022 04 20 17 14 46.07 0.00 0.00
2022 04 20 17 15 45.86 0.00 0.00
2022 04 20 17 16 45.65 0.00 0.00
2022 04 20 17 17 45.44 91.21 0.00
2022 04 20 17 18 45.23 91.05 0.00
2022 04 20 17 19 45.02 90.89 0.00
2022 04 20 17 20 44.81 90.72 0.00
2022 04 20 17 21 44.60 90.56 0.00
2022 04 20 17 22 44.38 90.40 0.00
2022 04 20 17 23 44.17 90.24 0.00
2022 04 20 17 24 43.96 90.08 0.00
2022 04 20 17 25 43.75 89.92 0.00
2022 04 20 17 26 43.53 89.77 0.00
2022 04 20 17 27 43.32 89.61 0.00
2022 04 20 17 28 43.11 89.45 0.00
2022 04 20 17 29 42.89 89.30 0.00
2022 04 20 17 30 42.68 89.14 0.00
2022 04 20 17 31 42.46 88.99 0.00
2022 04 20 17 32 42.25 88.84 0.00
2022 04 20 17 33 42.03 88.68 0.00
2022 04 20 17 34 41.82 88.53 0.00
2022 04 20 17 35 41.60 88.38 0.00
2022 04 20 17 36 41.39 88.23 0.00
2022 04 20 17 37 41.17 88.08 0.00
2022 04 20 17 38 40.96 87.94 0.00
2022 04 20 17 39 40.74 87.79 0.00
2022 04 20 17 40 40.52 87.64 0.00
2022 04 20 17 41 40.31 87.50 0.00
2022 04 20 17 42 40.09 87.36 0.00
2022 04 20 17 43 39.87 87.21 0.00
2022 04 20 17 44 39.65 87.07 0.00
2022 04 20 17 45 39.44 86.93 0.00
2022 04 20 17 46 39.22 86.79 0.00
2022 04 20 17 47 39.00 86.65 0.00
2022 04 20 17 48 38.78 86.52 0.00
2022 04 20 17 49 38.56 86.38 0.00
2022 04 20 17 50 38.35 86.25 0.00
2022 04 20 17 51 38.13 86.11 0.00
2022 04 20 17 52 37.91 85.98 0.00
2022 04 20 17 53 37.69 85.85 0.00
2022 04 20 17 54 37.47 85.72 0.00
2022 04 20 17 55 37.25 85.59 0.00
2022 04 20 17 56 37.03 85.46 0.00
2022 04 20 17 57 36.81 85.33 0.00
2022 04 20 17 58 36.59 85.21 0.00
2022 04 20 17 59 36.37 85.08 0.00
2022 04 20 18 00 36.15 84.96 0.00
2022 04 20 18 01 35.93 84.84 0.00
2022 04 20 18 02 35.71 84.72 0.00
2022 04 20 18 03 35.49 84.60 0.00
2022 04 20 18 04 35.26 84.48 0.00
2022 04 20 18 05 35.04 84.37 0.00
2022 04 20 18 06 34.82 84.25 0.00
2022 04 20 18 07 34.60 84.14 0.00
2022 04 20 18 08 34.38 84.03 0.00
2022 04 20 18 09 34.16 83.92 0.00
2022 04 20 18 10 33.93 83.81 0.00
2022 04 20 18 11 33.71 83.70 0.00
2022 04 20 18 12 33.49 83.60 0.00
2022 04 20 18 13 33.27 83.49 0.00
2022 04 20 18 14 33.04 83.39 0.00
2022 04 20 18 15 32.82 83.29 0.00
2022 04 20 18 16 32.60 83.19 0.00
2022 04 20 18 17 32.37 83.09 0.00
2022 04 20 18 18 32.15 82.99 0.00
2022 04 20 18 19 31.93 82.90 0.00
2022 04 20 18 20 31.70 82.80 0.00
2022 04 20 18 21 31.48 82.71 0.00
2022 04 20 18 22 31.26 82.62 0.00
2022 04 20 18 23 31.03 82.53 0.00
2022 04 20 18 24 30.81 82.44 0.00
2022 04 20 18 25 30.58 82.36 0.00
2022 04 20 18 26 30.36 82.28 0.00
2022 04 20 18 27 30.14 82.19 0.00
2022 04 20 18 28 29.91 82.11 0.00
2022 04 20 18 29 29.69 82.03 0.00
2022 04 20 18 30 29.46 81.96 0.00
2022 04 20 18 31 29.24 81.88 0.00
2022 04 20 18 32 29.01 81.81 0.00
2022 04 20 18 33 28.79 81.73 0.00
2022 04 20 18 34 28.56 81.66 0.00
2022 04 20 18 35 28.34 81.60 0.00
2022 04 20 18 36 28.11 81.53 0.00
2022 04 20 18 37 27.89 81.46 0.00
2022 04 20 18 38 27.66 81.40 0.00
2022 04 20 18 39 27.44 81.34 0.00
2022 04 20 18 40 27.21 81.28 0.00
2022 04 20 18 41 26.98 81.22 0.00
2022 04 20 18 42 26.76 81.17 0.00
2022 04 20 18 43 26.53 81.11 0.00
2022 04 20 18 44 26.31 81.06 0.00
2022 04 20 18 45 26.08 81.01 0.00
2022 04 20 18 46 25.85 80.96 0.00
2022 04 20 18 47 25.63 80.91 0.00
2022 04 20 18 48 25.40 80.87 0.00
2022 04 20 18 49 25.17 80.82 0.00
2022 04 20 18 50 24.95 80.78 0.00
2022 04 20 18 51 24.72 80.74 0.00
2022 04 20 18 52 24.49 80.71 0.00
2022 04 20 18 53 24.27 80.67 0.00
2022 04 20 18 54 24.04 80.64 0.00
2022 04 20 18 55 23.81 80.60 0.00
2022 04 20 18 56 23.58 80.57 0.00
2022 04 20 18 57 23.36 80.55 0.00
2022 04 20 18 58 23.13 80.52 0.00
2022 04 20 18 59 22.90 80.50 0.00
2022 04 20 19 00 22.68 80.47 0.00
2022 04 20 19 01 22.45 80.45 0.00
2022 04 20 19 02 22.22 80.44 0.00
2022 04 20 19 03 21.99 80.42 0.00
2022 04 20 19 04 21.76 80.40 0.00
2022 04 20 19 05 21.54 80.39 0.00
2022 04 20 19 06 21.31 80.38 0.00
2022 04 20 19 07 21.08 80.37 0.00
2022 04 20 19 08 20.85 80.37 0.00
2022 04 20 19 09 20.63 80.36 0.00
2022 04 20 19 10 20.40 80.36 0.00
2022 04 20 19 11 20.17 80.36 0.00
2022 04 20 19 12 19.94 80.36 0.00
2022 04 20 19 13 19.71 80.36 0.00
2022 04 20 19 14 19.48 80.36 0.00
2022 04 20 19 15 19.26 80.37 0.00
2022 04 20 19 16 19.03 80.38 0.00
2022 04 20 19 17 18.80 80.39 0.00
2022 04 20 19 18 18.57 80.40 0.00
2022 04 20 19 19 18.34 80.42 0.00
2022 04 20 19 20 18.11 80.43 0.00
2022 04 20 19 21 17.88 80.45 0.00
2022 04 20 19 22 17.66 80.47 0.00
2022 04 20 19 23 17.43 80.49 0.00
2022 04 20 19 24 17.20 80.52 0.00
2022 04 20 19 25 16.97 80.54 0.00
2022 04 20 19 26 16.74 80.57 0.00
2022 04 20 19 27 16.51 80.60 0.00
2022 04 20 19 28 16.28 80.63 0.00
2022 04 20 19 29 16.05 80.67 0.00
2022 04 20 19 30 15.82 80.70 0.00
2022 04 20 19 31 15.59 80.74 0.00
2022 04 20 19 32 15.36 80.78 0.00
2022 04 20 19 33 15.14 80.82 0.00
2022 04 20 19 34 14.91 80.86 0.00
2022 04 20 19 35 14.68 80.91 0.00
2022 04 20 19 36 14.45 80.96 0.00
2022 04 20 19 37 14.22 81.00 0.00
2022 04 20 19 38 13.99 81.05 0.00
2022 04 20 19 39 13.76 81.11 0.00
2022 04 20 19 40 13.53 81.16 0.00
2022 04 20 19 41 13.30 81.22 0.00
2022 04 20 19 42 13.07 81.27 0.00
2022 04 20 19 43 12.84 81.33 0.00
2022 04 20 19 44 12.61 81.40 0.00
2022 04 20 19 45 12.38 81.46 0.00
2022 04 20 19 46 12.15 81.52 0.00
2022 04 20 19 47 11.92 81.59 0.00
2022 04 20 19 48 11.69 81.66 0.00
2022 04 20 19 49 11.46 81.73 0.00
2022 04 20 19 50 11.23 81.80 0.00
2022 04 20 19 51 11.00 81.87 0.00
2022 04 20 19 52 10.77 81.95 0.00
2022 04 20 19 53 10.54 82.03 0.00
2022 04 20 19 54 10.31 82.11 10.46
2022 04 20 19 55 10.08 82.19 10.41
2022 04 20 19 56 9.85 0.00 0.00
2022 04 20 19 57 9.62 0.00 0.00
2022 04 20 19 58 9.39 0.00 0.00
2022 04 20 19 59 9.16 0.00 0.00
2022 04 20 20 00 8.93 0.00 0.00
2022 04 20 20 01 8.70 0.00 0.00
2022 04 20 20 02 8.47 0.00 0.00
2022 04 20 20 03 8.24 0.00 0.00
2022 04 20 20 04 8.01 0.00 0.00
2022 04 20 20 05 7.78 0.00 0.00
2022 04 20 20 06 7.55 0.00 0.00
2022 04 20 20 07 7.32 0.00 0.00
2022 04 20 20 08 7.09 0.00 0.00
2022 04 20 20 09 6.86 0.00 0.00
2022 04 20 20 10 6.63 0.00 0.00
2022 04 20 20 11 6.40 0.00 0.00
2022 04 20 20 12 6.17 0.00 0.00
2022 04 20 20 13 5.94 0.00 0.00
2022 04 20 20 14 5.71 0.00 0.00
2022 04 20 20 15 5.48 0.00 0.00
2022 04 20 20 16 5.25 0.00 0.00
2022 04 20 20 17 5.02 0.00 0.00
2022 04 20 20 18 4.79 0.00 0.00
2022 04 20 20 19 4.56 0.00 0.00
2022 04 20 20 20 4.33 0.00 0.00
2022 04 20 20 21 4.10 0.00 0.00
2022 04 20 20 22 3.87 0.00 0.00
2022 04 20 20 23 3.64 0.00 0.00
2022 04 20 20 24 3.41 0.00 0.00
2022 04 20 20 25 3.18 0.00 0.00
2022 04 20 20 26 2.95 0.00 0.00
2022 04 20 20 27 2.72 0.00 0.00
2022 04 20 20 28 2.49 0.00 0.00
2022 04 20 20 29 2.26 0.00 0.00
2022 04 20 20 30 2.03 0.00 0.00
2022 04 20 20 31 1.80 0.00 0.00
2022 04 20 20 32 1.57 0.00 0.00
2022 04 20 20 33 1.34 0.00 0.00
2022 04 20 20 34 1.11 0.00 0.00
2022 04 20 20 35 0.88 0.00 0.00
2022 04 20 20 36 0.65 0.00 0.00
2022 04 20 20 37 0.41 0.00 0.00
2022 04 20 20 38 0.18 0.00 0.00
2022 04 20 20 39 -0.05 0.00 0.00
2022 04 20 20 40 -0.28 0.00 0.00
2022 04 20 20 41 -0.51 0.00 0.00
2022 04 20 20 42 -0.74 0.00 0.00
2022 04 20 20 43 -0.97 0.00 0.00
2022 04 20 20 44 -1.20 0.00 0.00
2022 04 20 20 45 -1.43 0.00 0.00
2022 04 20 20 46 -1.66 0.00 0.00
2022 04 20 20 47 -1.89 0.00 0.00
2022 04 20 20 48 -2.12 0.00 0.00
2022 04 20 20 49 -2.35 0.00 0.00
2022 04 20 20 50 -2.58 0.00 0.00
2022 04 20 20 51 -2.81 0.00 0.00
2022 04 20 20 52 -3.04 0.00 0.00
2022 04 20 20 53 -3.27 0.00 0.00
2022 04 20 20 54 -3.50 0.00 0.00
2022 04 20 20 55 -3.73 0.00 0.00
2022 04 20 20 56 -3.96 0.00 0.00
2022 04 20 20 57 -4.19 0.00 0.00
2022 04 20 20 58 -4.42 0.00 0.00
2022 04 20 20 59 -4.65 0.00 0.00
2022 04 20 21 00 -4.88 0.00 0.00
2022 04 20 21 01 -5.11 0.00 0.00
2022 04 20 21 02 -5.34 0.00 0.00
2022 04 20 21 03 -5.57 0.00 0.00
2022 04 20 21 04 -5.80 0.00 0.00
2022 04 20 21 05 -6.03 0.00 0.00
2022 04 20 21 06 -6.26 0.00 0.00
2022 04 20 21 07 -6.49 0.00 0.00
2022 04 20 21 08 -6.72 0.00 0.00
2022 04 20 21 09 -6.95 0.00 0.00
2022 04 20 21 10 -7.17 0.00 0.00
2022 04 20 21 11 -7.40 0.00 0.00
2022 04 20 21 12 -7.63 0.00 0.00
2022 04 20 21 13 -7.86 0.00 0.00
2022 04 20 21 14 -8.09 0.00 0.00
2022 04 20 21 15 -8.32 0.00 0.00
2022 04 20 21 16 -8.55 0.00 0.00
2022 04 20 21 17 -8.78 0.00 0.00
2022 04 20 21 18 -9.01 0.00 0.00
2022 04 20 21 19 -9.24 0.00 0.00
2022 04 20 21 20 -9.47 0.00 0.00
2022 04 20 21 21 -9.70 0.00 0.00
2022 04 20 21 22 -9.93 0.00 0.00
2022 04 20 21 23 -10.16 0.00 0.00
2022 04 20 21 24 -10.39 0.00 0.00
2022 04 20 21 25 -10.62 0.00 0.00
2022 04 20 21 26 -10.84 0.00 0.00
2022 04 20 21 27 -11.07 0.00 0.00
2022 04 20 21 28 -11.30 0.00 0.00
2022 04 20 21 29 -11.53 0.00 0.00
2022 04 20 21 30 -11.76 0.00 0.00
2022 04 20 21 31 -11.99 0.00 0.00
2022 04 20 21 32 -12.22 0.00 0.00
2022 04 20 21 33 -12.45 0.00 0.00
2022 04 20 21 34 -12.67 0.00 0.00
2022 04 20 21 35 -12.90 0.00 0.00
2022 04 20 21 36 -13.13 0.00 0.00
2022 04 20 21 37 -13.36 0.00 0.00
2022 04 20 21 38 -13.59 0.00 0.00
2022 04 20 21 39 -13.82 0.00 0.00
2022 04 20 21 40 -14.05 0.00 0.00
2022 04 20 21 41 -14.27 0.00 0.00
2022 04 20 21 42 -14.50 0.00 0.00
2022 04 20 21 43 -14.73 0.00 0.00
2022 04 20 21 44 -14.96 0.00 0.00
2022 04 20 21 45 -15.19 0.00 0.00
2022 04 20 21 46 -15.41 0.00 0.00
2022 04 20 21 47 -15.64 0.00 0.00
2022 04 20 21 48 -15.87 0.00 0.00
2022 04 20 21 49 -16.10 0.00 0.00
2022 04 20 21 50 -16.33 0.00 0.00
2022 04 20 21 51 -16.55 0.00 0.00
2022 04 20 21 52 -16.78 0.00 0.00
2022 04 20 21 53 -17.01 0.00 0.00
2022 04 20 21 54 -17.24 0.00 0.00
2022 04 20 21 55 -17.46 0.00 0.00
2022 04 20 21 56 -17.69 0.00 0.00
2022 04 20 21 57 -17.92 0.00 0.00
2022 04 20 21 58 -18.15 0.00 0.00
2022 04 20 21 59 -18.37 0.00 0.00
2022 04 20 22 00 -18.60 0.00 0.00
2022 04 20 22 01 -18.83 0.00 0.00
2022 04 20 22 02 -19.05 0.00 0.00
2022 04 20 22 03 -19.28 0.00 0.00
2022 04 20 22 04 -19.51 0.00 0.00
2022 04 20 22 05 -19.73 0.00 0.00
2022 04 20 22 06 -19.96 0.00 0.00
2022 04 20 22 07 -20.19 0.00 0.00
2022 04 20 22 08 -20.41 0.00 0.00
2022 04 20 22 09 -20.64 0.00 0.00
2022 04 20 22 10 -20.87 0.00 0.00
2022 04 20 22 11 -21.09 0.00 0.00
2022 04 20 22 12 -21.32 0.00 0.00
2022 04 20 22 13 -21.54 0.00 0.00
2022 04 20 22 14 -21.77 0.00 0.00
2022 04 20 22 15 -22.00 0.00 0.00
2022 04 20 22 16 -22.22 0.00 0.00
2022 04 20 22 17 -22.45 0.00 0.00
2022 04 20 22 18 -22.67 0.00 0.00
2022 04 20 22 19 -22.90 0.00 0.00
2022 04 20 22 20 -23.12 0.00 0.00
2022 04 20 22 21 -23.35 0.00 0.00
2022 04 20 22 22 -23.57 0.00 0.00
2022 04 20 22 23 -23.80 0.00 0.00
2022 04 20 22 24 -24.02 0.00 0.00
2022 04 20 22 25 -24.25 0.00 0.00
2022 04 20 22 26 -24.47 0.00 0.00
2022 04 20 22 27 -24.70 0.00 0.00
2022 04 20 22 28 -24.92 0.00 0.00
2022 04 20 22 29 -25.15 0.00 0.00
2022 04 20 22 30 -25.37 0.00 0.00
2022 04 20 22 31 -25.59 0.00 0.00
2022 04 20 22 32 -25.82 0.00 0.00
2022 04 20 22 33 -26.04 0.00 0.00
2022 04 20 22 34 -26.27 0.00 0.00
2022 04 20 22 35 -26.49 0.00 0.00
2022 04 20 22 36 -26.71 0.00 0.00
2022 04 20 22 37 -26.94 0.00 0.00
2022 04 20 22 38 -27.16 0.00 0.00
2022 04 20 22 39 -27.38 0.00 0.00
2022 04 20 22 40 -27.61 0.00 0.00
2022 04 20 22 41 -27.83 0.00 0.00
2022 04 20 22 42 -28.05 0.00 0.00
2022 04 20 22 43 -28.27 0.00 0.00
2022 04 20 22 44 -28.50 0.00 0.00
2022 04 20 22 45 -28.72 0.00 0.00
2022 04 20 22 46 -28.94 0.00 0.00
2022 04 20 22 47 -29.16 0.00 0.00
2022 04 20 22 48 -29.39 0.00 0.00
2022 04 20 22 49 -29.61 0.00 0.00
2022 04 20 22 50 -29.83 0.00 0.00
2022 04 20 22 51 -30.05 0.00 0.00
2022 04 20 22 52 -30.27 0.00 0.00
2022 04 20 22 53 -30.49 0.00 0.00
2022 04 20 22 54 -30.71 0.00 0.00
2022 04 20 22 55 -30.93 0.00 0.00
2022 04 20 22 56 -31.16 0.00 0.00
2022 04 20 22 57 -31.38 0.00 0.00
2022 04 20 22 58 -31.60 0.00 0.00
2022 04 20 22 59 -31.82 0.00 0.00
2022 04 20 23 00 -32.04 0.00 0.00
2022 04 20 23 01 -32.26 0.00 0.00
2022 04 20 23 02 -32.48 0.00 0.00
2022 04 20 23 03 -32.70 0.00 0.00
2022 04 20 23 04 -32.92 0.00 0.00
2022 04 20 23 05 -33.13 0.00 0.00
2022 04 20 23 06 -33.35 0.00 0.00
2022 04 20 23 07 -33.57 0.00 0.00
2022 04 20 23 08 -33.79 0.00 0.00
2022 04 20 23 09 -34.01 0.00 0.00
2022 04 20 23 10 -34.23 0.00 0.00
2022 04 20 23 11 -34.45 0.00 0.00
2022 04 20 23 12 -34.66 0.00 0.00
2022 04 20 23 13 -34.88 0.00 0.00
2022 04 20 23 14 -35.10 0.00 0.00
2022 04 20 23 15 -35.32 0.00 0.00
2022 04 20 23 16 -35.53 0.00 0.00
2022 04 20 23 17 -35.75 0.00 0.00
2022 04 20 23 18 -35.97 0.00 0.00
2022 04 20 23 19 -36.18 0.00 0.00
2022 04 20 23 20 -36.40 0.00 0.00
2022 04 20 23 21 -36.62 0.00 0.00
2022 04 20 23 22 -36.83 0.00 0.00
2022 04 20 23 23 -37.05 0.00 0.00
2022 04 20 23 24 -37.26 0.00 0.00
2022 04 20 23 25 -37.48 0.00 0.00
2022 04 20 23 26 -37.69 0.00 0.00
2022 04 20 23 27 -37.91 0.00 0.00
2022 04 20 23 28 -38.12 0.00 0.00
2022 04 20 23 29 -38.34 0.00 0.00
2022 04 20 23 30 -38.55 0.00 0.00
2022 04 20 23 31 -38.76 0.00 0.00
2022 04 20 23 32 -38.98 0.00 0.00
2022 04 20 23 33 -39.19 0.00 0.00
2022 04 20 23 34 -39.40 0.00 0.00
2022 04 20 23 35 -39.62 0.00 0.00
2022 04 20 23 36 -39.83 0.00 0.00
2022 04 20 23 37 -40.04 0.00 0.00
2022 04 20 23 38 -40.25 0.00 0.00
2022 04 20 23 39 -40.46 0.00 0.00
2022 04 20 23 40 -40.68 0.00 0.00
2022 04 20 23 41 -40.89 0.00 0.00
2022 04 20 23 42 -41.10 0.00 0.00
2022 04 20 23 43 -41.31 0.00 0.00
2022 04 20 23 44 -41.52 0.00 0.00
2022 04 20 23 45 -41.73 0.00 0.00
2022 04 20 23 46 -41.94 0.00 0.00
2022 04 20 23 47 -42.15 0.00 0.00
2022 04 20 23 48 -42.35 0.00 0.00
2022 04 20 23 49 -42.56 0.00 0.00
2022 04 20 23 50 -42.77 0.00 0.00
2022 04 20 23 51 -42.98 0.00 0.00
2022 04 20 23 52 -43.19 0.00 0.00
2022 04 20 23 53 -43.39 0.00 0.00
2022 04 20 23 54 -43.60 0.00 0.00
2022 04 20 23 55 -43.81 0.00 0.00
2022 04 20 23 56 -44.01 0.00 0.00
2022 04 20 23 57 -44.22 0.00 0.00
2022 04 20 23 58 -44.43 0.00 0.00
2022 04 20 23 59 -44.63 0.00 0.00
2022 04 21 00 00 -44.84 0.00 0.00
2022 04 21 00 01 -45.04 0.00 0.00
2022 04 21 00 02 -45.24 0.00 0.00
2022 04 21 00 03 -45.45 0.00 0.00
2022 04 21 00 04 -45.65 0.00 0.00
2022 04 21 00 05 -45.85 0.00 0.00
2022 04 21 00 06 -46.06 0.00 0.00
2022 04 21 00 07 -46.26 0.00 0.00
2022 04 21 00 08 -46.46 0.00 0.00
2022 04 21 00 09 -46.66 0.00 0.00
2022 04 21 00 10 -46.86 0.00 0.00
2022 04 21 00 11 -47.06 0.00 0.00
2022 04 21 00 12 -47.26 0.00 0.00
2022 04 21 00 13 -47.46 0.00 0.00
2022 04 21 00 14 -47.66 0.00 0.00
2022 04 21 00 15 -47.86 0.00 0.00
2022 04 21 00 16 -48.06 0.00 0.00
2022 04 21 00 17 -48.25 0.00 0.00
2022 04 21 00 18 -48.45 0.00 0.00
2022 04 21 00 19 -48.65 0.00 0.00
2022 04 21 00 20 -48.84 0.00 0.00
2022 04 21 00 21 -49.04 0.00 0.00
2022 04 21 00 22 -49.23 0.00 0.00
2022 04 21 00 23 -49.43 0.00 0.00
2022 04 21 00 24 -49.62 0.00 0.00
2022 04 21 00 25 -49.82 0.00 0.00
2022 04 21 00 26 -50.01 0.00 0.00
2022 04 21 00 27 -50.20 0.00 0.00
2022 04 21 00 28 -50.39 0.00 0.00
2022 04 21 00 29 -50.59 0.00 0.00
2022 04 21 00 30 -50.78 0.00 0.00
2022 04 21 00 31 -50.97 0.00 0.00
2022 04 21 00 32 -51.16 0.00 0.00
2022 04 21 00 33 -51.34 0.00 0.00
2022 04 21 00 34 -51.53 0.00 0.00
2022 04 21 00 35 -51.72 0.00 0.00
2022 04 21 00 36 -51.91 0.00 0.00
2022 04 21 00 37 -52.09 0.00 0.00
2022 04 21 00 38 -52.28 0.00 0.00
2022 04 21 00 39 -52.46 0.00 0.00
2022 04 21 00 40 -52.65 0.00 0.00
2022 04 21 00 41 -52.83 0.00 0.00
2022 04 21 00 42 -53.02 0.00 0.00
2022 04 21 00 43 -53.20 0.00 0.00
2022 04 21 00 44 -53.38 0.00 0.00
2022 04 21 00 45 -53.56 0.00 0.00
2022 04 21 00 46 -53.74 0.00 0.00
2022 04 21 00 47 -53.92 0.00 0.00
2022 04 21 00 48 -54.10 0.00 0.00
2022 04 21 00 49 -54.28 0.00 0.00
2022 04 21 00 50 -54.46 0.00 0.00
2022 04 21 00 51 -54.63 0.00 0.00
2022 04 21 00 52 -54.81 0.00 0.00
2022 04 21 00 53 -54.98 0.00 0.00
2022 04 21 00 54 -55.16 0.00 0.00
2022 04 21 00 55 -55.33 0.00 0.00
2022 04 21 00 56 -55.50 0.00 0.00
2022 04 21 00 57 -55.67 0.00 0.00
2022 04 21 00 58 -55.84 0.00 0.00
2022 04 21 00 59 -56.01 0.00 0.00
2022 04 21 01 00 -56.18 0.00 0.00
2022 04 21 01 01 -56.35 0.00 0.00
2022 04 21 01 02 -56.52 0.00 0.00
2022 04 21 01 03 -56.68 0.00 0.00
2022 04 21 01 04 -56.85 0.00 0.00
2022 04 21 01 05 -57.01 0.00 0.00
2022 04 21 01 06 -57.18 0.00 0.00
2022 04 21 01 07 -57.34 0.00 0.00
2022 04 21 01 08 -57.50 0.00 0.00
2022 04 21 01 09 -57.66 0.00 0.00
2022 04 21 01 10 -57.82 0.00 0.00
2022 04 21 01 11 -57.98 0.00 0.00
2022 04 21 01 12 -58.13 0.00 0.00
2022 04 21 01 13 -58.29 0.00 0.00
2022 04 21 01 14 -58.44 0.00 0.00
2022 04 21 01 15 -58.60 0.00 0.00
2022 04 21 01 16 -58.75 0.00 0.00
2022 04 21 01 17 -58.90 0.00 0.00
2022 04 21 01 18 -59.05 0.00 0.00
2022 04 21 01 19 -59.20 0.00 0.00
2022 04 21 01 20 -59.35 0.00 0.00
2022 04 21 01 21 -59.49 0.00 0.00
2022 04 21 01 22 -59.64 0.00 0.00
2022 04 21 01 23 -59.78 0.00 0.00
2022 04 21 01 24 -59.92 0.00 0.00
2022 04 21 01 25 -60.07 0.00 0.00
2022 04 21 01 26 -60.21 0.00 0.00
2022 04 21 01 27 -60.34 0.00 0.00
2022 04 21 01 28 -60.48 0.00 0.00
2022 04 21 01 29 -60.62 0.00 0.00
2022 04 21 01 30 -60.75 0.00 0.00
2022 04 21 01 31 -60.89 0.00 0.00
2022 04 21 01 32 -61.02 0.00 0.00
2022 04 21 01 33 -61.15 0.00 0.00
2022 04 21 01 34 -61.28 0.00 0.00
2022 04 21 01 35 -61.40 0.00 0.00
2022 04 21 01 36 -61.53 0.00 0.00
2022 04 21 01 37 -61.65 0.00 0.00
2022 04 21 01 38 -61.78 0.00 0.00
2022 04 21 01 39 -61.90 0.00 0.00
2022 04 21 01 40 -62.02 0.00 0.00
2022 04 21 01 41 -62.13 0.00 0.00
2022 04 21 01 42 -62.25 0.00 0.00
2022 04 21 01 43 -62.36 0.00 0.00
2022 04 21 01 44 -62.48 0.00 0.00
2022 04 21 01 45 -62.59 0.00 0.00
2022 04 21 01 46 -62.70 0.00 0.00
2022 04 21 01 47 -62.81 0.00 0.00
2022 04 21 01 48 -62.91 0.00 0.00
2022 04 21 01 49 -63.02 0.00 0.00
2022 04 21 01 50 -63.12 0.00 0.00
2022 04 21 01 51 -63.22 0.00 0.00
2022 04 21 01 52 -63.32 0.00 0.00
2022 04 21 01 53 -63.41 0.00 0.00
2022 04 21 01 54 -63.51 0.00 0.00
2022 04 21 01 55 -63.60 0.00 0.00
2022 04 21 01 56 -63.69 0.00 0.00
2022 04 21 01 57 -63.78 0.00 0.00
2022 04 21 01 58 -63.87 0.00 0.00
2022 04 21 01 59 -63.95 0.00 0.00
2022 04 21 02 00 -64.04 0.00 0.00
2022 04 21 02 01 -64.12 0.00 0.00
2022 04 21 02 02 -64.20 0.00 0.00
2022 04 21 02 03 -64.27 0.00 0.00
2022 04 21 02 04 -64.35 0.00 0.00
2022 04 21 02 05 -64.42 0.00 0.00
2022 04 21 02 06 -64.49 0.00 0.00
2022 04 21 02 07 -64.56 0.00 0.00
2022 04 21 02 08 -64.63 0.00 0.00
2022 04 21 02 09 -64.69 0.00 0.00
2022 04 21 02 10 -64.75 0.00 0.00
2022 04 21 02 11 -64.81 0.00 0.00
2022 04 21 02 12 -64.87 0.00 0.00
2022 04 21 02 13 -64.92 0.00 0.00
2022 04 21 02 14 -64.98 0.00 0.00
2022 04 21 02 15 -65.03 0.00 0.00
2022 04 21 02 16 -65.08 0.00 0.00
2022 04 21 02 17 -65.12 0.00 0.00
2022 04 21 02 18 -65.17 0.00 0.00
2022 04 21 02 19 -65.21 0.00 0.00
2022 04 21 02 20 -65.25 0.00 0.00
2022 04 21 02 21 -65.28 0.00 0.00
2022 04 21 02 22 -65.32 0.00 0.00
2022 04 21 02 23 -65.35 0.00 0.00
2022 04 21 02 24 -65.38 0.00 0.00
2022 04 21 02 25 -65.41 0.00 0.00
2022 04 21 02 26 -65.43 0.00 0.00
2022 04 21 02 27 -65.45 0.00 0.00
2022 04 21 02 28 -65.47 0.00 0.00
2022 04 21 02 29 -65.49 0.00 0.00
2022 04 21 02 30 -65.51 0.00 0.00
2022 04 21 02 31 -65.52 0.00 0.00
2022 04 21 02 32 -65.53 0.00 0.00
2022 04 21 02 33 -65.54 0.00 0.00
2022 04 21 02 34 -65.54 0.00 0.00
2022 04 21 02 35 -65.55 0.00 0.00
2022 04 21 02 36 -65.55 0.00 0.00
2022 04 21 02 37 -65.55 0.00 0.00
2022 04 21 02 38 -65.54 0.00 0.00
2022 04 21 02 39 -65.54 0.00 0.00
2022 04 21 02 40 -65.53 0.00 0.00
2022 04 21 02 41 -65.52 0.00 0.00
2022 04 21 02 42 -65.50 0.00 0.00
2022 04 21 02 43 -65.49 0.00 0.00
2022 04 21 02 44 -65.47 0.00 0.00
2022 04 21 02 45 -65.45 0.00 0.00
2022 04 21 02 46 -65.42 0.00 0.00
2022 04 21 02 47 -65.40 0.00 0.00
2022 04 21 02 48 -65.37 0.00 0.00
2022 04 21 02 49 -65.34 0.00 0.00
2022 04 21 02 50 -65.30 0.00 0.00
2022 04 21 02 51 -65.27 0.00 0.00
2022 04 21 02 52 -65.23 0.00 0.00
2022 04 21 02 53 -65.19 0.00 0.00
2022 04 21 02 54 -65.15 0.00 0.00
2022 04 21 02 55 -65.10 0.00 0.00
2022 04 21 02 56 -65.06 0.00 0.00
2022 04 21 02 57 -65.01 0.00 0.00
2022 04 21 02 58 -64.96 0.00 0.00
2022 04 21 02 59 -64.90 0.00 0.00
2022 04 21 03 00 -64.85 0.00 0.00
2022 04 21 03 01 -64.79 0.00 0.00
2022 04 21 03 02 -64.73 0.00 0.00
2022 04 21 03 03 -64.66 0.00 0.00
2022 04 21 03 04 -64.60 0.00 0.00
2022 04 21 03 05 -64.53 0.00 0.00
2022 04 21 03 06 -64.46 0.00 0.00
2022 04 21 03 07 -64.39 0.00 0.00
2022 04 21 03 08 -64.32 0.00 0.00
2022 04 21 03 09 -64.24 0.00 0.00
2022 04 21 03 10 -64.16 0.00 0.00
2022 04 21 03 11 -64.08 0.00 0.00
2022 04 21 03 12 -64.00 0.00 0.00
2022 04 21 03 13 -63.92 0.00 0.00
2022 04 21 03 14 -63.83 0.00 0.00
2022 04 21 03 15 -63.74 0.00 0.00
2022 04 21 03 16 -63.66 0.00 0.00
2022 04 21 03 17 -63.56 0.00 0.00
2022 04 21 03 18 -63.47 0.00 0.00
2022 04 21 03 19 -63.37 0.00 0.00
2022 04 21 03 20 -63.28 0.00 0.00
2022 04 21 03 21 -63.18 0.00 0.00
2022 04 21 03 22 -63.08 0.00 0.00
2022 04 21 03 23 -62.97 0.00 0.00
2022 04 21 03 24 -62.87 0.00 0.00
2022 04 21 03 25 -62.76 0.00 0.00
2022 04 21 03 26 -62.65 0.00 0.00
2022 04 21 03 27 -62.54 0.00 0.00
2022 04 21 03 28 -62.43 0.00 0.00
2022 04 21 03 29 -62.32 0.00 0.00
2022 04 21 03 30 -62.20 0.00 0.00
2022 04 21 03 31 -62.09 0.00 0.00
2022 04 21 03 32 -61.97 0.00 0.00
2022 04 21 03 33 -61.85 0.00 0.00
2022 04 21 03 34 -61.73 0.00 0.00
2022 04 21 03 35 -61.60 0.00 0.00
2022 04 21 03 36 -61.48 0.00 0.00
2022 04 21 03 37 -61.35 0.00 0.00
2022 04 21 03 38 -61.22 0.00 0.00
2022 04 21 03 39 -61.09 0.00 0.00
2022 04 21 03 40 -60.96 0.00 0.00
2022 04 21 03 41 -60.83 0.00 0.00
2022 04 21 03 42 -60.70 0.00 0.00
2022 04 21 03 43 -60.56 0.00 0.00
2022 04 21 03 44 -60.43 0.00 0.00
2022 04 21 03 45 -60.29 0.00 0.00
2022 04 21 03 46 -60.15 0.00 0.00
2022 04 21 03 47 -60.01 0.00 0.00
2022 04 21 03 48 -59.87 0.00 0.00
2022 04 21 03 49 -59.72 0.00 0.00
2022 04 21 03 50 -59.58 0.00 0.00
2022 04 21 03 51 -59.43 0.00 0.00
2022 04 21 03 52 -59.29 0.00 0.00
2022 04 21 03 53 -59.14 0.00 0.00
2022 04 21 03 54 -58.99 0.00 0.00
2022 04 21 03 55 -58.84 0.00 0.00
2022 04 21 03 56 -58.69 0.00 0.00
2022 04 21 03 57 -58.53 0.00 0.00
2022 04 21 03 58 -58.38 0.00 0.00
2022 04 21 03 59 -58.22 0.00 0.00
2022 04 21 04 00 -58.07 0.00 0.00
2022 04 21 04 01 -57.91 0.00 0.00
2022 04 21 04 02 -57.75 0.00 0.00
2022 04 21 04 03 -57.59 0.00 0.00
2022 04 21 04 04 -57.43 0.00 0.00
2022 04 21 04 05 -57.27 0.00 0.00
2022 04 21 04 06 -57.11 0.00 0.00
2022 04 21 04 07 -56.95 0.00 0.00
2022 04 21 04 08 -56.78 0.00 0.00
2022 04 21 04 09 -56.62 0.00 0.00
2022 04 21 04 10 -56.45 0.00 0.00
2022 04 21 04 11 -56.28 0.00 0.00
2022 04 21 04 12 -56.11 0.00 0.00
2022 04 21 04 13 -55.94 0.00 0.00
2022 04 21 04 14 -55.77 0.00 0.00
2022 04 21 04 15 -55.60 0.00 0.00
2022 04 21 04 16 -55.43 0.00 0.00
2022 04 21 04 17 -55.26 0.00 0.00
2022 04 21 04 18 -55.09 0.00 0.00
2022 04 21 04 19 -54.91 0.00 0.00
2022 04 21 04 20 -54.74 0.00 0.00
2022 04 21 04 21 -54.56 0.00 0.00
2022 04 21 04 22 -54.38 0.00 0.00
2022 04 21 04 23 -54.21 0.00 0.00
2022 04 21 04 24 -54.03 0.00 0.00
2022 04 21 04 25 -53.85 0.00 0.00
2022 04 21 04 26 -53.67 0.00 0.00
2022 04 21 04 27 -53.49 0.00 0.00
2022 04 21 04 28 -53.31 0.00 0.00
2022 04 21 04 29 -53.12 0.00 0.00
2022 04 21 04 30 -52.94 0.00 0.00
2022 04 21 04 31 -52.76 0.00 0.00
2022 04 21 04 32 -52.57 0.00 0.00
2022 04 21 04 33 -52.39 0.00 0.00
2022 04 21 04 34 -52.20 0.00 0.00
2022 04 21 04 35 -52.02 0.00 0.00
2022 04 21 04 36 -51.83 0.00 0.00
2022 04 21 04 37 -51.64 0.00 0.00
2022 04 21 04 38 -51.46 0.00 0.00
2022 04 21 04 39 -51.27 0.00 0.00
2022 04 21 04 40 -51.08 0.00 0.00
2022 04 21 04 41 -50.89 0.00 0.00
2022 04 21 04 42 -50.70 0.00 0.00
2022 04 21 04 43 -50.51 0.00 0.00
2022 04 21 04 44 -50.32 0.00 0.00
2022 04 21 04 45 -50.12 0.00 0.00
2022 04 21 04 46 -49.93 0.00 0.00
2022 04 21 04 47 -49.74 0.00 0.00
2022 04 21 04 48 -49.54 0.00 0.00
2022 04 21 04 49 -49.35 0.00 0.00
2022 04 21 04 50 -49.15 0.00 0.00
2022 04 21 04 51 -48.96 0.00 0.00
2022 04 21 04 52 -48.76 0.00 0.00
2022 04 21 04 53 -48.57 0.00 0.00
2022 04 21 04 54 -48.37 0.00 0.00
2022 04 21 04 55 -48.17 0.00 0.00
2022 04 21 04 56 -47.98 0.00 0.00
2022 04 21 04 57 -47.78 0.00 0.00
2022 04 21 04 58 -47.58 0.00 0.00
2022 04 21 04 59 -47.38 0.00 0.00
