# year, month, day, hour, min, alt, baseline, separation moon
2022 04 20 17 00 -20.68 0.00 0.00
2022 04 20 17 01 -20.57 0.00 0.00
2022 04 20 17 02 -20.45 0.00 0.00
2022 04 20 17 03 -20.33 0.00 0.00
2022 04 20 17 04 -20.22 0.00 0.00
2022 04 20 17 05 -20.10 0.00 0.00
2022 04 20 17 06 -19.98 0.00 0.00
2022 04 20 17 07 -19.86 0.00 0.00
2022 04 20 17 08 -19.74 0.00 0.00
2022 04 20 17 09 -19.62 0.00 0.00
2022 04 20 17 10 -19.50 0.00 0.00
2022 04 20 17 11 -19.38 0.00 0.00
2022 04 20 17 12 -19.25 0.00 0.00
2022 04 20 17 13 -19.13 0.00 0.00
2022 04 20 17 14 -19.01 0.00 0.00
2022 04 20 17 15 -18.88 0.00 0.00
2022 04 20 17 16 -18.76 0.00 0.00
2022 04 20 17 17 -18.63 0.00 0.00
2022 04 20 17 18 -18.51 0.00 0.00
2022 04 20 17 19 -18.38 0.00 0.00
2022 04 20 17 20 -18.25 0.00 0.00
2022 04 20 17 21 -18.13 0.00 0.00
2022 04 20 17 22 -18.00 0.00 0.00
2022 04 20 17 23 -17.87 0.00 0.00
2022 04 20 17 24 -17.74 0.00 0.00
2022 04 20 17 25 -17.61 0.00 0.00
2022 04 20 17 26 -17.48 0.00 0.00
2022 04 20 17 27 -17.35 0.00 0.00
2022 04 20 17 28 -17.22 0.00 0.00
2022 04 20 17 29 -17.09 0.00 0.00
2022 04 20 17 30 -16.96 0.00 0.00
2022 04 20 17 31 -16.82 0.00 0.00
2022 04 20 17 32 -16.69 0.00 0.00
2022 04 20 17 33 -16.56 0.00 0.00
2022 04 20 17 34 -16.42 0.00 0.00
2022 04 20 17 35 -16.29 0.00 0.00
2022 04 20 17 36 -16.15 0.00 0.00
2022 04 20 17 37 -16.02 0.00 0.00
2022 04 20 17 38 -15.88 0.00 0.00
2022 04 20 17 39 -15.74 0.00 0.00
2022 04 20 17 40 -15.61 0.00 0.00
2022 04 20 17 41 -15.47 0.00 0.00
2022 04 20 17 42 -15.33 0.00 0.00
2022 04 20 17 43 -15.19 0.00 0.00
2022 04 20 17 44 -15.05 0.00 0.00
2022 04 20 17 45 -14.91 0.00 0.00
2022 04 20 17 46 -14.77 0.00 0.00
2022 04 20 17 47 -14.63 0.00 0.00
2022 04 20 17 48 -14.49 0.00 0.00
2022 04 20 17 49 -14.35 0.00 0.00
2022 04 20 17 50 -14.21 0.00 0.00
2022 04 20 17 51 -14.07 0.00 0.00
2022 04 20 17 52 -13.92 0.00 0.00
2022 04 20 17 53 -13.78 0.00 0.00
2022 04 20 17 54 -13.64 0.00 0.00
2022 04 20 17 55 -13.49 0.00 0.00
2022 04 20 17 56 -13.35 0.00 0.00
2022 04 20 17 57 -13.20 0.00 0.00
2022 04 20 17 58 -13.06 0.00 0.00
2022 04 20 17 59 -12.91 0.00 0.00
2022 04 20 18 00 -12.76 0.00 0.00
2022 04 20 18 01 -12.62 0.00 0.00
2022 04 20 18 02 -12.47 0.00 0.00
2022 04 20 18 03 -12.32 0.00 0.00
2022 04 20 18 04 -12.17 0.00 0.00
2022 04 20 18 05 -12.03 0.00 0.00
2022 04 20 18 06 -11.88 0.00 0.00
2022 04 20 18 07 -11.73 0.00 0.00
2022 04 20 18 08 -11.58 0.00 0.00
2022 04 20 18 09 -11.43 0.00 0.00
2022 04 20 18 10 -11.28 0.00 0.00
2022 04 20 18 11 -11.13 0.00 0.00
2022 04 20 18 12 -10.97 0.00 0.00
2022 04 20 18 13 -10.82 0.00 0.00
2022 04 20 18 14 -10.67 0.00 0.00
2022 04 20 18 15 -10.52 0.00 0.00
2022 04 20 18 16 -10.36 0.00 0.00
2022 04 20 18 17 -10.21 0.00 0.00
2022 04 20 18 18 -10.06 0.00 0.00
2022 04 20 18 19 -9.90 0.00 0.00
2022 04 20 18 20 -9.75 0.00 0.00
2022 04 20 18 21 -9.59 0.00 0.00
2022 04 20 18 22 -9.44 0.00 0.00
2022 04 20 18 23 -9.28 0.00 0.00
2022 04 20 18 24 -9.13 0.00 0.00
2022 04 20 18 25 -8.97 0.00 0.00
2022 04 20 18 26 -8.81 0.00 0.00
2022 04 20 18 27 -8.66 0.00 0.00
2022 04 20 18 28 -8.50 0.00 0.00
2022 04 20 18 29 -8.34 0.00 0.00
2022 04 20 18 30 -8.18 0.00 0.00
2022 04 20 18 31 -8.02 0.00 0.00
2022 04 20 18 32 -7.87 0.00 0.00
2022 04 20 18 33 -7.71 0.00 0.00
2022 04 20 18 34 -7.55 0.00 0.00
2022 04 20 18 35 -7.39 0.00 0.00
2022 04 20 18 36 -7.23 0.00 0.00
2022 04 20 18 37 -7.07 0.00 0.00
2022 04 20 18 38 -6.90 0.00 0.00
2022 04 20 18 39 -6.74 0.00 0.00
2022 04 20 18 40 -6.58 0.00 0.00
2022 04 20 18 41 -6.42 0.00 0.00
2022 04 20 18 42 -6.26 0.00 0.00
2022 04 20 18 43 -6.09 0.00 0.00
2022 04 20 18 44 -5.93 0.00 0.00
2022 04 20 18 45 -5.77 0.00 0.00
2022 04 20 18 46 -5.60 0.00 0.00
2022 04 20 18 47 -5.44 0.00 0.00
2022 04 20 18 48 -5.28 0.00 0.00
2022 04 20 18 49 -5.11 0.00 0.00
2022 04 20 18 50 -4.95 0.00 0.00
2022 04 20 18 51 -4.78 0.00 0.00
2022 04 20 18 52 -4.61 0.00 0.00
2022 04 20 18 53 -4.45 0.00 0.00
2022 04 20 18 54 -4.28 0.00 0.00
2022 04 20 18 55 -4.12 0.00 0.00
2022 04 20 18 56 -3.95 0.00 0.00
2022 04 20 18 57 -3.78 0.00 0.00
2022 04 20 18 58 -3.61 0.00 0.00
2022 04 20 18 59 -3.45 0.00 0.00
2022 04 20 19 00 -3.28 0.00 0.00
2022 04 20 19 01 -3.11 0.00 0.00
2022 04 20 19 02 -2.94 0.00 0.00
2022 04 20 19 03 -2.77 0.00 0.00
2022 04 20 19 04 -2.60 0.00 0.00
2022 04 20 19 05 -2.43 0.00 0.00
2022 04 20 19 06 -2.26 0.00 0.00
2022 04 20 19 07 -2.09 0.00 0.00
2022 04 20 19 08 -1.92 0.00 0.00
2022 04 20 19 09 -1.75 0.00 0.00
2022 04 20 19 10 -1.58 0.00 0.00
2022 04 20 19 11 -1.41 0.00 0.00
2022 04 20 19 12 -1.24 0.00 0.00
2022 04 20 19 13 -1.07 0.00 0.00
2022 04 20 19 14 -0.89 0.00 0.00
2022 04 20 19 15 -0.72 0.00 0.00
2022 04 20 19 16 -0.55 0.00 0.00
2022 04 20 19 17 -0.38 0.00 0.00
2022 04 20 19 18 -0.20 0.00 0.00
2022 04 20 19 19 -0.03 0.00 0.00
2022 04 20 19 20 0.14 0.00 0.00
2022 04 20 19 21 0.32 0.00 0.00
2022 04 20 19 22 0.49 0.00 0.00
2022 04 20 19 23 0.67 0.00 0.00
2022 04 20 19 24 0.84 0.00 0.00
2022 04 20 19 25 1.02 0.00 0.00
2022 04 20 19 26 1.19 0.00 0.00
2022 04 20 19 27 1.37 0.00 0.00
2022 04 20 19 28 1.54 0.00 0.00
2022 04 20 19 29 1.72 0.00 0.00
2022 04 20 19 30 1.89 0.00 0.00
2022 04 20 19 31 2.07 0.00 0.00
2022 04 20 19 32 2.25 0.00 0.00
2022 04 20 19 33 2.42 0.00 0.00
2022 04 20 19 34 2.60 0.00 0.00
2022 04 20 19 35 2.78 0.00 0.00
2022 04 20 19 36 2.96 0.00 0.00
2022 04 20 19 37 3.13 0.00 0.00
2022 04 20 19 38 3.31 0.00 0.00
2022 04 20 19 39 3.49 0.00 0.00
2022 04 20 19 40 3.67 0.00 0.00
2022 04 20 19 41 3.85 0.00 0.00
2022 04 20 19 42 4.03 0.00 0.00
2022 04 20 19 43 4.21 0.00 0.00
2022 04 20 19 44 4.39 0.00 0.00
2022 04 20 19 45 4.57 0.00 0.00
2022 04 20 19 46 4.75 0.00 0.00
2022 04 20 19 47 4.93 0.00 0.00
2022 04 20 19 48 5.11 0.00 0.00
2022 04 20 19 49 5.29 0.00 0.00
2022 04 20 19 50 5.47 0.00 0.00
2022 04 20 19 51 5.65 0.00 0.00
2022 04 20 19 52 5.83 0.00 0.00
2022 04 20 19 53 6.01 0.00 0.00
2022 04 20 19 54 6.19 0.00 0.00
2022 04 20 19 55 6.37 0.00 0.00
2022 04 20 19 56 6.56 0.00 0.00
2022 04 20 19 57 6.74 0.00 0.00
2022 04 20 19 58 6.92 0.00 0.00
2022 04 20 19 59 7.10 0.00 0.00
2022 04 20 20 00 7.29 0.00 0.00
2022 04 20 20 01 7.47 0.00 0.00
2022 04 20 20 02 7.65 0.00 0.00
2022 04 20 20 03 7.84 0.00 0.00
2022 04 20 20 04 8.02 0.00 0.00
2022 04 20 20 05 8.20 0.00 0.00
2022 04 20 20 06 8.39 0.00 0.00
2022 04 20 20 07 8.57 0.00 0.00
2022 04 20 20 08 8.76 0.00 0.00
2022 04 20 20 09 8.94 0.00 0.00
2022 04 20 20 10 9.13 0.00 0.00
2022 04 20 20 11 9.31 0.00 0.00
2022 04 20 20 12 9.50 0.00 0.00
2022 04 20 20 13 9.68 0.00 0.00
2022 04 20 20 14 9.87 0.00 0.00
2022 04 20 20 15 10.05 27.76 5.88
2022 04 20 20 16 10.24 28.14 5.87
2022 04 20 20 17 10.42 28.52 5.87
2022 04 20 20 18 10.61 28.90 5.86
2022 04 20 20 19 10.80 29.28 5.86
2022 04 20 20 20 10.98 29.66 5.86
2022 04 20 20 21 11.17 30.04 5.85
2022 04 20 20 22 11.36 30.42 5.85
2022 04 20 20 23 11.54 30.80 5.85
2022 04 20 20 24 11.73 31.18 5.85
2022 04 20 20 25 11.92 31.56 5.84
2022 04 20 20 26 12.11 31.94 5.84
2022 04 20 20 27 12.29 32.32 5.84
2022 04 20 20 28 12.48 32.70 5.84
2022 04 20 20 29 12.67 33.08 5.84
2022 04 20 20 30 12.86 33.46 5.84
2022 04 20 20 31 13.05 33.84 5.84
2022 04 20 20 32 13.23 34.22 5.84
2022 04 20 20 33 13.42 34.60 5.84
2022 04 20 20 34 13.61 34.98 5.84
2022 04 20 20 35 13.80 35.36 5.84
2022 04 20 20 36 13.99 35.74 5.84
2022 04 20 20 37 14.18 36.11 5.84
2022 04 20 20 38 14.37 36.49 5.84
2022 04 20 20 39 14.56 36.87 5.84
2022 04 20 20 40 14.75 37.25 5.85
2022 04 20 20 41 14.94 37.62 5.85
2022 04 20 20 42 15.13 38.00 5.85
2022 04 20 20 43 15.32 38.38 5.85
2022 04 20 20 44 15.51 38.75 5.86
2022 04 20 20 45 15.70 39.13 5.86
2022 04 20 20 46 15.89 39.50 5.87
2022 04 20 20 47 16.08 39.88 5.87
2022 04 20 20 48 16.27 40.25 5.88
2022 04 20 20 49 16.46 40.63 5.88
2022 04 20 20 50 16.65 41.00 5.89
2022 04 20 20 51 16.84 41.38 5.89
2022 04 20 20 52 17.04 41.75 5.90
2022 04 20 20 53 17.23 42.12 5.90
2022 04 20 20 54 17.42 42.49 5.91
2022 04 20 20 55 17.61 42.87 5.92
2022 04 20 20 56 17.80 43.24 5.92
2022 04 20 20 57 18.00 43.61 5.93
2022 04 20 20 58 18.19 43.98 5.94
2022 04 20 20 59 18.38 44.35 5.95
2022 04 20 21 00 18.57 44.72 5.96
2022 04 20 21 01 18.76 45.09 5.97
2022 04 20 21 02 18.96 45.46 5.98
2022 04 20 21 03 19.15 45.82 5.98
2022 04 20 21 04 19.34 46.19 5.99
2022 04 20 21 05 19.54 46.56 6.01
2022 04 20 21 06 19.73 46.93 6.02
2022 04 20 21 07 19.92 47.29 6.03
2022 04 20 21 08 20.12 47.66 6.04
2022 04 20 21 09 20.31 48.02 6.05
2022 04 20 21 10 20.50 48.39 6.06
2022 04 20 21 11 20.70 48.75 6.07
2022 04 20 21 12 20.89 49.11 6.09
2022 04 20 21 13 21.08 49.48 6.10
2022 04 20 21 14 21.28 49.84 6.11
2022 04 20 21 15 21.47 50.20 6.13
2022 04 20 21 16 21.67 50.56 6.14
2022 04 20 21 17 21.86 50.92 6.16
2022 04 20 21 18 22.06 51.28 6.17
2022 04 20 21 19 22.25 51.64 6.19
2022 04 20 21 20 22.45 52.00 6.20
2022 04 20 21 21 22.64 52.36 6.22
2022 04 20 21 22 22.84 52.72 6.23
2022 04 20 21 23 23.03 53.07 6.25
2022 04 20 21 24 23.23 53.43 6.27
2022 04 20 21 25 23.42 53.79 6.28
2022 04 20 21 26 23.62 54.14 6.30
2022 04 20 21 27 23.81 54.50 6.32
2022 04 20 21 28 24.01 54.85 6.34
2022 04 20 21 29 24.20 55.20 6.36
2022 04 20 21 30 24.40 55.56 6.38
2022 04 20 21 31 24.59 55.91 6.40
2022 04 20 21 32 24.79 56.26 6.42
2022 04 20 21 33 24.99 56.61 6.44
2022 04 20 21 34 25.18 56.96 6.46
2022 04 20 21 35 25.38 57.31 6.48
2022 04 20 21 36 25.58 57.66 6.50
2022 04 20 21 37 25.77 58.01 6.52
2022 04 20 21 38 25.97 58.35 6.54
2022 04 20 21 39 26.16 58.70 6.56
2022 04 20 21 40 26.36 59.04 6.59
2022 04 20 21 41 26.56 59.39 6.61
2022 04 20 21 42 26.75 59.73 6.63
2022 04 20 21 43 26.95 60.08 6.66
2022 04 20 21 44 27.15 60.42 6.68
2022 04 20 21 45 27.35 60.76 6.71
2022 04 20 21 46 27.54 61.10 6.73
2022 04 20 21 47 27.74 61.44 6.76
2022 04 20 21 48 27.94 61.78 6.78
2022 04 20 21 49 28.13 62.12 6.81
2022 04 20 21 50 28.33 62.46 6.84
2022 04 20 21 51 28.53 62.80 6.86
2022 04 20 21 52 28.73 63.14 6.89
2022 04 20 21 53 28.92 63.47 6.92
2022 04 20 21 54 29.12 63.81 6.95
2022 04 20 21 55 29.32 64.14 6.98
2022 04 20 21 56 29.52 64.48 7.01
2022 04 20 21 57 29.72 64.81 7.03
2022 04 20 21 58 29.91 65.14 7.06
2022 04 20 21 59 30.11 65.47 7.09
2022 04 20 22 00 30.31 65.80 7.13
2022 04 20 22 01 30.51 66.13 7.16
2022 04 20 22 02 30.71 66.46 7.19
2022 04 20 22 03 30.90 66.79 7.22
2022 04 20 22 04 31.10 67.12 7.25
2022 04 20 22 05 31.30 67.44 7.28
2022 04 20 22 06 31.50 67.77 7.32
2022 04 20 22 07 31.70 68.09 7.35
2022 04 20 22 08 31.90 68.42 7.38
2022 04 20 22 09 32.10 68.74 7.42
2022 04 20 22 10 32.29 69.06 7.45
2022 04 20 22 11 32.49 69.38 7.49
2022 04 20 22 12 32.69 69.70 7.52
2022 04 20 22 13 32.89 70.02 7.56
2022 04 20 22 14 33.09 70.34 7.60
2022 04 20 22 15 33.29 70.66 7.63
2022 04 20 22 16 33.49 70.98 7.67
2022 04 20 22 17 33.69 71.29 7.71
2022 04 20 22 18 33.89 71.61 7.75
2022 04 20 22 19 34.08 71.92 7.79
2022 04 20 22 20 34.28 72.24 7.82
2022 04 20 22 21 34.48 72.55 7.86
2022 04 20 22 22 34.68 72.86 7.90
2022 04 20 22 23 34.88 73.17 7.94
2022 04 20 22 24 35.08 73.48 7.98
2022 04 20 22 25 35.28 73.79 8.03
2022 04 20 22 26 35.48 74.10 8.07
2022 04 20 22 27 35.68 74.41 8.11
2022 04 20 22 28 35.88 74.72 8.15
2022 04 20 22 29 36.08 75.02 8.19
2022 04 20 22 30 36.28 75.33 8.24
2022 04 20 22 31 36.48 75.63 8.28
2022 04 20 22 32 36.68 75.93 8.33
2022 04 20 22 33 36.88 76.23 8.37
2022 04 20 22 34 37.08 76.54 8.42
2022 04 20 22 35 37.27 76.84 8.46
2022 04 20 22 36 37.47 77.13 8.51
2022 04 20 22 37 37.67 77.43 8.56
2022 04 20 22 38 37.87 77.73 8.60
2022 04 20 22 39 38.07 78.03 8.65
2022 04 20 22 40 38.27 78.32 8.70
2022 04 20 22 41 38.47 78.62 8.75
2022 04 20 22 42 38.67 78.91 8.80
2022 04 20 22 43 38.87 79.20 8.85
2022 04 20 22 44 39.07 79.49 8.90
2022 04 20 22 45 39.27 79.78 8.95
2022 04 20 22 46 39.47 80.07 9.00
2022 04 20 22 47 39.67 80.36 9.05
2022 04 20 22 48 39.87 80.65 9.10
2022 04 20 22 49 40.07 80.94 9.16
2022 04 20 22 50 40.27 81.22 9.21
2022 04 20 22 51 40.47 81.51 9.26
2022 04 20 22 52 40.67 81.79 9.32
2022 04 20 22 53 40.87 82.07 9.37
2022 04 20 22 54 41.07 82.36 9.43
2022 04 20 22 55 41.27 82.64 9.49
2022 04 20 22 56 41.47 82.92 9.54
2022 04 20 22 57 41.67 83.19 9.60
2022 04 20 22 58 41.87 83.47 9.66
2022 04 20 22 59 42.07 83.75 9.72
2022 04 20 23 00 42.27 84.03 9.77
2022 04 20 23 01 42.47 84.30 9.83
2022 04 20 23 02 42.67 84.57 9.89
2022 04 20 23 03 42.87 84.85 9.96
2022 04 20 23 04 43.07 85.12 10.02
2022 04 20 23 05 43.27 85.39 10.08
2022 04 20 23 06 43.47 85.66 10.14
2022 04 20 23 07 43.67 85.93 10.20
2022 04 20 23 08 43.87 86.20 10.27
2022 04 20 23 09 44.07 86.46 10.33
2022 04 20 23 10 44.27 86.73 10.40
2022 04 20 23 11 44.47 86.99 10.46
2022 04 20 23 12 44.67 87.26 10.53
2022 04 20 23 13 44.87 87.52 10.60
2022 04 20 23 14 45.07 87.78 10.66
2022 04 20 23 15 45.27 88.04 10.73
2022 04 20 23 16 45.46 88.30 10.80
2022 04 20 23 17 45.66 88.56 10.87
2022 04 20 23 18 45.86 88.82 10.94
2022 04 20 23 19 46.06 89.07 11.01
2022 04 20 23 20 46.26 89.33 11.09
2022 04 20 23 21 46.46 89.58 11.16
2022 04 20 23 22 46.66 89.83 11.23
2022 04 20 23 23 46.86 90.09 11.31
2022 04 20 23 24 47.06 90.34 11.38
2022 04 20 23 25 47.26 90.59 11.46
2022 04 20 23 26 47.46 90.84 11.53
2022 04 20 23 27 47.66 91.08 11.61
2022 04 20 23 28 47.86 91.33 11.69
2022 04 20 23 29 48.05 91.58 11.77
2022 04 20 23 30 48.25 91.82 11.85
2022 04 20 23 31 48.45 92.06 11.93
2022 04 20 23 32 48.65 92.31 12.01
2022 04 20 23 33 48.85 92.55 12.09
2022 04 20 23 34 49.05 92.79 12.17
2022 04 20 23 35 49.25 93.03 12.25
2022 04 20 23 36 49.44 93.27 12.34
2022 04 20 23 37 49.64 93.50 12.42
2022 04 20 23 38 49.84 93.74 12.51
2022 04 20 23 39 50.04 93.98 12.60
2022 04 20 23 40 50.24 94.21 12.69
2022 04 20 23 41 50.44 94.44 12.77
2022 04 20 23 42 50.63 94.67 12.86
2022 04 20 23 43 50.83 94.90 12.95
2022 04 20 23 44 51.03 95.13 13.05
2022 04 20 23 45 51.23 95.36 13.14
2022 04 20 23 46 51.42 95.59 13.23
2022 04 20 23 47 51.62 95.82 13.33
2022 04 20 23 48 51.82 96.04 13.42
2022 04 20 23 49 52.02 96.27 13.52
2022 04 20 23 50 52.21 96.49 13.62
2022 04 20 23 51 52.41 96.71 13.72
2022 04 20 23 52 52.61 96.93 13.81
2022 04 20 23 53 52.80 97.15 13.92
2022 04 20 23 54 53.00 97.37 14.02
2022 04 20 23 55 53.20 97.59 14.12
2022 04 20 23 56 53.39 97.80 14.22
2022 04 20 23 57 53.59 98.02 14.33
2022 04 20 23 58 53.78 98.23 14.44
2022 04 20 23 59 53.98 98.45 14.54
2022 04 21 00 00 54.18 98.66 14.65
2022 04 21 00 01 54.37 98.87 14.76
2022 04 21 00 02 54.57 99.08 14.87
2022 04 21 00 03 54.76 99.29 14.99
2022 04 21 00 04 54.96 99.50 15.10
2022 04 21 00 05 55.15 99.70 15.21
2022 04 21 00 06 55.35 99.91 15.33
2022 04 21 00 07 55.54 100.11 15.45
2022 04 21 00 08 55.74 100.32 15.57
2022 04 21 00 09 55.93 100.52 15.69
2022 04 21 00 10 56.13 100.72 15.81
2022 04 21 00 11 56.32 100.92 15.93
2022 04 21 00 12 56.51 101.12 16.05
2022 04 21 00 13 56.71 101.31 16.18
2022 04 21 00 14 56.90 101.51 16.31
2022 04 21 00 15 57.09 101.71 16.44
2022 04 21 00 16 57.29 101.90 16.57
2022 04 21 00 17 57.48 102.09 16.70
2022 04 21 00 18 57.67 102.29 16.83
2022 04 21 00 19 57.86 102.48 16.96
2022 04 21 00 20 58.06 102.67 17.10
2022 04 21 00 21 58.25 102.86 17.24
2022 04 21 00 22 58.44 103.04 17.38
2022 04 21 00 23 58.63 103.23 17.52
2022 04 21 00 24 58.82 103.42 17.66
2022 04 21 00 25 59.01 103.60 17.81
2022 04 21 00 26 59.20 103.78 17.95
2022 04 21 00 27 59.39 103.97 18.10
2022 04 21 00 28 59.58 104.15 18.25
2022 04 21 00 29 59.77 104.33 18.40
2022 04 21 00 30 59.96 104.51 18.56
2022 04 21 00 31 60.15 104.68 18.71
2022 04 21 00 32 60.34 104.86 18.87
2022 04 21 00 33 60.53 105.03 19.03
2022 04 21 00 34 60.72 105.21 19.19
2022 04 21 00 35 60.91 105.38 19.35
2022 04 21 00 36 61.10 105.55 19.52
2022 04 21 00 37 61.28 105.73 19.68
2022 04 21 00 38 61.47 105.90 19.85
2022 04 21 00 39 61.66 106.06 20.03
2022 04 21 00 40 61.84 106.23 20.20
2022 04 21 00 41 62.03 106.40 20.37
2022 04 21 00 42 62.21 106.56 20.55
2022 04 21 00 43 62.40 106.73 20.73
2022 04 21 00 44 62.58 106.89 20.92
2022 04 21 00 45 62.77 107.05 21.10
2022 04 21 00 46 62.95 107.21 21.29
2022 04 21 00 47 63.14 107.37 21.48
2022 04 21 00 48 63.32 107.53 21.67
2022 04 21 00 49 63.50 107.69 21.87
2022 04 21 00 50 63.68 107.85 22.06
2022 04 21 00 51 63.87 108.00 22.26
2022 04 21 00 52 64.05 108.16 22.47
2022 04 21 00 53 64.23 108.31 22.67
2022 04 21 00 54 64.41 108.46 22.88
2022 04 21 00 55 64.59 108.61 23.09
2022 04 21 00 56 64.77 108.76 23.31
2022 04 21 00 57 64.95 108.91 23.52
2022 04 21 00 58 65.12 109.06 23.74
2022 04 21 00 59 65.30 109.21 23.97
2022 04 21 01 00 65.48 109.35 24.19
2022 04 21 01 01 65.66 109.50 24.42
2022 04 21 01 02 65.83 109.64 24.65
2022 04 21 01 03 66.01 109.78 24.89
2022 04 21 01 04 66.18 109.93 25.12
2022 04 21 01 05 66.36 110.07 25.37
2022 04 21 01 06 66.53 110.21 25.61
2022 04 21 01 07 66.70 110.34 25.86
2022 04 21 01 08 66.87 110.48 26.11
2022 04 21 01 09 67.05 110.62 26.37
2022 04 21 01 10 67.22 110.75 26.62
2022 04 21 01 11 67.39 110.88 26.89
2022 04 21 01 12 67.56 111.02 27.15
2022 04 21 01 13 67.72 111.15 27.42
2022 04 21 01 14 67.89 111.28 27.69
2022 04 21 01 15 68.06 111.41 27.97
2022 04 21 01 16 68.22 111.54 28.25
2022 04 21 01 17 68.39 111.66 28.53
2022 04 21 01 18 68.55 111.79 28.82
2022 04 21 01 19 68.72 111.92 29.11
2022 04 21 01 20 68.88 112.04 29.41
2022 04 21 01 21 69.04 112.16 29.71
2022 04 21 01 22 69.20 112.28 30.01
2022 04 21 01 23 69.36 112.41 30.32
2022 04 21 01 24 69.52 112.53 30.64
2022 04 21 01 25 69.68 112.64 30.95
2022 04 21 01 26 69.84 112.76 31.27
2022 04 21 01 27 69.99 112.88 31.60
2022 04 21 01 28 70.15 112.99 31.93
2022 04 21 01 29 70.30 113.11 32.26
2022 04 21 01 30 70.45 113.22 32.60
2022 04 21 01 31 70.60 113.34 32.94
2022 04 21 01 32 70.75 113.45 33.29
2022 04 21 01 33 70.90 113.56 33.64
2022 04 21 01 34 71.05 113.67 33.99
2022 04 21 01 35 71.19 113.77 34.35
2022 04 21 01 36 71.34 113.88 34.72
2022 04 21 01 37 71.48 113.99 35.09
2022 04 21 01 38 71.62 114.09 35.46
2022 04 21 01 39 71.77 114.20 35.84
2022 04 21 01 40 71.90 114.30 36.22
2022 04 21 01 41 72.04 114.40 36.60
2022 04 21 01 42 72.18 114.50 37.00
2022 04 21 01 43 72.31 114.60 37.39
2022 04 21 01 44 72.45 114.70 37.79
2022 04 21 01 45 72.58 114.80 38.19
2022 04 21 01 46 72.71 114.90 38.60
2022 04 21 01 47 72.83 115.00 39.01
2022 04 21 01 48 72.96 115.09 39.42
2022 04 21 01 49 73.08 115.18 39.84
2022 04 21 01 50 73.21 115.28 40.26
2022 04 21 01 51 73.33 115.37 40.68
2022 04 21 01 52 73.45 115.46 41.11
2022 04 21 01 53 73.56 115.55 41.54
2022 04 21 01 54 73.68 115.64 41.97
2022 04 21 01 55 73.79 115.73 42.40
2022 04 21 01 56 73.90 115.82 42.84
2022 04 21 01 57 74.01 115.90 43.28
2022 04 21 01 58 74.12 115.99 43.72
2022 04 21 01 59 74.22 116.07 44.16
2022 04 21 02 00 74.32 116.15 44.60
2022 04 21 02 01 74.42 116.24 45.04
2022 04 21 02 02 74.52 116.32 45.48
2022 04 21 02 03 74.61 116.40 45.92
2022 04 21 02 04 74.71 116.48 46.35
2022 04 21 02 05 74.80 116.56 46.79
2022 04 21 02 06 74.88 116.63 47.22
2022 04 21 02 07 74.97 116.71 47.65
2022 04 21 02 08 75.05 116.79 48.07
2022 04 21 02 09 75.13 116.86 48.49
2022 04 21 02 10 75.21 116.93 48.90
2022 04 21 02 11 75.28 117.01 49.31
2022 04 21 02 12 75.35 117.08 49.71
2022 04 21 02 13 75.42 117.15 50.09
2022 04 21 02 14 75.49 117.22 50.47
2022 04 21 02 15 75.55 117.29 50.83
2022 04 21 02 16 75.61 117.36 51.18
2022 04 21 02 17 75.66 117.42 51.52
2022 04 21 02 18 75.72 117.49 51.83
2022 04 21 02 19 75.77 117.56 52.13
2022 04 21 02 20 75.82 117.62 52.41
2022 04 21 02 21 75.86 117.68 52.67
2022 04 21 02 22 75.90 117.75 52.89
2022 04 21 02 23 75.94 117.81 53.10
2022 04 21 02 24 75.97 117.87 53.27
2022 04 21 02 25 76.01 117.93 53.40
2022 04 21 02 26 76.03 117.99 53.50
2022 04 21 02 27 76.06 118.05 53.56
2022 04 21 02 28 76.08 118.11 53.58
2022 04 21 02 29 76.10 118.16 53.54
2022 04 21 02 30 76.11 118.22 53.46
2022 04 21 02 31 76.13 118.27 53.32
2022 04 21 02 32 76.13 118.33 53.11
2022 04 21 02 33 76.14 118.38 52.84
2022 04 21 02 34 76.14 118.43 52.49
2022 04 21 02 35 76.14 118.48 52.06
2022 04 21 02 36 76.13 118.53 51.55
2022 04 21 02 37 76.13 118.58 50.94
2022 04 21 02 38 76.11 118.63 50.23
2022 04 21 02 39 76.10 118.68 49.42
2022 04 21 02 40 76.08 118.73 48.48
2022 04 21 02 41 76.06 118.77 47.43
2022 04 21 02 42 76.03 118.82 46.24
2022 04 21 02 43 76.01 118.86 44.91
2022 04 21 02 44 75.97 118.91 43.44
2022 04 21 02 45 75.94 118.95 41.82
2022 04 21 02 46 75.90 118.99 40.05
2022 04 21 02 47 75.86 119.03 38.13
2022 04 21 02 48 75.82 119.08 36.07
2022 04 21 02 49 75.77 119.12 33.88
2022 04 21 02 50 75.72 119.15 31.57
2022 04 21 02 51 75.67 119.19 29.16
2022 04 21 02 52 75.61 119.23 26.69
2022 04 21 02 53 75.55 119.27 24.19
2022 04 21 02 54 75.49 119.30 21.72
2022 04 21 02 55 75.42 119.34 19.32
2022 04 21 02 56 75.35 119.37 17.08
2022 04 21 02 57 75.28 119.41 15.07
2022 04 21 02 58 75.21 119.44 13.41
2022 04 21 02 59 75.13 119.47 12.20
2022 04 21 03 00 75.05 119.50 11.52
2022 04 21 03 01 74.97 119.53 11.39
2022 04 21 03 02 74.88 119.56 11.76
2022 04 21 03 03 74.80 119.59 12.49
2022 04 21 03 04 74.71 119.62 13.45
2022 04 21 03 05 74.61 119.65 14.54
2022 04 21 03 06 74.52 119.68 15.68
2022 04 21 03 07 74.42 119.70 16.82
2022 04 21 03 08 74.32 119.73 17.92
2022 04 21 03 09 74.22 119.75 18.97
2022 04 21 03 10 74.12 119.78 19.95
2022 04 21 03 11 74.01 119.80 20.86
2022 04 21 03 12 73.90 119.83 21.70
2022 04 21 03 13 73.79 119.85 22.46
2022 04 21 03 14 73.68 119.87 23.16
2022 04 21 03 15 73.56 119.89 23.79
2022 04 21 03 16 73.45 119.91 24.36
2022 04 21 03 17 73.33 119.93 24.88
2022 04 21 03 18 73.21 119.95 25.33
2022 04 21 03 19 73.09 119.97 25.74
2022 04 21 03 20 72.96 119.98 26.10
2022 04 21 03 21 72.84 120.00 26.42
2022 04 21 03 22 72.71 120.02 26.70
2022 04 21 03 23 72.58 120.03 26.94
2022 04 21 03 24 72.45 120.05 27.15
2022 04 21 03 25 72.31 120.06 27.32
2022 04 21 03 26 72.18 120.08 27.47
2022 04 21 03 27 72.04 120.09 27.59
2022 04 21 03 28 71.91 120.10 27.69
2022 04 21 03 29 71.77 120.11 27.77
2022 04 21 03 30 71.63 120.13 27.82
2022 04 21 03 31 71.48 120.14 27.86
2022 04 21 03 32 71.34 120.15 27.88
2022 04 21 03 33 71.20 120.16 27.88
2022 04 21 03 34 71.05 120.17 27.87
2022 04 21 03 35 70.90 120.17 27.85
2022 04 21 03 36 70.75 120.18 27.82
2022 04 21 03 37 70.60 120.19 27.77
2022 04 21 03 38 70.45 120.20 27.71
2022 04 21 03 39 70.30 120.20 27.65
2022 04 21 03 40 70.15 120.21 27.58
2022 04 21 03 41 69.99 120.21 27.49
2022 04 21 03 42 69.84 120.22 27.41
2022 04 21 03 43 69.68 120.22 27.31
2022 04 21 03 44 69.52 120.23 27.21
2022 04 21 03 45 69.36 120.23 27.11
2022 04 21 03 46 69.20 120.23 27.00
2022 04 21 03 47 69.04 120.23 26.88
2022 04 21 03 48 68.88 120.24 26.76
2022 04 21 03 49 68.72 120.24 26.64
2022 04 21 03 50 68.56 120.24 26.52
2022 04 21 03 51 68.39 120.24 26.39
2022 04 21 03 52 68.23 120.24 26.26
2022 04 21 03 53 68.06 120.24 26.12
2022 04 21 03 54 67.89 120.23 25.99
2022 04 21 03 55 67.73 120.23 25.85
2022 04 21 03 56 67.56 120.23 25.71
2022 04 21 03 57 67.39 120.23 25.58
2022 04 21 03 58 67.22 120.22 25.43
2022 04 21 03 59 67.05 120.22 25.29
2022 04 21 04 00 66.88 120.22 25.15
2022 04 21 04 01 66.70 120.21 25.01
2022 04 21 04 02 66.53 120.21 24.86
2022 04 21 04 03 66.36 120.20 24.72
2022 04 21 04 04 66.18 120.20 24.58
2022 04 21 04 05 66.01 120.19 24.43
2022 04 21 04 06 65.83 120.18 24.29
2022 04 21 04 07 65.66 120.18 24.14
2022 04 21 04 08 65.48 120.17 24.00
2022 04 21 04 09 65.30 120.16 23.85
2022 04 21 04 10 65.13 120.15 23.71
2022 04 21 04 11 64.95 120.15 23.56
2022 04 21 04 12 64.77 120.14 23.42
2022 04 21 04 13 64.59 120.13 23.28
2022 04 21 04 14 64.41 120.12 23.14
2022 04 21 04 15 64.23 120.11 22.99
2022 04 21 04 16 64.05 120.10 22.85
2022 04 21 04 17 63.87 120.09 22.71
2022 04 21 04 18 63.69 120.08 22.57
2022 04 21 04 19 63.50 120.06 22.43
2022 04 21 04 20 63.32 120.05 22.29
2022 04 21 04 21 63.14 120.04 22.15
2022 04 21 04 22 62.95 120.03 22.02
2022 04 21 04 23 62.77 120.02 21.88
2022 04 21 04 24 62.59 120.00 21.74
2022 04 21 04 25 62.40 119.99 21.61
2022 04 21 04 26 62.22 119.98 21.48
2022 04 21 04 27 62.03 119.96 21.34
2022 04 21 04 28 61.84 119.95 21.21
2022 04 21 04 29 61.66 119.93 21.08
2022 04 21 04 30 61.47 0.00 0.00
2022 04 21 04 31 61.28 0.00 0.00
2022 04 21 04 32 61.10 0.00 0.00
2022 04 21 04 33 60.91 0.00 0.00
2022 04 21 04 34 60.72 0.00 0.00
2022 04 21 04 35 60.53 0.00 0.00
2022 04 21 04 36 60.34 0.00 0.00
2022 04 21 04 37 60.16 0.00 0.00
2022 04 21 04 38 59.97 0.00 0.00
2022 04 21 04 39 59.78 0.00 0.00
2022 04 21 04 40 59.59 0.00 0.00
2022 04 21 04 41 59.40 0.00 0.00
2022 04 21 04 42 59.21 0.00 0.00
2022 04 21 04 43 59.02 0.00 0.00
2022 04 21 04 44 58.82 0.00 0.00
2022 04 21 04 45 58.63 0.00 0.00
2022 04 21 04 46 58.44 0.00 0.00
2022 04 21 04 47 58.25 0.00 0.00
2022 04 21 04 48 58.06 0.00 0.00
2022 04 21 04 49 57.87 0.00 0.00
2022 04 21 04 50 57.67 0.00 0.00
2022 04 21 04 51 57.48 0.00 0.00
2022 04 21 04 52 57.29 0.00 0.00
2022 04 21 04 53 57.10 0.00 0.00
2022 04 21 04 54 56.90 0.00 0.00
2022 04 21 04 55 56.71 0.00 0.00
2022 04 21 04 56 56.52 0.00 0.00
2022 04 21 04 57 56.32 0.00 0.00
2022 04 21 04 58 56.13 0.00 0.00
2022 04 21 04 59 55.93 0.00 0.00
