1.683605139270118713e+09
1.683605144268904686e+09
1.683605148267966509e+09
1.683605152267024279e+09
1.683605156266086340e+09
1.683605161264909506e+09
1.683605166263734341e+09
1.683605170262796402e+09
1.683605174261858702e+09
1.683605179260679722e+09
1.683605183259738684e+09
1.683605187274420500e+09
1.683605191273480654e+09
1.683605196272305489e+09
1.683605200271365166e+09
1.683605204270428181e+09
1.683605208269485712e+09
1.683605212268587112e+09
1.683605216267608166e+09
1.683605220266665220e+09
1.683605224265727997e+09
1.683605228262273788e+09
1.683605232259952784e+09
1.683605237290050745e+09
1.683605241273452282e+09
1.683605245272551298e+09
1.683605249271570921e+09
1.683605253286252737e+09
1.683605257269738197e+09
1.683605261268806219e+09
1.683605265267810345e+09
1.683605269266874075e+09
1.683605273265969753e+09
1.683605277265028238e+09
1.683605281264053345e+09
1.683605286262875080e+09
1.683605290261978626e+09
1.683605294260995626e+09
1.683605298275676727e+09
1.683605302274737120e+09
1.683605306273796797e+09
1.683605310272859097e+09
1.683605314271919727e+09
1.683605318270979404e+09
1.683605322270036697e+09
1.683605326269134521e+09
1.683605330268157005e+09
1.683605334267218590e+09
1.683605338266276598e+09
1.683605342265337467e+09
1.683605346264396906e+09
1.683605350263457298e+09
1.683605354262517214e+09
1.683605358261576653e+09
1.683605362260636330e+09
1.683605366275318384e+09
1.683605370274379969e+09
1.683605374273439884e+09
1.683605378272497892e+09
1.683605382271558762e+09
1.683605386270617723e+09
1.683605391269489288e+09
1.683605395268502951e+09
1.683605399267565489e+09
1.683605403266622305e+09
1.683605407265683413e+09
1.683605412264521599e+09
1.683605416263567209e+09
1.683605420262628794e+09
1.683605424261687756e+09
1.683605429276173115e+09
1.683605433275233746e+09
1.683605437274254799e+09
1.683605441273313999e+09
1.683605445272413731e+09
1.683605449271436214e+09
1.683605453270493507e+09
1.683605457285174608e+09
1.683605461268652201e+09
1.683605465267673969e+09
1.683605469266736269e+09
1.683605473265793800e+09
1.683605477264854193e+09
1.683605481263913870e+09
1.683605485263022900e+09
1.683605489262032986e+09
1.683605494276482344e+09
1.683605498275542974e+09
1.683605503274368286e+09
1.683605507273425341e+09
1.683605511272522926e+09
1.683605515271547318e+09
1.683605519270606995e+09
1.683605523269665241e+09
1.683605527268724918e+09
1.683605531267785311e+09
1.683605535266898632e+09
1.683605539265905619e+09
1.683605543264967442e+09
1.683605547264025211e+09
1.683605551263085604e+09
1.683605555262145281e+09
1.683605559276863098e+09
1.683605563275886297e+09
1.683605567274948597e+09
1.683605571274005890e+09
1.683605575273066282e+09
1.683605579272125959e+09
1.683605583271186829e+09
1.683605587270246267e+09
1.683605591269308805e+09
1.683605595268368721e+09
1.683605600267241240e+09
1.683605604266252995e+09
1.683605608265313387e+09
1.683605612264374018e+09
1.683605616263469934e+09
1.683605620262493849e+09
1.683605624277173042e+09
1.683605628276234388e+09
1.683605632275294781e+09
1.683605636274352074e+09
1.683605640273412943e+09
1.683605644272472382e+09
1.683605648271532297e+09
1.683605652270592690e+09
1.683605656269652605e+09
1.683605660268714190e+09
1.683605664267812490e+09
1.683605668274769068e+09
1.683605672273830414e+09
1.683605676272889614e+09
1.683605680272002697e+09
1.683605684271107197e+09
1.683605688270120144e+09
1.683605692284860134e+09
1.683605696268240213e+09
1.683605700267300129e+09
1.683605704266360283e+09
1.683605708265422583e+09
1.683605712264482498e+09
1.683605716263540268e+09
1.683605720262600899e+09
1.683605724277281284e+09
1.683605728276343346e+09
