3.937428951263427734e+00
3.843124866485595703e+00
3.796897172927856445e+00
3.796957015991210938e+00
3.828070163726806641e+00
3.765423774719238281e+00
3.828231811523437500e+00
3.843741893768310547e+00
3.718801259994506836e+00
3.843685388565063477e+00
3.843989849090576172e+00
3.828148365020751953e+00
3.796892404556274414e+00
3.796801090240478516e+00
3.828169107437133789e+00
3.843579769134521484e+00
3.843697071075439453e+00
3.843394517898559570e+00
3.843753576278686523e+00
3.843759059906005859e+00
3.843729972839355469e+00
3.828151464462280273e+00
3.827674627304077148e+00
3.828099489212036133e+00
3.765635728836059570e+00
3.812566518783569336e+00
3.828128814697265625e+00
3.796607017517089844e+00
3.812106370925903320e+00
3.828481197357177734e+00
3.843786478042602539e+00
3.828463077545166016e+00
3.843550443649291992e+00
3.843596935272216797e+00
3.844151973724365234e+00
3.828037023544311523e+00
3.843377590179443359e+00
3.827705621719360352e+00
3.828142404556274414e+00
3.827720642089843750e+00
3.843595981597900391e+00
3.797012090682983398e+00
3.765666484832763672e+00
3.828469038009643555e+00
3.843348503112792969e+00
3.843984842300415039e+00
3.827932834625244141e+00
3.843426227569580078e+00
3.843559026718139648e+00
3.828142404556274414e+00
3.843212127685546875e+00
3.843604326248168945e+00
3.828556537628173828e+00
3.828218460083007812e+00
3.843721389770507812e+00
3.781237840652465820e+00
3.812219858169555664e+00
3.765647411346435547e+00
3.828094244003295898e+00
3.828144788742065430e+00
3.828208684921264648e+00
3.843718767166137695e+00
3.844200849533081055e+00
3.843387842178344727e+00
3.849058151245117188e+00
3.828031539916992188e+00
3.843398809432983398e+00
3.828151941299438477e+00
3.843879938125610352e+00
3.828142166137695312e+00
3.812565565109252930e+00
3.828574657440185547e+00
3.781047821044921875e+00
3.828165769577026367e+00
3.827730178833007812e+00
3.843887329101562500e+00
3.796871423721313477e+00
3.843775272369384766e+00
3.781364679336547852e+00
3.828439235687255859e+00
3.828078985214233398e+00
3.781333446502685547e+00
3.828194856643676758e+00
3.828130722045898438e+00
3.843744993209838867e+00
3.843768596649169922e+00
3.844020366668701172e+00
3.843693494796752930e+00
3.859378814697265625e+00
3.843842983245849609e+00
3.844250440597534180e+00
3.843374490737915039e+00
3.781166315078735352e+00
3.843698501586914062e+00
3.844159126281738281e+00
3.843379974365234375e+00
3.843582868576049805e+00
3.812365055084228516e+00
3.796494007110595703e+00
3.827503681182861328e+00
3.843660116195678711e+00
3.828210115432739258e+00
3.828077793121337891e+00
3.796878099441528320e+00
3.828394889831542969e+00
3.828107595443725586e+00
3.828040599822998047e+00
3.828303098678588867e+00
3.733993053436279297e+00
3.812796354293823242e+00
3.828067541122436523e+00
3.827790737152099609e+00
3.827997207641601562e+00
3.827922105789184570e+00
3.734183073043823242e+00
3.828146696090698242e+00
3.843742370605468750e+00
3.843537092208862305e+00
3.843390703201293945e+00
3.843529462814331055e+00
3.843693256378173828e+00
3.828004837036132812e+00
3.843633651733398438e+00
3.843715906143188477e+00
3.828583478927612305e+00
3.827969551086425781e+00
3.827955961227416992e+00
3.828333616256713867e+00
3.796875953674316406e+00
3.781506299972534180e+00
3.828105688095092773e+00
3.843613147735595703e+00
3.843758106231689453e+00
3.843745470046997070e+00
3.828111171722412109e+00
3.843757629394531250e+00
3.843944787979125977e+00
3.781111717224121094e+00
3.828144311904907227e+00
3.828476190567016602e+00
3.828450441360473633e+00
3.812469720840454102e+00
3.828450441360473633e+00
3.749899148941040039e+00
3.812371969223022461e+00
3.828107595443725586e+00
3.828388452529907227e+00
3.843960523605346680e+00
3.843982219696044922e+00
3.843541383743286133e+00
3.843415737152099609e+00
3.843367099761962891e+00
3.843696355819702148e+00
3.828147888183593750e+00
3.843683958053588867e+00
3.828101873397827148e+00
3.734597206115722656e+00
3.828138589859008789e+00
3.781266450881958008e+00
3.828403711318969727e+00
3.828027009963989258e+00
3.828043937683105469e+00
3.843770503997802734e+00
3.844136714935302734e+00
3.828086614608764648e+00
3.828229904174804688e+00
3.828602552413940430e+00
3.828058958053588867e+00
3.828093528747558594e+00
3.828166484832763672e+00
3.812520027160644531e+00
3.828044176101684570e+00
3.812085628509521484e+00
3.828160285949707031e+00
3.827672243118286133e+00
3.796853303909301758e+00
3.828305959701538086e+00
3.843586206436157227e+00
3.843651771545410156e+00
3.843976020812988281e+00
3.843716382980346680e+00
3.843665122985839844e+00
3.828169584274291992e+00
3.843773365020751953e+00
3.812465429306030273e+00
3.812519311904907227e+00
3.828057765960693359e+00
3.828136920928955078e+00
3.812697172164916992e+00
3.796894311904907227e+00
3.734631061553955078e+00
3.828251361846923828e+00
3.828096389770507812e+00
3.843486785888671875e+00
3.828175306320190430e+00
3.843561172485351562e+00
3.827969074249267578e+00
3.843466758728027344e+00
3.828084468841552734e+00
3.796377897262573242e+00
3.828191041946411133e+00
3.843363523483276367e+00
3.828198671340942383e+00
3.828244686126708984e+00
3.734864473342895508e+00
3.828069925308227539e+00
3.828536510467529297e+00
3.750032663345336914e+00
3.828202486038208008e+00
3.828072786331176758e+00
3.765221834182739258e+00
3.828028202056884766e+00
3.828057289123535156e+00
3.843431949615478516e+00
3.827511310577392578e+00
3.828115701675415039e+00
3.765829086303710938e+00
3.828121185302734375e+00
3.828249216079711914e+00
3.828202486038208008e+00
3.859089851379394531e+00
3.828163862228393555e+00
3.828092813491821289e+00
3.828082084655761719e+00
3.796787261962890625e+00
3.828117847442626953e+00
3.828166007995605469e+00
3.765667915344238281e+00
3.828125000000000000e+00
3.828058719635009766e+00
3.812320470809936523e+00
3.812405586242675781e+00
3.828070163726806641e+00
3.827960491180419922e+00
3.843624591827392578e+00
3.828020095825195312e+00
3.827830553054809570e+00
3.827816963195800781e+00
3.827884197235107422e+00
3.843831062316894531e+00
3.827994585037231445e+00
3.828032970428466797e+00
3.827824354171752930e+00
3.827549457550048828e+00
3.812605619430541992e+00
3.828184366226196289e+00
3.812570333480834961e+00
3.828119277954101562e+00
3.828130960464477539e+00
3.828012704849243164e+00
3.828112363815307617e+00
3.827822446823120117e+00
3.828051328659057617e+00
3.828027009963989258e+00
3.843755006790161133e+00
3.828008890151977539e+00
3.843938827514648438e+00
3.827596187591552734e+00
3.796864986419677734e+00
3.812510251998901367e+00
3.812411308288574219e+00
3.828230142593383789e+00
3.828190088272094727e+00
3.828133821487426758e+00
3.828415870666503906e+00
3.828176021575927734e+00
3.827794313430786133e+00
3.843715906143188477e+00
3.828081130981445312e+00
3.827987909317016602e+00
3.828168153762817383e+00
3.828046321868896484e+00
3.828237771987915039e+00
3.827836036682128906e+00
3.812623977661132812e+00
3.780989408493041992e+00
3.828085660934448242e+00
3.827998161315917969e+00
3.828126907348632812e+00
3.828648567199707031e+00
3.843891859054565430e+00
3.828047275543212891e+00
3.828123331069946289e+00
3.827711343765258789e+00
3.828364849090576172e+00
3.812332868576049805e+00
3.828189134597778320e+00
3.750125646591186523e+00
3.828117132186889648e+00
3.812338113784790039e+00
3.844177484512329102e+00
3.812210559844970703e+00
3.687399625778198242e+00
3.828124284744262695e+00
3.828092336654663086e+00
3.843746185302734375e+00
3.828096389770507812e+00
3.828043699264526367e+00
3.827877283096313477e+00
3.828575134277343750e+00
3.827934741973876953e+00
3.749774694442749023e+00
3.828056335449218750e+00
3.827907800674438477e+00
3.828046083450317383e+00
3.765457153320312500e+00
3.812514781951904297e+00
3.780886411666870117e+00
3.828145742416381836e+00
3.812462568283081055e+00
3.827760934829711914e+00
3.828132152557373047e+00
3.828314542770385742e+00
3.828098535537719727e+00
3.734083890914916992e+00
3.827952623367309570e+00
3.827666044235229492e+00
3.828039646148681641e+00
3.827874898910522461e+00
3.844042539596557617e+00
3.812498092651367188e+00
3.812477588653564453e+00
3.828152179718017578e+00
3.811999082565307617e+00
3.828140020370483398e+00
3.828029632568359375e+00
3.827793121337890625e+00
3.828139305114746094e+00
3.828120946884155273e+00
3.828077793121337891e+00
3.827691316604614258e+00
3.828166007995605469e+00
3.827920436859130859e+00
3.796797990798950195e+00
3.796626091003417969e+00
3.765631437301635742e+00
3.843292236328125000e+00
3.796607732772827148e+00
3.796906948089599609e+00
3.828310012817382812e+00
3.828078508377075195e+00
3.828140020370483398e+00
3.827950239181518555e+00
3.828090429306030273e+00
3.828075647354125977e+00
3.828118085861206055e+00
3.828179836273193359e+00
3.843591451644897461e+00
3.812511920928955078e+00
3.828485250473022461e+00
3.796766757965087891e+00
3.843395709991455078e+00
3.781020164489746094e+00
3.812279462814331055e+00
3.843351125717163086e+00
3.827856779098510742e+00
3.843424081802368164e+00
3.843339443206787109e+00
3.843832492828369141e+00
3.828148603439331055e+00
3.843576431274414062e+00
3.843573808670043945e+00
3.843915462493896484e+00
3.843751430511474609e+00
3.843714237213134766e+00
3.718670368194580078e+00
3.812331914901733398e+00
3.796703100204467773e+00
3.827782154083251953e+00
3.843698501586914062e+00
3.843401432037353516e+00
3.843751668930053711e+00
3.843692779541015625e+00
3.843470096588134766e+00
3.843697786331176758e+00
3.843243122100830078e+00
3.843883514404296875e+00
3.828086137771606445e+00
3.843580245971679688e+00
3.843747854232788086e+00
3.843532800674438477e+00
3.812479734420776367e+00
3.828107833862304688e+00
3.812294721603393555e+00
3.828150749206542969e+00
3.828003883361816406e+00
3.843627929687500000e+00
3.859403610229492188e+00
3.843904733657836914e+00
3.843775987625122070e+00
3.843694925308227539e+00
3.843400478363037109e+00
3.843757152557373047e+00
3.843695878982543945e+00
3.843743324279785156e+00
3.827965021133422852e+00
3.828131675720214844e+00
3.858949661254882812e+00
3.828099727630615234e+00
3.812229633331298828e+00
3.828441858291625977e+00
3.843713283538818359e+00
3.843694210052490234e+00
3.843836307525634766e+00
3.843667745590209961e+00
3.843814134597778320e+00
3.843419313430786133e+00
3.843724250793457031e+00
3.843906402587890625e+00
3.843782663345336914e+00
3.843743085861206055e+00
3.843679428100585938e+00
3.843722820281982422e+00
3.780693531036376953e+00
3.827767133712768555e+00
3.828105211257934570e+00
3.843744754791259766e+00
3.843333959579467773e+00
3.843727588653564453e+00
3.843743801116943359e+00
3.843183994293212891e+00
3.859404325485229492e+00
3.812555789947509766e+00
3.859108686447143555e+00
3.812491893768310547e+00
3.796814680099487305e+00
3.843755245208740234e+00
3.749836921691894531e+00
3.828125476837158203e+00
3.828034639358520508e+00
3.828233242034912109e+00
3.843693494796752930e+00
3.843748092651367188e+00
3.843497276306152344e+00
3.843769073486328125e+00
3.843800067901611328e+00
3.843988418579101562e+00
3.843835115432739258e+00
3.843716382980346680e+00
3.843989610671997070e+00
3.843765735626220703e+00
3.781172752380371094e+00
3.843139171600341797e+00
3.765337705612182617e+00
3.828189373016357422e+00
3.828067302703857422e+00
3.843555450439453125e+00
3.843751668930053711e+00
3.843456506729125977e+00
3.843595027923583984e+00
3.828061342239379883e+00
3.843339204788208008e+00
3.843679666519165039e+00
3.843807697296142578e+00
3.796781778335571289e+00
3.812837839126586914e+00
3.812449932098388672e+00
3.827680826187133789e+00
3.796986579895019531e+00
3.843741178512573242e+00
3.750000715255737305e+00
3.843525171279907227e+00
3.843819618225097656e+00
3.843714237213134766e+00
3.843646049499511719e+00
3.843490123748779297e+00
3.843971252441406250e+00
3.843438148498535156e+00
3.843764305114746094e+00
3.843980073928833008e+00
3.843697547912597656e+00
3.827971458435058594e+00
3.828146696090698242e+00
3.843656778335571289e+00
3.796824455261230469e+00
3.828468799591064453e+00
3.827992200851440430e+00
3.843689203262329102e+00
3.843601226806640625e+00
3.843643426895141602e+00
3.843805789947509766e+00
3.843700885772705078e+00
3.843834161758422852e+00
3.828049421310424805e+00
3.843995332717895508e+00
3.797114372253417969e+00
3.843915700912475586e+00
3.812474727630615234e+00
3.843732595443725586e+00
3.796886920928955078e+00
3.828219413757324219e+00
3.828194618225097656e+00
3.827868938446044922e+00
3.843637943267822266e+00
3.827845096588134766e+00
3.843341112136840820e+00
3.843757629394531250e+00
3.828012466430664062e+00
3.843583345413208008e+00
3.844055414199829102e+00
3.828202247619628906e+00
3.828124046325683594e+00
3.812712907791137695e+00
3.828102827072143555e+00
3.765295982360839844e+00
3.828042984008789062e+00
3.828116416931152344e+00
3.843912124633789062e+00
3.843740701675415039e+00
3.843683481216430664e+00
3.843731164932250977e+00
3.844004631042480469e+00
3.843688726425170898e+00
3.781231641769409180e+00
3.828571557998657227e+00
3.843522310256958008e+00
3.843972921371459961e+00
3.749808788299560547e+00
3.828051328659057617e+00
3.796888589859008789e+00
3.828186035156250000e+00
3.734343051910400391e+00
3.843615770339965820e+00
3.843779325485229492e+00
3.796833276748657227e+00
3.843580007553100586e+00
3.843691825866699219e+00
3.843977451324462891e+00
3.812503099441528320e+00
3.828156471252441406e+00
3.859585285186767578e+00
3.843673467636108398e+00
3.843718767166137695e+00
3.828132867813110352e+00
3.828008890151977539e+00
3.765551090240478516e+00
3.812527656555175781e+00
3.828501224517822266e+00
3.843684911727905273e+00
3.843701601028442383e+00
3.843498468399047852e+00
3.843761205673217773e+00
3.843844175338745117e+00
3.843700170516967773e+00
3.781243801116943359e+00
3.828052043914794922e+00
3.843730211257934570e+00
3.828123092651367188e+00
3.828144073486328125e+00
3.828121423721313477e+00
3.796909332275390625e+00
3.828406810760498047e+00
3.796895980834960938e+00
3.843782424926757812e+00
3.828296661376953125e+00
3.843787908554077148e+00
3.843969583511352539e+00
3.796778440475463867e+00
3.843518495559692383e+00
3.843750238418579102e+00
3.843602895736694336e+00
3.796803474426269531e+00
3.828535318374633789e+00
3.843856811523437500e+00
3.843722581863403320e+00
3.827968120574951172e+00
3.812478065490722656e+00
3.827795028686523438e+00
3.828195095062255859e+00
3.843736410140991211e+00
3.843728065490722656e+00
3.796965360641479492e+00
3.843653440475463867e+00
3.843739748001098633e+00
3.828136205673217773e+00
3.827694892883300781e+00
3.843659877777099609e+00
3.827776193618774414e+00
3.828406572341918945e+00
3.828147172927856445e+00
3.828498601913452148e+00
3.827573537826538086e+00
3.796833992004394531e+00
3.796876668930053711e+00
3.828262329101562500e+00
3.828300476074218750e+00
3.828129053115844727e+00
3.812192916870117188e+00
3.796366214752197266e+00
3.812402486801147461e+00
3.780992507934570312e+00
3.828184843063354492e+00
3.844249725341796875e+00
3.827973365783691406e+00
3.843492031097412109e+00
3.828139543533325195e+00
3.843835830688476562e+00
3.828171253204345703e+00
3.828236341476440430e+00
3.828312158584594727e+00
3.828263044357299805e+00
3.828659772872924805e+00
3.796831607818603516e+00
3.780694246292114258e+00
3.828284025192260742e+00
3.827988862991333008e+00
3.828058004379272461e+00
3.828184604644775391e+00
3.843650817871093750e+00
3.843870639801025391e+00
3.797089576721191406e+00
3.828260183334350586e+00
3.843754291534423828e+00
3.828202724456787109e+00
3.843724966049194336e+00
3.843365192413330078e+00
3.828085899353027344e+00
3.828222274780273438e+00
3.843647003173828125e+00
3.796869277954101562e+00
3.812926769256591797e+00
3.765531539916992188e+00
3.828086614608764648e+00
3.827898263931274414e+00
3.843755006790161133e+00
3.828200101852416992e+00
3.828141450881958008e+00
3.843807697296142578e+00
3.827920436859130859e+00
3.828057050704956055e+00
3.843751430511474609e+00
3.843973159790039062e+00
3.828102827072143555e+00
3.781114816665649414e+00
3.827790260314941406e+00
3.796854972839355469e+00
3.781094789505004883e+00
3.828155279159545898e+00
3.827988147735595703e+00
3.843314409255981445e+00
3.827985048294067383e+00
3.828258037567138672e+00
3.827949762344360352e+00
3.828455209732055664e+00
3.796842813491821289e+00
3.828201055526733398e+00
3.828082799911499023e+00
3.828039646148681641e+00
3.828531503677368164e+00
3.827918767929077148e+00
3.812425374984741211e+00
3.765686273574829102e+00
3.828076839447021484e+00
3.828140974044799805e+00
3.828198909759521484e+00
3.828165292739868164e+00
3.827937126159667969e+00
3.827958583831787109e+00
3.828264713287353516e+00
3.796907424926757812e+00
3.828177213668823242e+00
3.828000545501708984e+00
3.828091144561767578e+00
3.796998500823974609e+00
3.733912229537963867e+00
3.828009843826293945e+00
3.781340599060058594e+00
3.828259944915771484e+00
3.828100442886352539e+00
3.827913999557495117e+00
3.828080177307128906e+00
3.843461036682128906e+00
3.828068971633911133e+00
3.828154325485229492e+00
3.828060150146484375e+00
3.828351497650146484e+00
3.827755689620971680e+00
3.765739917755126953e+00
3.827858686447143555e+00
3.827811479568481445e+00
3.796886444091796875e+00
3.827992916107177734e+00
3.812529563903808594e+00
3.828115701675415039e+00
3.844020128250122070e+00
3.843793869018554688e+00
3.828101873397827148e+00
3.827554702758789062e+00
3.828012943267822266e+00
3.827651977539062500e+00
3.828008413314819336e+00
3.765748500823974609e+00
3.827577114105224609e+00
3.812477111816406250e+00
3.827987194061279297e+00
3.828131198883056641e+00
3.796911001205444336e+00
3.812273025512695312e+00
3.827987909317016602e+00
3.827862024307250977e+00
3.828106164932250977e+00
3.828157663345336914e+00
3.827896356582641602e+00
3.828023195266723633e+00
3.828090906143188477e+00
3.780897617340087891e+00
3.812537431716918945e+00
3.812491893768310547e+00
3.828366041183471680e+00
3.828078031539916992e+00
3.749759197235107422e+00
3.812367677688598633e+00
3.796988487243652344e+00
3.827689170837402344e+00
3.828128576278686523e+00
3.828106164932250977e+00
3.828072071075439453e+00
3.828108787536621094e+00
3.827352285385131836e+00
3.843717098236083984e+00
3.827611684799194336e+00
3.827897548675537109e+00
3.781330823898315430e+00
3.828378915786743164e+00
3.796792984008789062e+00
3.812425136566162109e+00
3.749872446060180664e+00
3.827726602554321289e+00
3.827661037445068359e+00
3.828094244003295898e+00
3.827911853790283203e+00
3.827876806259155273e+00
3.828133583068847656e+00
3.828099012374877930e+00
3.812588930130004883e+00
3.827923059463500977e+00
3.827591180801391602e+00
3.828117132186889648e+00
3.781103849411010742e+00
3.828171253204345703e+00
3.812270879745483398e+00
3.827811002731323242e+00
3.827374696731567383e+00
3.828043222427368164e+00
3.827803850173950195e+00
3.812428712844848633e+00
3.828055858612060547e+00
3.827644586563110352e+00
3.718807935714721680e+00
3.812616348266601562e+00
3.812490701675415039e+00
3.812560796737670898e+00
3.828430891036987305e+00
3.827985525131225586e+00
3.812298059463500977e+00
3.827919960021972656e+00
3.827954292297363281e+00
3.827985525131225586e+00
3.827561855316162109e+00
3.843680143356323242e+00
3.828146219253540039e+00
3.827780961990356445e+00
3.827957630157470703e+00
3.812201261520385742e+00
3.796707868576049805e+00
3.812249422073364258e+00
3.796580791473388672e+00
3.828092336654663086e+00
3.796908855438232422e+00
3.828090429306030273e+00
3.828330755233764648e+00
3.828063011169433594e+00
3.828213453292846680e+00
3.828494787216186523e+00
3.828284740447998047e+00
3.828073978424072266e+00
3.828147172927856445e+00
3.828465700149536133e+00
3.827934026718139648e+00
3.827851772308349609e+00
3.796740055084228516e+00
3.828182697296142578e+00
3.781207561492919922e+00
3.828069210052490234e+00
3.843583583831787109e+00
3.843884706497192383e+00
3.843696832656860352e+00
3.828431606292724609e+00
3.828260421752929688e+00
3.844145536422729492e+00
3.843630313873291016e+00
3.843770265579223633e+00
3.843723773956298828e+00
3.843884229660034180e+00
3.843799114227294922e+00
3.796639680862426758e+00
3.843528032302856445e+00
3.828174114227294922e+00
3.827825307846069336e+00
3.843644380569458008e+00
3.843744993209838867e+00
3.843820333480834961e+00
3.843881845474243164e+00
3.844043493270874023e+00
3.843476772308349609e+00
3.843512296676635742e+00
3.843676090240478516e+00
3.843863725662231445e+00
3.843716621398925781e+00
3.718892574310302734e+00
3.828074693679809570e+00
3.781146764755249023e+00
3.796922683715820312e+00
3.843688249588012695e+00
3.796962022781372070e+00
3.827977180480957031e+00
3.843276023864746094e+00
3.843609571456909180e+00
3.812510967254638672e+00
3.828040838241577148e+00
3.827993631362915039e+00
3.843430042266845703e+00
3.828075408935546875e+00
3.812521457672119141e+00
3.843465566635131836e+00
3.765106201171875000e+00
3.827955961227416992e+00
3.843545675277709961e+00
3.812598228454589844e+00
3.812673330307006836e+00
3.843655824661254883e+00
3.843546152114868164e+00
3.843711853027343750e+00
3.843733310699462891e+00
3.844139099121093750e+00
3.843511343002319336e+00
3.843381643295288086e+00
3.812862634658813477e+00
3.828493356704711914e+00
3.797315597534179688e+00
3.843520164489746094e+00
3.812532186508178711e+00
3.843506097793579102e+00
3.781298637390136719e+00
3.828039169311523438e+00
3.843772888183593750e+00
3.843697547912597656e+00
3.828329324722290039e+00
3.843469142913818359e+00
3.843859434127807617e+00
3.843779325485229492e+00
3.843765258789062500e+00
3.843766450881958008e+00
3.812177896499633789e+00
3.843479633331298828e+00
3.843720197677612305e+00
3.843613624572753906e+00
3.812514305114746094e+00
3.780979871749877930e+00
3.828075885772705078e+00
3.843789100646972656e+00
3.828042268753051758e+00
3.843687772750854492e+00
3.843527793884277344e+00
3.859246015548706055e+00
3.843643426895141602e+00
3.843892335891723633e+00
3.843718051910400391e+00
3.843796968460083008e+00
3.843616247177124023e+00
3.797279357910156250e+00
3.734340906143188477e+00
3.843033790588378906e+00
3.828110456466674805e+00
3.781412363052368164e+00
3.796607494354248047e+00
3.843437433242797852e+00
3.843187570571899414e+00
3.797055482864379883e+00
3.843693256378173828e+00
3.843734264373779297e+00
3.843707323074340820e+00
3.843625068664550781e+00
3.844052314758300781e+00
3.765449285507202148e+00
3.828087091445922852e+00
3.844184875488281250e+00
3.843413114547729492e+00
3.796926021575927734e+00
3.827751159667968750e+00
3.812538862228393555e+00
3.812802553176879883e+00
3.843599081039428711e+00
3.843578100204467773e+00
3.843985557556152344e+00
3.843664646148681641e+00
3.843714237213134766e+00
3.843624353408813477e+00
3.843558311462402344e+00
3.828140974044799805e+00
3.828098535537719727e+00
3.828017234802246094e+00
3.843810558319091797e+00
3.796449422836303711e+00
3.734354019165039062e+00
3.827926874160766602e+00
3.796576976776123047e+00
3.844038248062133789e+00
3.843697547912597656e+00
3.843846082687377930e+00
3.843770742416381836e+00
3.843475341796875000e+00
3.843607425689697266e+00
3.843215465545654297e+00
3.843453884124755859e+00
3.843611478805541992e+00
3.843489885330200195e+00
3.796735048294067383e+00
3.797014474868774414e+00
3.827998399734497070e+00
3.828146219253540039e+00
3.828348875045776367e+00
3.828214645385742188e+00
3.843741655349731445e+00
3.843725681304931641e+00
3.843765497207641602e+00
3.843654632568359375e+00
3.828079223632812500e+00
3.843605518341064453e+00
3.843579530715942383e+00
3.843824148178100586e+00
3.843728065490722656e+00
3.812463760375976562e+00
3.828587532043457031e+00
3.796876668930053711e+00
3.828263998031616211e+00
3.828213214874267578e+00
3.843879938125610352e+00
3.843685388565063477e+00
3.843722820281982422e+00
3.843678951263427734e+00
3.843450307846069336e+00
3.844060420989990234e+00
3.843583583831787109e+00
3.828005313873291016e+00
3.796914577484130859e+00
3.828093528747558594e+00
3.812466859817504883e+00
3.828115463256835938e+00
3.797058582305908203e+00
3.796935319900512695e+00
3.812517881393432617e+00
3.843674659729003906e+00
3.843803405761718750e+00
3.843745231628417969e+00
3.843774795532226562e+00
3.827983140945434570e+00
3.843749761581420898e+00
3.844074249267578125e+00
3.828666925430297852e+00
3.843439340591430664e+00
3.843740463256835938e+00
3.827852010726928711e+00
3.827892780303955078e+00
3.812382221221923828e+00
3.828034877777099609e+00
3.765930652618408203e+00
3.828062295913696289e+00
3.844148397445678711e+00
3.844214916229248047e+00
3.843502998352050781e+00
3.843423843383789062e+00
3.843568325042724609e+00
3.797291517257690430e+00
3.812937498092651367e+00
3.843419551849365234e+00
3.843659400939941406e+00
3.812541007995605469e+00
3.796675682067871094e+00
3.828116655349731445e+00
3.796717882156372070e+00
3.828080177307128906e+00
3.828036785125732422e+00
3.827920913696289062e+00
3.843751192092895508e+00
3.843703269958496094e+00
3.843509435653686523e+00
3.843388319015502930e+00
3.843511581420898438e+00
3.828089714050292969e+00
3.828115463256835938e+00
3.813019990921020508e+00
3.828048229217529297e+00
3.734233379364013672e+00
3.827733755111694336e+00
3.812391042709350586e+00
3.828103303909301758e+00
3.828021526336669922e+00
3.828136920928955078e+00
3.844002485275268555e+00
3.828462123870849609e+00
3.843595981597900391e+00
3.828191757202148438e+00
3.843512296676635742e+00
3.828125476837158203e+00
3.843974351882934570e+00
3.796742916107177734e+00
3.812855720520019531e+00
3.812536478042602539e+00
3.827948808670043945e+00
3.812278032302856445e+00
3.827713727951049805e+00
3.796706438064575195e+00
3.828042745590209961e+00
3.843849182128906250e+00
3.843532800674438477e+00
3.843595027923583984e+00
3.858508348464965820e+00
3.827954769134521484e+00
3.843592166900634766e+00
3.812392234802246094e+00
3.827914237976074219e+00
3.827894687652587891e+00
3.827826499938964844e+00
3.765487432479858398e+00
3.828105926513671875e+00
3.781438589096069336e+00
3.828451633453369141e+00
3.828155040740966797e+00
3.843968391418457031e+00
3.843551874160766602e+00
3.843855857849121094e+00
3.843553543090820312e+00
3.828000068664550781e+00
3.828115940093994141e+00
3.828252792358398438e+00
3.844154596328735352e+00
3.828261375427246094e+00
3.828380823135375977e+00
3.843797445297241211e+00
3.812429904937744141e+00
3.765676021575927734e+00
3.828229665756225586e+00
3.828318357467651367e+00
3.750006437301635742e+00
3.843512535095214844e+00
3.812512636184692383e+00
3.812800168991088867e+00
3.843670606613159180e+00
3.827872514724731445e+00
3.812417507171630859e+00
3.828142881393432617e+00
3.796848535537719727e+00
3.828149318695068359e+00
3.828215837478637695e+00
3.843647480010986328e+00
3.843659639358520508e+00
3.843616485595703125e+00
3.828057765960693359e+00
3.844048261642456055e+00
3.828167915344238281e+00
3.843908786773681641e+00
3.843509435653686523e+00
3.838336706161499023e+00
3.828095197677612305e+00
3.812335491180419922e+00
3.827728748321533203e+00
3.827882528305053711e+00
3.828143596649169922e+00
3.828362941741943359e+00
3.828118562698364258e+00
3.827479124069213867e+00
3.828002214431762695e+00
3.828060388565063477e+00
3.827146053314208984e+00
3.781296968460083008e+00
3.828116416931152344e+00
3.828565835952758789e+00
3.812801837921142578e+00
3.796681404113769531e+00
3.812846422195434570e+00
3.838984489440917969e+00
3.828134775161743164e+00
3.828115940093994141e+00
3.828020811080932617e+00
3.827856540679931641e+00
3.828072309494018555e+00
3.827973365783691406e+00
3.828353881835937500e+00
3.828029155731201172e+00
3.827905416488647461e+00
3.827937126159667969e+00
3.828390598297119141e+00
3.796798467636108398e+00
3.827911376953125000e+00
3.827938556671142578e+00
3.781309127807617188e+00
3.828305721282958984e+00
3.796906232833862305e+00
3.827872037887573242e+00
3.828107357025146484e+00
3.828112363815307617e+00
3.827903509140014648e+00
3.828036546707153320e+00
3.827848196029663086e+00
3.828015804290771484e+00
3.828300714492797852e+00
3.827752590179443359e+00
3.828058719635009766e+00
3.828411340713500977e+00
3.828034162521362305e+00
3.828125476837158203e+00
3.796591520309448242e+00
3.812441587448120117e+00
3.828158855438232422e+00
3.827899217605590820e+00
3.828117132186889648e+00
3.828052520751953125e+00
3.828009128570556641e+00
3.827873229980468750e+00
3.828580856323242188e+00
3.812146425247192383e+00
3.827895879745483398e+00
3.812246322631835938e+00
3.828569173812866211e+00
3.812311410903930664e+00
3.796621084213256836e+00
3.734351396560668945e+00
3.811864614486694336e+00
3.796889305114746094e+00
3.828400611877441406e+00
3.828041791915893555e+00
3.828227043151855469e+00
3.828108787536621094e+00
3.827909231185913086e+00
3.827796459197998047e+00
3.844027042388916016e+00
3.828035831451416016e+00
3.843706130981445312e+00
3.828184127807617188e+00
3.828316926956176758e+00
3.812441825866699219e+00
3.765359163284301758e+00
3.812793016433715820e+00
3.828150033950805664e+00
3.827950239181518555e+00
3.828066587448120117e+00
3.827726125717163086e+00
3.827628374099731445e+00
3.828022480010986328e+00
3.827944278717041016e+00
3.828181028366088867e+00
3.828110456466674805e+00
3.827881813049316406e+00
3.796679735183715820e+00
3.734232187271118164e+00
3.812134265899658203e+00
3.781632900238037109e+00
3.812540531158447266e+00
3.812454700469970703e+00
3.827810525894165039e+00
3.828147888183593750e+00
3.844121932983398438e+00
3.828056573867797852e+00
3.828404903411865234e+00
3.828049182891845703e+00
3.828056335449218750e+00
3.828080892562866211e+00
3.827918767929077148e+00
3.734404563903808594e+00
3.812317848205566406e+00
3.780793905258178711e+00
3.796920299530029297e+00
3.812464952468872070e+00
3.734419822692871094e+00
3.827928543090820312e+00
3.827852010726928711e+00
3.827923536300659180e+00
3.827848672866821289e+00
3.828263759613037109e+00
3.827900409698486328e+00
3.828128337860107422e+00
3.827883720397949219e+00
3.812190532684326172e+00
3.827950239181518555e+00
3.827893257141113281e+00
3.796646595001220703e+00
3.796663522720336914e+00
3.812169790267944336e+00
3.812131166458129883e+00
3.828050613403320312e+00
3.828040838241577148e+00
3.827702045440673828e+00
3.828342199325561523e+00
3.827870845794677734e+00
3.827920436859130859e+00
3.827824831008911133e+00
3.827928781509399414e+00
3.828097105026245117e+00
3.827852487564086914e+00
3.796525239944458008e+00
3.797328948974609375e+00
3.780846595764160156e+00
3.812300205230712891e+00
3.812622070312500000e+00
3.812268257141113281e+00
3.827836990356445312e+00
3.828147411346435547e+00
3.827923297882080078e+00
3.827812433242797852e+00
3.828191995620727539e+00
3.843767642974853516e+00
3.828388929367065430e+00
3.828431606292724609e+00
3.827870368957519531e+00
3.828294277191162109e+00
3.828448057174682617e+00
3.827914237976074219e+00
3.827769756317138672e+00
3.843287467956542969e+00
3.796993970870971680e+00
3.843616008758544922e+00
3.843556880950927734e+00
3.843753814697265625e+00
3.843384027481079102e+00
3.843771457672119141e+00
3.843769311904907227e+00
3.843757152557373047e+00
3.843329668045043945e+00
3.843620777130126953e+00
3.827585220336914062e+00
3.843960285186767578e+00
3.843611717224121094e+00
3.812356233596801758e+00
3.796555042266845703e+00
3.796835422515869141e+00
3.843357324600219727e+00
3.843477010726928711e+00
3.843745231628417969e+00
3.843492746353149414e+00
3.843698501586914062e+00
3.843459844589233398e+00
3.843654632568359375e+00
3.734282016754150391e+00
3.843522787094116211e+00
3.843529701232910156e+00
3.843840599060058594e+00
3.843724489212036133e+00
3.781204938888549805e+00
3.827714681625366211e+00
3.765353918075561523e+00
3.827813148498535156e+00
3.843634128570556641e+00
3.843726158142089844e+00
3.843648672103881836e+00
3.843244075775146484e+00
3.843948125839233398e+00
3.843520879745483398e+00
3.844081401824951172e+00
3.843417882919311523e+00
3.843691349029541016e+00
3.843284606933593750e+00
3.843628406524658203e+00
3.843582868576049805e+00
3.812096595764160156e+00
3.827815532684326172e+00
3.843677997589111328e+00
3.858586311340332031e+00
3.843788146972656250e+00
3.859183788299560547e+00
3.843505859375000000e+00
3.843489170074462891e+00
3.843753099441528320e+00
3.843464851379394531e+00
3.843391180038452148e+00
3.843548297882080078e+00
3.843552589416503906e+00
3.843695878982543945e+00
3.844143390655517578e+00
3.828242778778076172e+00
3.827671527862548828e+00
3.796630859375000000e+00
3.827977895736694336e+00
3.844151020050048828e+00
3.796686649322509766e+00
3.843418359756469727e+00
3.844092845916748047e+00
3.843392610549926758e+00
3.843805789947509766e+00
3.843516111373901367e+00
3.843613862991333008e+00
3.828143835067749023e+00
3.828123807907104492e+00
3.843781471252441406e+00
3.843659877777099609e+00
3.796516418457031250e+00
3.812402725219726562e+00
3.843634843826293945e+00
3.843773365020751953e+00
3.843693494796752930e+00
3.843742847442626953e+00
3.843725204467773438e+00
3.843459844589233398e+00
3.843800544738769531e+00
3.827970504760742188e+00
3.859479665756225586e+00
3.843481302261352539e+00
3.842775344848632812e+00
3.827887773513793945e+00
3.734218120574951172e+00
3.843764543533325195e+00
3.812567710876464844e+00
3.843750476837158203e+00
3.843688488006591797e+00
3.843601942062377930e+00
3.828047275543212891e+00
3.843654632568359375e+00
3.859203100204467773e+00
3.843543529510498047e+00
3.843547105789184570e+00
3.828432559967041016e+00
3.843542575836181641e+00
3.843450307846069336e+00
3.843806505203247070e+00
3.827896833419799805e+00
3.828019618988037109e+00
3.827876091003417969e+00
3.844034433364868164e+00
3.843633890151977539e+00
3.859574556350708008e+00
3.843508243560791016e+00
3.843564510345458984e+00
3.844012260437011719e+00
3.843763828277587891e+00
3.827907323837280273e+00
3.796886920928955078e+00
3.828225612640380859e+00
3.827941417694091797e+00
3.797044992446899414e+00
3.827265739440917969e+00
3.828159093856811523e+00
3.796551465988159180e+00
3.797157049179077148e+00
3.796707630157470703e+00
3.843137979507446289e+00
3.843706369400024414e+00
3.844158411026000977e+00
3.843144178390502930e+00
3.843686580657958984e+00
3.828041076660156250e+00
3.827392101287841797e+00
3.765122652053833008e+00
3.828051090240478516e+00
3.843887329101562500e+00
3.781720161437988281e+00
3.828426837921142578e+00
3.734427452087402344e+00
3.734384298324584961e+00
3.843805551528930664e+00
3.843727350234985352e+00
3.843773365020751953e+00
3.843257665634155273e+00
3.843750238418579102e+00
3.843709468841552734e+00
3.843979358673095703e+00
3.843736886978149414e+00
3.828074932098388672e+00
3.843708753585815430e+00
3.843092679977416992e+00
3.843649387359619141e+00
3.811953067779541016e+00
3.812586307525634766e+00
3.812350273132324219e+00
3.828038215637207031e+00
3.843667745590209961e+00
3.843522310256958008e+00
3.843546390533447266e+00
3.843562841415405273e+00
3.843548536300659180e+00
3.812371253967285156e+00
3.827652931213378906e+00
3.827943801879882812e+00
3.843510150909423828e+00
3.843526840209960938e+00
3.796853065490722656e+00
3.765526533126831055e+00
3.827987670898437500e+00
3.780982494354248047e+00
3.827942848205566406e+00
3.827718496322631836e+00
3.843697071075439453e+00
3.843347787857055664e+00
3.843626737594604492e+00
3.843489170074462891e+00
3.843841791152954102e+00
3.843696355819702148e+00
3.827712535858154297e+00
3.843585252761840820e+00
3.828146457672119141e+00
3.733732223510742188e+00
3.827924966812133789e+00
3.828082799911499023e+00
3.827971220016479492e+00
3.796411275863647461e+00
3.843965053558349609e+00
3.843686580657958984e+00
3.843437910079956055e+00
3.844012498855590820e+00
3.828063964843750000e+00
3.827962398529052734e+00
3.843705177307128906e+00
3.827609539031982422e+00
3.764797449111938477e+00
3.843800783157348633e+00
3.843720436096191406e+00
3.828130245208740234e+00
3.797337055206298828e+00
3.828300952911376953e+00
3.734361171722412109e+00
3.843770265579223633e+00
3.843718290328979492e+00
3.843707799911499023e+00
3.843410253524780273e+00
3.843548774719238281e+00
3.843721866607666016e+00
3.828101158142089844e+00
3.843419790267944336e+00
3.828070640563964844e+00
3.843959331512451172e+00
3.828014612197875977e+00
3.827769994735717773e+00
3.733874797821044922e+00
3.828084945678710938e+00
3.812934398651123047e+00
3.828128337860107422e+00
3.843877077102661133e+00
3.843754291534423828e+00
3.828249454498291016e+00
3.843804836273193359e+00
3.843760251998901367e+00
3.827875614166259766e+00
3.828295946121215820e+00
3.843699693679809570e+00
3.828579664230346680e+00
3.843809127807617188e+00
3.796841859817504883e+00
3.734376192092895508e+00
3.828197479248046875e+00
3.781286478042602539e+00
3.828155279159545898e+00
3.828099012374877930e+00
3.844233036041259766e+00
3.843889713287353516e+00
3.828102827072143555e+00
3.843828916549682617e+00
3.843727588653564453e+00
3.828649282455444336e+00
3.843478679656982422e+00
3.828260183334350586e+00
3.719125509262084961e+00
3.812315225601196289e+00
3.812531232833862305e+00
3.827886343002319336e+00
3.796907901763916016e+00
3.828097105026245117e+00
3.827686309814453125e+00
3.828135728836059570e+00
3.828169107437133789e+00
3.828127384185791016e+00
3.828093528747558594e+00
3.827957153320312500e+00
3.827802896499633789e+00
3.843602180480957031e+00
3.827840805053710938e+00
3.827755212783813477e+00
3.828040122985839844e+00
3.781353950500488281e+00
3.828144311904907227e+00
3.812392950057983398e+00
3.812427759170532227e+00
3.827712297439575195e+00
3.828084707260131836e+00
3.828203916549682617e+00
3.828158855438232422e+00
3.828189849853515625e+00
3.828078031539916992e+00
3.828146934509277344e+00
3.827741861343383789e+00
3.828142881393432617e+00
3.812802791595458984e+00
3.828171491622924805e+00
3.828068017959594727e+00
3.812177896499633789e+00
3.812163352966308594e+00
3.828135251998901367e+00
3.828070402145385742e+00
3.827896595001220703e+00
3.828189849853515625e+00
3.828158140182495117e+00
3.828161716461181641e+00
3.828217029571533203e+00
3.827992200851440430e+00
3.828143358230590820e+00
3.812337160110473633e+00
3.827929496765136719e+00
3.828405618667602539e+00
3.796901702880859375e+00
3.812520503997802734e+00
3.750154733657836914e+00
3.812655210494995117e+00
3.828036546707153320e+00
3.828178167343139648e+00
3.828134298324584961e+00
3.827344894409179688e+00
3.828032255172729492e+00
3.828135728836059570e+00
3.828139543533325195e+00
3.827982664108276367e+00
3.828242063522338867e+00
3.828376770019531250e+00
3.828061580657958984e+00
3.812442541122436523e+00
3.827775239944458008e+00
3.828188419342041016e+00
3.828298807144165039e+00
3.812594413757324219e+00
3.828117132186889648e+00
3.828246831893920898e+00
3.828076839447021484e+00
3.828019857406616211e+00
3.827915430068969727e+00
3.827748775482177734e+00
3.828255414962768555e+00
3.828073740005493164e+00
3.828452110290527344e+00
3.828133821487426758e+00
3.812491178512573242e+00
3.828087806701660156e+00
3.827943325042724609e+00
3.828238248825073242e+00
3.796858310699462891e+00
3.827761173248291016e+00
3.828176021575927734e+00
3.828524827957153320e+00
3.827960252761840820e+00
3.827838897705078125e+00
3.827924013137817383e+00
3.828270912170410156e+00
3.828120470046997070e+00
3.781274795532226562e+00
3.828115701675415039e+00
3.827723979949951172e+00
3.828028202056884766e+00
3.828377723693847656e+00
3.827872037887573242e+00
3.796826601028442383e+00
3.828208208084106445e+00
3.828347206115722656e+00
3.827834129333496094e+00
3.828276395797729492e+00
3.828057765960693359e+00
3.827676296234130859e+00
3.828145980834960938e+00
3.812255382537841797e+00
3.812911272048950195e+00
3.828461408615112305e+00
3.827910900115966797e+00
3.827768325805664062e+00
3.796764612197875977e+00
3.828075408935546875e+00
3.812520742416381836e+00
3.827810525894165039e+00
3.828233003616333008e+00
3.828078746795654297e+00
3.828315734863281250e+00
3.828447341918945312e+00
3.827926158905029297e+00
3.828109979629516602e+00
3.812240123748779297e+00
3.828401088714599609e+00
3.812523603439331055e+00
3.828186988830566406e+00
3.828128337860107422e+00
3.812603950500488281e+00
3.812542915344238281e+00
3.828135490417480469e+00
3.796558141708374023e+00
3.827872753143310547e+00
3.827459812164306641e+00
3.827974557876586914e+00
3.828185558319091797e+00
3.843746662139892578e+00
3.828199863433837891e+00
3.828066110610961914e+00
3.828068733215332031e+00
3.797312498092651367e+00
3.827866077423095703e+00
3.828062534332275391e+00
3.765196561813354492e+00
3.827952623367309570e+00
3.812756299972534180e+00
3.828099727630615234e+00
3.828166007995605469e+00
3.828108549118041992e+00
3.828403234481811523e+00
3.828088998794555664e+00
3.828081846237182617e+00
3.828014135360717773e+00
3.828203678131103516e+00
3.828134298324584961e+00
3.812412738800048828e+00
3.812454938888549805e+00
3.812516927719116211e+00
3.828042030334472656e+00
3.812500953674316406e+00
3.812399625778198242e+00
3.812610149383544922e+00
3.812068462371826172e+00
3.828636169433593750e+00
3.828111648559570312e+00
3.828138113021850586e+00
3.828091382980346680e+00
3.828104734420776367e+00
3.828009128570556641e+00
3.828390598297119141e+00
3.827950477600097656e+00
3.827647447586059570e+00
3.828135728836059570e+00
3.812028884887695312e+00
3.796986579895019531e+00
3.812696218490600586e+00
3.812448501586914062e+00
3.796756505966186523e+00
3.828362226486206055e+00
3.812546253204345703e+00
3.828014373779296875e+00
3.828178882598876953e+00
3.843543052673339844e+00
3.843513250350952148e+00
3.828091144561767578e+00
3.828146219253540039e+00
3.843523502349853516e+00
3.828133583068847656e+00
3.843567848205566406e+00
3.827996492385864258e+00
3.828036546707153320e+00
3.796177148818969727e+00
3.828082084655761719e+00
3.843815565109252930e+00
3.843647718429565430e+00
3.843342542648315430e+00
3.843503236770629883e+00
3.843862056732177734e+00
3.843698024749755859e+00
3.843588352203369141e+00
3.843779563903808594e+00
3.843818426132202148e+00
3.843676805496215820e+00
3.828447580337524414e+00
3.828175544738769531e+00
3.796860456466674805e+00
3.828166961669921875e+00
3.812358379364013672e+00
3.843680620193481445e+00
3.843454360961914062e+00
3.843481540679931641e+00
3.843699455261230469e+00
3.843938350677490234e+00
3.843496561050415039e+00
3.843612909317016602e+00
3.843826293945312500e+00
3.843720197677612305e+00
3.843732833862304688e+00
3.843612670898437500e+00
3.812164068222045898e+00
3.796891450881958008e+00
3.828434944152832031e+00
3.781260013580322266e+00
3.828172922134399414e+00
3.843691110610961914e+00
3.843754291534423828e+00
3.843946933746337891e+00
3.844136953353881836e+00
3.843466281890869141e+00
3.843731403350830078e+00
3.844089746475219727e+00
3.843599319458007812e+00
3.827767848968505859e+00
3.843671083450317383e+00
3.796483278274536133e+00
3.812533855438232422e+00
3.812460660934448242e+00
3.828308105468750000e+00
3.827926158905029297e+00
3.843949556350708008e+00
3.843685626983642578e+00
3.843960762023925781e+00
3.843564033508300781e+00
3.812552452087402344e+00
3.844163894653320312e+00
3.843641757965087891e+00
3.844096422195434570e+00
3.843969583511352539e+00
3.843764066696166992e+00
3.812004566192626953e+00
3.796782255172729492e+00
3.828201055526733398e+00
3.828483104705810547e+00
3.827995061874389648e+00
3.827942609786987305e+00
3.843761682510375977e+00
3.843782901763916016e+00
3.843825578689575195e+00
3.843678236007690430e+00
3.828118801116943359e+00
3.828040599822998047e+00
3.812539339065551758e+00
3.843728303909301758e+00
3.843751907348632812e+00
3.843691110610961914e+00
3.828120470046997070e+00
3.796915769577026367e+00
3.828204631805419922e+00
3.812422275543212891e+00
3.827906847000122070e+00
3.843858003616333008e+00
3.843732595443725586e+00
3.843750238418579102e+00
3.843987464904785156e+00
3.843980789184570312e+00
3.843523502349853516e+00
3.843535661697387695e+00
3.828140974044799805e+00
3.843717813491821289e+00
3.828440427780151367e+00
3.827896595001220703e+00
3.828346729278564453e+00
3.781197786331176758e+00
3.828611850738525391e+00
3.796624898910522461e+00
3.843504667282104492e+00
3.843756675720214844e+00
3.843437194824218750e+00
3.843752145767211914e+00
3.843982934951782227e+00
3.844013690948486328e+00
3.750054121017456055e+00
3.828053951263427734e+00
3.828367710113525391e+00
3.828111886978149414e+00
3.796916007995605469e+00
3.828053951263427734e+00
3.796680927276611328e+00
3.828055858612060547e+00
3.812629461288452148e+00
3.828568220138549805e+00
3.859347105026245117e+00
3.843777418136596680e+00
3.843782901763916016e+00
3.828346252441406250e+00
3.843594312667846680e+00
3.828046083450317383e+00
3.828197479248046875e+00
3.828231573104858398e+00
3.797152280807495117e+00
3.734459877014160156e+00
3.828471899032592773e+00
3.828076124191284180e+00
3.827987670898437500e+00
3.828048944473266602e+00
3.828264474868774414e+00
3.843718528747558594e+00
3.843689441680908203e+00
3.843459606170654297e+00
3.843786478042602539e+00
3.843813180923461914e+00
3.843399286270141602e+00
3.843822240829467773e+00
3.828066825866699219e+00
3.812485456466674805e+00
3.827896118164062500e+00
3.828113794326782227e+00
3.796674966812133789e+00
3.828210830688476562e+00
3.812416076660156250e+00
3.828008890151977539e+00
3.843364715576171875e+00
3.843466758728027344e+00
3.843494176864624023e+00
3.843422651290893555e+00
3.843742370605468750e+00
3.828091859817504883e+00
3.828339099884033203e+00
3.781195163726806641e+00
3.828058958053588867e+00
3.827920675277709961e+00
3.844083309173583984e+00
3.781284093856811523e+00
3.812407255172729492e+00
3.828528881072998047e+00
3.828497648239135742e+00
3.828058719635009766e+00
3.828019618988037109e+00
3.827783107757568359e+00
3.843842267990112305e+00
3.843740701675415039e+00
3.828049421310424805e+00
3.843888282775878906e+00
3.812055587768554688e+00
3.827744960784912109e+00
3.828228712081909180e+00
3.828428268432617188e+00
3.812487363815307617e+00
3.749562740325927734e+00
3.812455892562866211e+00
3.828171968460083008e+00
3.844077587127685547e+00
3.843852043151855469e+00
3.843693733215332031e+00
3.844213008880615234e+00
3.843430519104003906e+00
3.828046560287475586e+00
3.828146696090698242e+00
3.827769279479980469e+00
3.828007459640502930e+00
3.843904733657836914e+00
3.827888965606689453e+00
3.828200340270996094e+00
3.828140258789062500e+00
3.796780824661254883e+00
3.828119277954101562e+00
3.827958106994628906e+00
3.828526973724365234e+00
3.828062295913696289e+00
3.843735694885253906e+00
3.827989101409912109e+00
3.828105926513671875e+00
3.843820810317993164e+00
3.828090667724609375e+00
3.718800783157348633e+00
3.828536748886108398e+00
3.843843936920166016e+00
3.828121185302734375e+00
3.796901226043701172e+00
3.828320980072021484e+00
3.828128814697265625e+00
3.828077316284179688e+00
3.828128337860107422e+00
3.843759775161743164e+00
3.843600273132324219e+00
3.843449354171752930e+00
3.828089714050292969e+00
3.828222513198852539e+00
3.828289031982421875e+00
3.828439950942993164e+00
3.827939987182617188e+00
3.827693462371826172e+00
3.828203201293945312e+00
3.828108072280883789e+00
3.812505960464477539e+00
3.812590122222900391e+00
3.828130960464477539e+00
3.828104496002197266e+00
3.843766689300537109e+00
3.828055858612060547e+00
3.828093767166137695e+00
3.843801259994506836e+00
3.843761205673217773e+00
3.828127861022949219e+00
3.812055587768554688e+00
3.828144788742065430e+00
3.843780279159545898e+00
3.828156948089599609e+00
3.796913385391235352e+00
3.828082323074340820e+00
3.827837228775024414e+00
3.828554153442382812e+00
3.843826770782470703e+00
3.828330755233764648e+00
3.828093767166137695e+00
3.828060388565063477e+00
3.843644857406616211e+00
3.828134775161743164e+00
3.828483343124389648e+00
3.828140497207641602e+00
3.828200817108154297e+00
3.797020912170410156e+00
3.812289237976074219e+00
3.749797105789184570e+00
3.812614202499389648e+00
3.796970844268798828e+00
3.827971458435058594e+00
3.828444004058837891e+00
3.843915462493896484e+00
3.828105449676513672e+00
3.828176975250244141e+00
3.828489303588867188e+00
3.827828407287597656e+00
3.828271150588989258e+00
3.828064203262329102e+00
3.828078508377075195e+00
3.827830553054809570e+00
3.827929973602294922e+00
3.827702283859252930e+00
3.780817270278930664e+00
3.812674522399902344e+00
3.828123807907104492e+00
3.828272342681884766e+00
3.828287839889526367e+00
3.828171491622924805e+00
3.811855077743530273e+00
3.828090429306030273e+00
3.828213214874267578e+00
3.828110694885253906e+00
3.828189611434936523e+00
3.781147003173828125e+00
3.827916145324707031e+00
3.828058242797851562e+00
3.828163862228393555e+00
3.828187942504882812e+00
3.796709060668945312e+00
3.812685728073120117e+00
3.828048706054687500e+00
3.827645063400268555e+00
3.828176259994506836e+00
3.828088521957397461e+00
3.828250408172607422e+00
3.828089237213134766e+00
3.827963352203369141e+00
3.828164339065551758e+00
3.828155517578125000e+00
3.812109947204589844e+00
3.812073469161987305e+00
3.828034162521362305e+00
3.765806436538696289e+00
3.812361955642700195e+00
3.812524557113647461e+00
3.828086137771606445e+00
3.749599456787109375e+00
3.828512430191040039e+00
3.827901840209960938e+00
3.827740192413330078e+00
3.734763145446777344e+00
3.828136205673217773e+00
3.780865907669067383e+00
3.827686786651611328e+00
3.812635660171508789e+00
3.828042745590209961e+00
3.828158378601074219e+00
3.828135490417480469e+00
3.828090906143188477e+00
3.828076362609863281e+00
3.828051805496215820e+00
3.827929973602294922e+00
3.828220367431640625e+00
3.796929121017456055e+00
3.828028917312622070e+00
3.812369823455810547e+00
3.828095674514770508e+00
3.828037738800048828e+00
3.812348842620849609e+00
3.812124967575073242e+00
3.827823400497436523e+00
3.828004360198974609e+00
3.828101634979248047e+00
3.827981710433959961e+00
3.828008890151977539e+00
3.827972412109375000e+00
3.827322244644165039e+00
3.828051805496215820e+00
3.828454494476318359e+00
3.812326192855834961e+00
3.828146219253540039e+00
3.796868562698364258e+00
3.828181505203247070e+00
3.781588554382324219e+00
3.812254905700683594e+00
3.828183650970458984e+00
3.827949047088623047e+00
3.827905654907226562e+00
3.828126668930053711e+00
3.828106403350830078e+00
3.828159570693969727e+00
3.796896457672119141e+00
3.812503576278686523e+00
3.827849626541137695e+00
3.781329631805419922e+00
3.828154325485229492e+00
3.828209161758422852e+00
3.812561273574829102e+00
3.749976873397827148e+00
3.812612295150756836e+00
3.812576532363891602e+00
3.828353881835937500e+00
3.827942371368408203e+00
3.828041315078735352e+00
3.828469991683959961e+00
3.827950954437255859e+00
3.828009366989135742e+00
3.844173431396484375e+00
3.827918052673339844e+00
3.828490257263183594e+00
3.827940702438354492e+00
3.812276124954223633e+00
3.828111410140991211e+00
3.749884366989135742e+00
3.812533140182495117e+00
3.812291860580444336e+00
3.828223228454589844e+00
3.828253507614135742e+00
3.828087568283081055e+00
3.827842950820922852e+00
3.827943563461303711e+00
3.828304052352905273e+00
3.827974081039428711e+00
3.828295230865478516e+00
3.827805757522583008e+00
3.812441587448120117e+00
3.812845468521118164e+00
3.828034162521362305e+00
3.828573942184448242e+00
3.750139713287353516e+00
3.812521696090698242e+00
3.828029870986938477e+00
3.828132867813110352e+00
3.828095674514770508e+00
3.828140735626220703e+00
3.828131437301635742e+00
3.827902317047119141e+00
3.828265428543090820e+00
3.843699216842651367e+00
3.828576803207397461e+00
3.812388658523559570e+00
3.828116416931152344e+00
3.796436786651611328e+00
3.812459468841552734e+00
3.796437978744506836e+00
3.812057971954345703e+00
3.796973943710327148e+00
3.828196525573730469e+00
3.828116416931152344e+00
3.828032970428466797e+00
3.828022003173828125e+00
3.828168869018554688e+00
3.828406095504760742e+00
3.828431606292724609e+00
3.812631130218505859e+00
3.827991724014282227e+00
3.827867269515991211e+00
3.828618049621582031e+00
3.812278747558593750e+00
3.796807289123535156e+00
3.812802314758300781e+00
3.812416791915893555e+00
3.859394550323486328e+00
3.828105688095092773e+00
3.859216928482055664e+00
3.812284231185913086e+00
3.828301668167114258e+00
3.828136920928955078e+00
3.827934741973876953e+00
3.827959537506103516e+00
3.828262329101562500e+00
3.827711343765258789e+00
3.812297821044921875e+00
3.796758890151977539e+00
3.827967882156372070e+00
3.781116962432861328e+00
3.812642097473144531e+00
3.812785387039184570e+00
3.843597412109375000e+00
3.828241348266601562e+00
3.812530994415283203e+00
3.828109025955200195e+00
3.843728303909301758e+00
3.843746662139892578e+00
3.843314170837402344e+00
3.827946662902832031e+00
3.828509092330932617e+00
3.828160524368286133e+00
3.843702793121337891e+00
3.812474727630615234e+00
3.843805313110351562e+00
3.781157732009887695e+00
3.843559265136718750e+00
3.828106880187988281e+00
3.734484434127807617e+00
3.843585491180419922e+00
3.812160491943359375e+00
3.843671798706054688e+00
3.843421220779418945e+00
3.828069925308227539e+00
3.828225612640380859e+00
3.827936887741088867e+00
3.796612739562988281e+00
3.843734741210937500e+00
3.843804121017456055e+00
3.843672752380371094e+00
3.843864679336547852e+00
3.843751668930053711e+00
3.843701362609863281e+00
3.843781948089599609e+00
3.843331098556518555e+00
3.844172239303588867e+00
3.749899387359619141e+00
3.828166723251342773e+00
3.843422889709472656e+00
3.828784704208374023e+00
3.796952009201049805e+00
3.828531265258789062e+00
3.843571186065673828e+00
3.843774795532226562e+00
3.843762159347534180e+00
3.843824386596679688e+00
3.843717575073242188e+00
3.812606573104858398e+00
3.843875408172607422e+00
3.843775272369384766e+00
3.843969106674194336e+00
3.843806743621826172e+00
3.843769788742065430e+00
3.843660831451416016e+00
3.843343019485473633e+00
3.796907901763916016e+00
3.828227519989013672e+00
3.796893835067749023e+00
3.843314170837402344e+00
3.828141689300537109e+00
3.843697309494018555e+00
3.828158140182495117e+00
3.844227075576782227e+00
3.734382152557373047e+00
3.827769517898559570e+00
3.843643903732299805e+00
3.796887159347534180e+00
3.843955755233764648e+00
3.812498569488525391e+00
3.843774795532226562e+00
3.812848091125488281e+00
3.827837705612182617e+00
3.828057050704956055e+00
3.843892097473144531e+00
3.843551635742187500e+00
3.843736886978149414e+00
3.843710422515869141e+00
3.843618392944335938e+00
3.843725681304931641e+00
3.843775510787963867e+00
3.843344449996948242e+00
3.843630552291870117e+00
3.828210592269897461e+00
3.843564271926879883e+00
3.843523740768432617e+00
3.828200817108154297e+00
3.828037738800048828e+00
3.765607833862304688e+00
3.828141212463378906e+00
3.828084945678710938e+00
3.843787908554077148e+00
3.812128543853759766e+00
3.827929258346557617e+00
3.828496217727661133e+00
3.828113317489624023e+00
3.828342199325561523e+00
3.734418153762817383e+00
3.828166007995605469e+00
3.827933311462402344e+00
3.843503236770629883e+00
3.843765735626220703e+00
3.828126430511474609e+00
3.812837362289428711e+00
3.828422069549560547e+00
3.843724012374877930e+00
3.844148635864257812e+00
3.828262805938720703e+00
3.828222990036010742e+00
3.843596220016479492e+00
3.843768119812011719e+00
3.843666791915893555e+00
3.843766689300537109e+00
3.843710422515869141e+00
3.843720436096191406e+00
3.843327999114990234e+00
3.749706029891967773e+00
3.812234640121459961e+00
3.828106880187988281e+00
3.843666315078735352e+00
3.843722820281982422e+00
3.843730211257934570e+00
3.843830823898315430e+00
3.843769311904907227e+00
3.843725204467773438e+00
3.844053268432617188e+00
3.828090667724609375e+00
3.828483343124389648e+00
3.843470811843872070e+00
3.843846321105957031e+00
3.843834400177001953e+00
3.796531677246093750e+00
3.843590259552001953e+00
3.781292915344238281e+00
3.843617439270019531e+00
3.843822240829467773e+00
3.843686580657958984e+00
3.843781948089599609e+00
3.843715429306030273e+00
3.843877077102661133e+00
3.843697071075439453e+00
3.827769994735717773e+00
3.843819141387939453e+00
3.843705415725708008e+00
3.843740463256835938e+00
3.765600442886352539e+00
3.827832698822021484e+00
3.827990293502807617e+00
3.812130212783813477e+00
3.734086513519287109e+00
3.843351364135742188e+00
3.843435287475585938e+00
3.844222068786621094e+00
3.843636035919189453e+00
3.843765497207641602e+00
3.843791961669921875e+00
3.843776702880859375e+00
3.843694925308227539e+00
3.843631744384765625e+00
3.765638828277587891e+00
3.827973604202270508e+00
3.843805313110351562e+00
3.812542915344238281e+00
3.859643697738647461e+00
3.812547206878662109e+00
3.843987941741943359e+00
3.797165155410766602e+00
3.843621015548706055e+00
3.843445539474487305e+00
3.844125747680664062e+00
3.843734264373779297e+00
3.828577041625976562e+00
3.843511819839477539e+00
3.843279361724853516e+00
3.828025579452514648e+00
3.796942472457885742e+00
3.843715906143188477e+00
3.765398025512695312e+00
3.812361240386962891e+00
3.796962738037109375e+00
3.828101396560668945e+00
3.828146219253540039e+00
3.843282699584960938e+00
3.843560695648193359e+00
3.844127893447875977e+00
3.843532800674438477e+00
3.843742370605468750e+00
3.843808889389038086e+00
3.843693971633911133e+00
3.843770265579223633e+00
3.827670574188232422e+00
3.796906471252441406e+00
3.812509536743164062e+00
3.843428611755371094e+00
3.781261920928955078e+00
3.828409194946289062e+00
3.843641996383666992e+00
3.843377351760864258e+00
3.843900918960571289e+00
3.843690633773803711e+00
3.844008922576904297e+00
3.843675374984741211e+00
3.843791007995605469e+00
3.843766689300537109e+00
3.843921422958374023e+00
3.843429088592529297e+00
3.750078916549682617e+00
3.843614101409912109e+00
3.781297922134399414e+00
3.843688488006591797e+00
3.796893358230590820e+00
3.828091382980346680e+00
3.843701124191284180e+00
3.843415975570678711e+00
3.843911886215209961e+00
3.844089508056640625e+00
3.843590497970581055e+00
3.843770980834960938e+00
3.843697547912597656e+00
3.843836307525634766e+00
3.828070163726806641e+00
3.828077316284179688e+00
3.796872615814208984e+00
3.828186750411987305e+00
3.797055959701538086e+00
3.812544107437133789e+00
3.843920946121215820e+00
3.843696832656860352e+00
3.843767642974853516e+00
3.843472719192504883e+00
3.843359708786010742e+00
3.843939065933227539e+00
3.827897071838378906e+00
3.843798637390136719e+00
3.843744516372680664e+00
3.828141927719116211e+00
3.828268051147460938e+00
3.796829462051391602e+00
3.828123092651367188e+00
3.781333684921264648e+00
3.827971696853637695e+00
3.827961444854736328e+00
3.812520503997802734e+00
3.827985525131225586e+00
3.827910661697387695e+00
3.828378677368164062e+00
3.828133583068847656e+00
3.828129291534423828e+00
3.827856302261352539e+00
3.812180042266845703e+00
3.828553915023803711e+00
3.827903747558593750e+00
3.796821117401123047e+00
3.781219959259033203e+00
3.812328577041625977e+00
3.828001022338867188e+00
3.828106403350830078e+00
3.828118324279785156e+00
3.828368186950683594e+00
3.812475919723510742e+00
3.843753337860107422e+00
3.828174829483032227e+00
3.843794107437133789e+00
3.765686035156250000e+00
3.828038215637207031e+00
3.828148126602172852e+00
3.828197002410888672e+00
3.828119993209838867e+00
3.812128067016601562e+00
3.781257629394531250e+00
3.828103780746459961e+00
3.828092336654663086e+00
3.828021526336669922e+00
3.828173875808715820e+00
3.828135251998901367e+00
3.843803644180297852e+00
3.828114509582519531e+00
3.828155994415283203e+00
3.828037261962890625e+00
3.828108072280883789e+00
3.828207492828369141e+00
3.827780246734619141e+00
3.765693187713623047e+00
3.828499794006347656e+00
3.828088760375976562e+00
3.812321186065673828e+00
3.843904018402099609e+00
3.827773094177246094e+00
3.828209161758422852e+00
3.828092098236083984e+00
3.812746286392211914e+00
3.828043937683105469e+00
3.827851772308349609e+00
3.828182935714721680e+00
3.828100919723510742e+00
3.828095197677612305e+00
3.859272956848144531e+00
3.828492879867553711e+00
3.796664476394653320e+00
3.827830791473388672e+00
3.781633853912353516e+00
3.812387466430664062e+00
3.796698570251464844e+00
3.828067064285278320e+00
3.828169584274291992e+00
3.828207969665527344e+00
3.828012943267822266e+00
3.827764511108398438e+00
3.828182697296142578e+00
3.827923774719238281e+00
3.843479394912719727e+00
3.828041553497314453e+00
3.828106403350830078e+00
3.796892881393432617e+00
3.812551975250244141e+00
3.812556743621826172e+00
3.812524318695068359e+00
3.812403678894042969e+00
3.828130722045898438e+00
3.828212499618530273e+00
3.843787431716918945e+00
3.828043937683105469e+00
3.828159332275390625e+00
3.828162908554077148e+00
3.765516996383666992e+00
3.828159809112548828e+00
3.828085422515869141e+00
3.828186035156250000e+00
3.734450578689575195e+00
3.828167676925659180e+00
3.781256198883056641e+00
3.827666044235229492e+00
3.828123807907104492e+00
3.812487602233886719e+00
3.828085660934448242e+00
3.827717065811157227e+00
3.827989101409912109e+00
3.828213453292846680e+00
3.828111171722412109e+00
3.828063964843750000e+00
3.827729701995849609e+00
3.828150272369384766e+00
3.812428951263427734e+00
3.827971935272216797e+00
3.828084230422973633e+00
3.827807664871215820e+00
3.812636613845825195e+00
3.796843528747558594e+00
3.812180042266845703e+00
3.827774286270141602e+00
3.828288555145263672e+00
3.828464031219482422e+00
3.828458547592163086e+00
3.828246593475341797e+00
3.828034162521362305e+00
3.796629905700683594e+00
3.828228950500488281e+00
3.828483343124389648e+00
3.827937126159667969e+00
3.812578439712524414e+00
3.828081130981445312e+00
3.781279325485229492e+00
3.828197717666625977e+00
3.828168630599975586e+00
3.828339099884033203e+00
3.828110218048095703e+00
3.828111886978149414e+00
3.828302145004272461e+00
3.828121662139892578e+00
3.828451156616210938e+00
3.828242301940917969e+00
3.827941656112670898e+00
3.749975919723510742e+00
3.828103542327880859e+00
3.812506914138793945e+00
3.828152418136596680e+00
3.765509605407714844e+00
3.781255006790161133e+00
3.827930927276611328e+00
3.827862977981567383e+00
3.828156948089599609e+00
3.812534332275390625e+00
3.828080177307128906e+00
3.828119516372680664e+00
3.812415361404418945e+00
3.828004121780395508e+00
3.812487840652465820e+00
3.781367778778076172e+00
3.828438282012939453e+00
3.796846151351928711e+00
3.827776432037353516e+00
3.828150749206542969e+00
3.828027486801147461e+00
3.812364101409912109e+00
3.827937364578247070e+00
3.828008651733398438e+00
3.828624486923217773e+00
3.828157186508178711e+00
3.828184366226196289e+00
3.828101158142089844e+00
3.812457561492919922e+00
3.828275442123413086e+00
3.812531948089599609e+00
3.812513828277587891e+00
3.796898365020751953e+00
3.828115224838256836e+00
3.828161716461181641e+00
3.827970743179321289e+00
3.828051090240478516e+00
3.828180074691772461e+00
3.828041076660156250e+00
3.828239679336547852e+00
3.812594652175903320e+00
3.812490463256835938e+00
3.828498125076293945e+00
3.812722921371459961e+00
3.812486171722412109e+00
3.828076601028442383e+00
3.781296491622924805e+00
3.813003540039062500e+00
3.796869993209838867e+00
3.828042030334472656e+00
3.828242063522338867e+00
3.828082561492919922e+00
3.859485626220703125e+00
3.828525304794311523e+00
3.828077554702758789e+00
3.796644210815429688e+00
3.828314065933227539e+00
3.827875614166259766e+00
3.828509330749511719e+00
3.827820301055908203e+00
3.734022855758666992e+00
3.827998161315917969e+00
3.843632221221923828e+00
3.828160047531127930e+00
3.843818902969360352e+00
3.843964338302612305e+00
3.843658924102783203e+00
3.827849149703979492e+00
3.843289136886596680e+00
3.828146696090698242e+00
3.828302383422851562e+00
3.843674898147583008e+00
3.828472852706909180e+00
3.843735933303833008e+00
3.828193664550781250e+00
3.812839508056640625e+00
3.843583583831787109e+00
3.828590154647827148e+00
3.812514066696166992e+00
3.859433650970458984e+00
3.843896150588989258e+00
3.859280824661254883e+00
3.843789100646972656e+00
3.843832015991210938e+00
3.843697309494018555e+00
3.843742847442626953e+00
3.843764781951904297e+00
3.843754053115844727e+00
3.843710422515869141e+00
3.828136682510375977e+00
3.828144788742065430e+00
3.781039714813232422e+00
3.828308820724487305e+00
3.827948093414306641e+00
3.828239440917968750e+00
3.843777656555175781e+00
3.843751907348632812e+00
3.843821048736572266e+00
3.843796730041503906e+00
3.843756914138793945e+00
3.843585729598999023e+00
3.843623399734497070e+00
3.843314409255981445e+00
3.828093051910400391e+00
3.843770027160644531e+00
3.780905246734619141e+00
3.812424182891845703e+00
3.750102996826171875e+00
3.828264236450195312e+00
3.812502145767211914e+00
3.843992471694946289e+00
3.844114542007446289e+00
3.843510150909423828e+00
3.828111886978149414e+00
3.843946933746337891e+00
3.844205379486083984e+00
3.828538179397583008e+00
3.828053712844848633e+00
3.844162225723266602e+00
3.828020095825195312e+00
3.812534809112548828e+00
3.828120708465576172e+00
3.781466007232666016e+00
3.828114271163940430e+00
3.828284263610839844e+00
3.827866077423095703e+00
3.843681812286376953e+00
3.843710422515869141e+00
3.828636169433593750e+00
3.843617439270019531e+00
3.843610286712646484e+00
3.843682765960693359e+00
3.828094720840454102e+00
3.828153848648071289e+00
3.812422513961791992e+00
3.843595027923583984e+00
3.828139781951904297e+00
3.796862840652465820e+00
3.828212738037109375e+00
3.796688556671142578e+00
3.843764781951904297e+00
3.843724727630615234e+00
3.843783140182495117e+00
3.843748092651367188e+00
3.843649387359619141e+00
3.843772172927856445e+00
3.844059228897094727e+00
3.843665122985839844e+00
3.827935457229614258e+00
3.843799829483032227e+00
3.828123569488525391e+00
3.796696662902832031e+00
3.828104972839355469e+00
3.812311172485351562e+00
3.749944925308227539e+00
3.827944993972778320e+00
3.843513488769531250e+00
3.843660593032836914e+00
3.843732595443725586e+00
3.844015598297119141e+00
3.844014406204223633e+00
3.843568801879882812e+00
3.843598604202270508e+00
3.827948808670043945e+00
3.828605175018310547e+00
3.828071355819702148e+00
3.780899763107299805e+00
3.812426090240478516e+00
3.796796560287475586e+00
3.828428983688354492e+00
3.828196525573730469e+00
3.844058513641357422e+00
3.843658924102783203e+00
3.843693494796752930e+00
3.828175783157348633e+00
3.843932390213012695e+00
3.843419551849365234e+00
3.828442096710205078e+00
3.843440294265747070e+00
3.828085660934448242e+00
3.843683719635009766e+00
3.828138113021850586e+00
3.796865701675415039e+00
3.812409400939941406e+00
3.828093528747558594e+00
3.828137636184692383e+00
3.843990325927734375e+00
3.843812465667724609e+00
3.859676122665405273e+00
3.843566179275512695e+00
3.843657732009887695e+00
3.828020334243774414e+00
3.843493461608886719e+00
3.827891111373901367e+00
3.843684911727905273e+00
3.828235626220703125e+00
3.844042539596557617e+00
3.843576908111572266e+00
3.812871932983398438e+00
3.828094720840454102e+00
3.796491384506225586e+00
3.828137397766113281e+00
3.844155550003051758e+00
3.828089475631713867e+00
3.843780040740966797e+00
3.828133821487426758e+00
3.843741655349731445e+00
3.843782186508178711e+00
3.843877077102661133e+00
3.843789577484130859e+00
3.843738079071044922e+00
3.765181779861450195e+00
3.843721866607666016e+00
3.812968969345092773e+00
3.796505928039550781e+00
3.828102827072143555e+00
3.827786207199096680e+00
3.843645095825195312e+00
3.843528032302856445e+00
3.843712806701660156e+00
3.843703985214233398e+00
3.843523263931274414e+00
3.843740940093994141e+00
3.828171014785766602e+00
3.843874692916870117e+00
3.828063488006591797e+00
3.812197685241699219e+00
3.828034162521362305e+00
3.828028678894042969e+00
3.812558889389038086e+00
3.828145742416381836e+00
3.797041654586791992e+00
3.844106435775756836e+00
3.843514442443847656e+00
3.843781948089599609e+00
3.844093084335327148e+00
3.843645334243774414e+00
3.844223737716674805e+00
3.828133821487426758e+00
3.828037023544311523e+00
3.843703269958496094e+00
3.828143119812011719e+00
3.812437057495117188e+00
3.828113317489624023e+00
3.828112363815307617e+00
3.781145572662353516e+00
3.828153610229492188e+00
3.843664884567260742e+00
3.843832254409790039e+00
3.844156742095947266e+00
3.843617439270019531e+00
3.844211816787719727e+00
3.843711853027343750e+00
3.843414068222045898e+00
3.828240633010864258e+00
3.843971252441406250e+00
3.827984094619750977e+00
3.827776432037353516e+00
3.781116008758544922e+00
3.828149557113647461e+00
3.828145027160644531e+00
3.796928405761718750e+00
3.843649625778198242e+00
3.843727111816406250e+00
3.843722581863403320e+00
3.843768596649169922e+00
3.843752384185791016e+00
3.843528747558593750e+00
3.843527317047119141e+00
3.843515157699584961e+00
3.812058448791503906e+00
3.828106880187988281e+00
3.828248739242553711e+00
3.812509775161743164e+00
3.828105449676513672e+00
3.765679359436035156e+00
3.812439203262329102e+00
3.827863454818725586e+00
3.843851804733276367e+00
3.843682289123535156e+00
3.843462467193603516e+00
3.843259811401367188e+00
3.843730926513671875e+00
3.843774318695068359e+00
3.812649250030517578e+00
3.827967405319213867e+00
3.828403472900390625e+00
3.828446388244628906e+00
3.827932596206665039e+00
3.765569210052490234e+00
3.828234672546386719e+00
3.828403949737548828e+00
3.828078508377075195e+00
3.843287229537963867e+00
3.843684196472167969e+00
3.843328475952148438e+00
3.843537330627441406e+00
3.843733549118041992e+00
3.828046798706054688e+00
3.843640565872192383e+00
3.828659057617187500e+00
3.827875137329101562e+00
3.843773603439331055e+00
3.858884334564208984e+00
3.796575069427490234e+00
3.828175544738769531e+00
3.828333854675292969e+00
3.812530517578125000e+00
3.828273057937622070e+00
3.843558311462402344e+00
3.828091621398925781e+00
3.796786546707153320e+00
3.828163623809814453e+00
3.828110933303833008e+00
3.828106641769409180e+00
3.828138351440429688e+00
3.828202247619628906e+00
3.828148126602172852e+00
3.812546730041503906e+00
3.780994653701782227e+00
3.828176498413085938e+00
3.812630653381347656e+00
3.796897172927856445e+00
3.828125715255737305e+00
3.828258275985717773e+00
3.828120231628417969e+00
3.828130483627319336e+00
3.828142166137695312e+00
3.828077554702758789e+00
3.828083276748657227e+00
3.812505006790161133e+00
3.827950477600097656e+00
3.812106847763061523e+00
3.828070402145385742e+00
3.797191858291625977e+00
3.828054666519165039e+00
3.796854257583618164e+00
3.734407663345336914e+00
3.828263759613037109e+00
3.828132152557373047e+00
3.827995777130126953e+00
3.843712806701660156e+00
3.843731164932250977e+00
3.828140974044799805e+00
3.828207015991210938e+00
3.827976703643798828e+00
3.828116655349731445e+00
3.812533378601074219e+00
3.812481164932250977e+00
3.828130006790161133e+00
3.828147888183593750e+00
3.734348297119140625e+00
3.812352418899536133e+00
3.828120470046997070e+00
3.844129562377929688e+00
3.827982664108276367e+00
3.828399181365966797e+00
3.843710184097290039e+00
3.843743562698364258e+00
3.828222751617431641e+00
3.828590869903564453e+00
3.828203201293945312e+00
3.781116724014282227e+00
3.828062295913696289e+00
3.750196218490600586e+00
3.812521219253540039e+00
3.828304767608642578e+00
3.828115224838256836e+00
3.828236579895019531e+00
3.827864408493041992e+00
3.843605279922485352e+00
3.843760728836059570e+00
3.828089714050292969e+00
3.843716382980346680e+00
3.827883005142211914e+00
3.843946218490600586e+00
3.828413248062133789e+00
3.828162431716918945e+00
3.828367471694946289e+00
3.843780040740966797e+00
3.843733072280883789e+00
3.796945333480834961e+00
3.796845197677612305e+00
3.828061819076538086e+00
3.828424453735351562e+00
3.828059911727905273e+00
3.796930789947509766e+00
3.843728065490722656e+00
3.843527078628540039e+00
3.828444004058837891e+00
3.812809705734252930e+00
3.828608751296997070e+00
3.719159841537475586e+00
3.828006982803344727e+00
3.812201261520385742e+00
3.828124523162841797e+00
3.828051328659057617e+00
3.765729188919067383e+00
3.812530994415283203e+00
3.828124284744262695e+00
3.828007221221923828e+00
3.843639612197875977e+00
3.843774318695068359e+00
3.828513383865356445e+00
3.843654632568359375e+00
3.828065395355224609e+00
3.843701839447021484e+00
3.828120708465576172e+00
3.843788385391235352e+00
3.828355312347412109e+00
3.828193187713623047e+00
3.796798706054687500e+00
3.828596830368041992e+00
3.812529325485229492e+00
3.828101873397827148e+00
3.843429088592529297e+00
3.828108072280883789e+00
3.843912363052368164e+00
3.828261137008666992e+00
3.828123331069946289e+00
3.828587293624877930e+00
3.828042507171630859e+00
3.844114065170288086e+00
3.828015804290771484e+00
3.828168869018554688e+00
3.828048944473266602e+00
3.781258344650268555e+00
3.828326702117919922e+00
3.828057050704956055e+00
3.812335968017578125e+00
3.828067541122436523e+00
3.843754291534423828e+00
3.828288555145263672e+00
3.828492879867553711e+00
3.843597173690795898e+00
3.828008174896240234e+00
3.843732595443725586e+00
3.828453540802001953e+00
3.812520265579223633e+00
3.828576803207397461e+00
3.780934095382690430e+00
3.827901840209960938e+00
3.828097343444824219e+00
3.827713489532470703e+00
3.827690362930297852e+00
3.828048229217529297e+00
3.827994585037231445e+00
3.843469619750976562e+00
3.843723773956298828e+00
3.843792915344238281e+00
3.843835115432739258e+00
3.828454256057739258e+00
3.828060865402221680e+00
3.828040599822998047e+00
3.812463283538818359e+00
3.828089952468872070e+00
3.796587944030761719e+00
3.828235149383544922e+00
3.812440395355224609e+00
3.812511205673217773e+00
3.828197002410888672e+00
3.843725681304931641e+00
3.827908277511596680e+00
3.843789815902709961e+00
3.843634128570556641e+00
3.843823432922363281e+00
3.828189611434936523e+00
3.828198909759521484e+00
3.796902894973754883e+00
3.828220605850219727e+00
3.843766450881958008e+00
3.827950954437255859e+00
3.796883106231689453e+00
3.828098773956298828e+00
3.765573263168334961e+00
3.828410625457763672e+00
3.843778610229492188e+00
3.828149557113647461e+00
3.843633413314819336e+00
3.843445301055908203e+00
3.843614816665649414e+00
3.828114509582519531e+00
3.828135728836059570e+00
3.828076124191284180e+00
3.796805143356323242e+00
3.828083992004394531e+00
3.796440601348876953e+00
3.750471353530883789e+00
3.765753269195556641e+00
3.812545061111450195e+00
3.828553438186645508e+00
3.828015565872192383e+00
3.843867301940917969e+00
3.843735218048095703e+00
3.843676328659057617e+00
3.827905654907226562e+00
3.843831300735473633e+00
3.827669620513916016e+00
3.859505891799926758e+00
3.827806472778320312e+00
3.750057220458984375e+00
3.812476158142089844e+00
3.843720197677612305e+00
3.797330379486083984e+00
3.812669754028320312e+00
3.843771219253540039e+00
3.843755245208740234e+00
3.859363317489624023e+00
3.859395742416381836e+00
3.843811035156250000e+00
3.843694686889648438e+00
3.859311103820800781e+00
3.843732595443725586e+00
3.843597412109375000e+00
3.843786716461181641e+00
3.843760728836059570e+00
3.828191757202148438e+00
3.843788146972656250e+00
3.843766927719116211e+00
3.765596866607666016e+00
3.812482357025146484e+00
3.843965053558349609e+00
3.859392404556274414e+00
3.843658685684204102e+00
3.859158515930175781e+00
3.843705177307128906e+00
3.843444108963012695e+00
3.843765497207641602e+00
3.844105482101440430e+00
3.843417406082153320e+00
3.843672513961791992e+00
3.843594074249267578e+00
3.843640565872192383e+00
3.796548604965209961e+00
3.796903848648071289e+00
3.828461408615112305e+00
3.828324794769287109e+00
3.843784093856811523e+00
3.843710660934448242e+00
3.843752861022949219e+00
3.843684673309326172e+00
3.843626976013183594e+00
3.843587636947631836e+00
3.843541622161865234e+00
3.843811750411987305e+00
3.843710660934448242e+00
3.812209129333496094e+00
3.812528133392333984e+00
3.827944517135620117e+00
3.765918493270874023e+00
3.828029870986938477e+00
3.828035831451416016e+00
3.843772172927856445e+00
3.843589067459106445e+00
3.843977928161621094e+00
3.843684911727905273e+00
3.843883752822875977e+00
3.843734025955200195e+00
3.843796491622924805e+00
3.843814373016357422e+00
3.843674898147583008e+00
3.796575546264648438e+00
3.843795776367187500e+00
3.828110694885253906e+00
3.780938386917114258e+00
3.843775033950805664e+00
3.796972751617431641e+00
3.843468666076660156e+00
3.843349695205688477e+00
3.843861341476440430e+00
3.843790292739868164e+00
3.843749046325683594e+00
3.843747377395629883e+00
3.843476057052612305e+00
3.843565940856933594e+00
3.843613624572753906e+00
3.843723773956298828e+00
3.843649625778198242e+00
3.843809366226196289e+00
3.812486410140991211e+00
3.796885013580322266e+00
3.812790393829345703e+00
3.843695878982543945e+00
3.844037055969238281e+00
3.843711614608764648e+00
3.843737363815307617e+00
3.844192028045654297e+00
3.812621593475341797e+00
3.843327522277832031e+00
3.843800783157348633e+00
3.843889474868774414e+00
3.843708038330078125e+00
3.843605518341064453e+00
3.843676090240478516e+00
3.843573331832885742e+00
3.812532186508178711e+00
3.812374830245971680e+00
3.828188180923461914e+00
3.843733072280883789e+00
3.844124555587768555e+00
3.843583583831787109e+00
3.843673467636108398e+00
3.812487125396728516e+00
3.843409776687622070e+00
3.843548774719238281e+00
3.828120470046997070e+00
3.843353271484375000e+00
3.828487157821655273e+00
3.750012397766113281e+00
3.812527179718017578e+00
3.828112602233886719e+00
3.828263044357299805e+00
3.843598127365112305e+00
3.843704938888549805e+00
3.843703508377075195e+00
3.843482971191406250e+00
3.843671321868896484e+00
3.843690395355224609e+00
3.843576669692993164e+00
3.844005584716796875e+00
3.843577384948730469e+00
3.843547582626342773e+00
3.812536001205444336e+00
3.812456369400024414e+00
3.828161001205444336e+00
3.780511140823364258e+00
3.828026056289672852e+00
3.797000169754028320e+00
3.828166723251342773e+00
3.859353780746459961e+00
3.843377828598022461e+00
3.812524795532226562e+00
3.843704462051391602e+00
3.843653202056884766e+00
3.843738079071044922e+00
3.843786478042602539e+00
3.843715667724609375e+00
3.827979326248168945e+00
3.828143358230590820e+00
3.828083992004394531e+00
3.828148126602172852e+00
3.843748569488525391e+00
3.812260627746582031e+00
3.828177213668823242e+00
3.843723058700561523e+00
3.812049388885498047e+00
3.843766927719116211e+00
3.843806266784667969e+00
3.843586206436157227e+00
3.828203916549682617e+00
3.828070163726806641e+00
3.828156709671020508e+00
3.812929153442382812e+00
3.843564271926879883e+00
3.781115293502807617e+00
3.796883821487426758e+00
3.812126874923706055e+00
3.827688455581665039e+00
3.796471357345581055e+00
3.843750000000000000e+00
3.828359365463256836e+00
3.828040599822998047e+00
3.828108072280883789e+00
3.843584537506103516e+00
3.844021558761596680e+00
3.796962261199951172e+00
3.827976465225219727e+00
3.781433582305908203e+00
3.828142166137695312e+00
3.843643665313720703e+00
3.781425714492797852e+00
3.828013896942138672e+00
3.828277349472045898e+00
3.828037023544311523e+00
3.828121185302734375e+00
3.843776941299438477e+00
3.828197956085205078e+00
3.859313964843750000e+00
3.828079700469970703e+00
3.843733549118041992e+00
3.843676090240478516e+00
3.843487977981567383e+00
3.844063758850097656e+00
3.812525272369384766e+00
3.812519788742065430e+00
3.765523433685302734e+00
3.827685832977294922e+00
3.843662500381469727e+00
3.828176259994506836e+00
3.843881845474243164e+00
3.843775272369384766e+00
3.843807697296142578e+00
3.843763828277587891e+00
3.843786001205444336e+00
3.843798398971557617e+00
3.843759298324584961e+00
3.843764066696166992e+00
3.844011545181274414e+00
3.812482357025146484e+00
3.827733755111694336e+00
3.828155279159545898e+00
3.828316211700439453e+00
3.781339645385742188e+00
3.812515974044799805e+00
3.843688726425170898e+00
3.843759775161743164e+00
3.843504428863525391e+00
3.843507528305053711e+00
3.843815565109252930e+00
3.843378543853759766e+00
3.843786478042602539e+00
3.843613147735595703e+00
3.828160762786865234e+00
3.812504529953002930e+00
3.843640565872192383e+00
3.828099727630615234e+00
3.796849727630615234e+00
3.828135728836059570e+00
3.797172069549560547e+00
3.843991041183471680e+00
3.812149524688720703e+00
3.843747138977050781e+00
3.812543630599975586e+00
3.828084468841552734e+00
3.843855619430541992e+00
3.828094244003295898e+00
3.796478509902954102e+00
3.796970129013061523e+00
3.749835252761840820e+00
3.828140497207641602e+00
3.828117847442626953e+00
3.843683242797851562e+00
3.843851566314697266e+00
3.844191551208496094e+00
3.843705654144287109e+00
3.843819379806518555e+00
3.843605041503906250e+00
3.827811479568481445e+00
3.828179121017456055e+00
3.828372955322265625e+00
3.843604087829589844e+00
3.843702554702758789e+00
3.812174797058105469e+00
3.828179597854614258e+00
3.781215429306030273e+00
3.828424930572509766e+00
3.843781709671020508e+00
3.843557357788085938e+00
3.843912601470947266e+00
3.843842029571533203e+00
3.843802928924560547e+00
3.843624353408813477e+00
3.843703746795654297e+00
3.843312025070190430e+00
3.843674421310424805e+00
3.843796014785766602e+00
3.828096151351928711e+00
3.828157424926757812e+00
3.843767881393432617e+00
3.796710491180419922e+00
3.796833038330078125e+00
3.812564373016357422e+00
3.843778371810913086e+00
3.828115940093994141e+00
3.843795061111450195e+00
3.843776464462280273e+00
3.843735456466674805e+00
3.843561887741088867e+00
3.827997446060180664e+00
3.827832221984863281e+00
3.859420537948608398e+00
3.843628883361816406e+00
3.828330755233764648e+00
3.796896219253540039e+00
3.796880245208740234e+00
3.749936580657958984e+00
3.828053951263427734e+00
3.843748092651367188e+00
3.843180179595947266e+00
3.828207731246948242e+00
3.843581438064575195e+00
3.843700647354125977e+00
3.843940019607543945e+00
3.843808650970458984e+00
3.843731641769409180e+00
3.843871593475341797e+00
3.796858072280883789e+00
3.827912092208862305e+00
3.796855688095092773e+00
3.780841350555419922e+00
3.828445434570312500e+00
3.781435489654541016e+00
3.827961683273315430e+00
3.828145265579223633e+00
3.843661308288574219e+00
3.859180212020874023e+00
3.843755960464477539e+00
3.843785762786865234e+00
3.827932357788085938e+00
3.843780994415283203e+00
3.828173160552978516e+00
3.843728780746459961e+00
3.828118801116943359e+00
3.796946525573730469e+00
3.828136444091796875e+00
3.843842506408691406e+00
3.828181743621826172e+00
3.828442573547363281e+00
3.843735218048095703e+00
3.843884706497192383e+00
3.843797922134399414e+00
3.843768835067749023e+00
3.828158617019653320e+00
3.843767642974853516e+00
3.828158140182495117e+00
3.828192234039306641e+00
3.828145265579223633e+00
3.750061035156250000e+00
3.828052759170532227e+00
3.812489032745361328e+00
3.828190803527832031e+00
3.812325000762939453e+00
3.812495470046997070e+00
3.827740430831909180e+00
3.843769550323486328e+00
3.843828439712524414e+00
3.843935489654541016e+00
3.843784332275390625e+00
3.843493700027465820e+00
3.843543529510498047e+00
3.827921390533447266e+00
3.828189849853515625e+00
3.843927860260009766e+00
3.828015089035034180e+00
3.827839612960815430e+00
3.812575340270996094e+00
3.812357425689697266e+00
3.812660455703735352e+00
3.827951431274414062e+00
3.828135728836059570e+00
3.828084707260131836e+00
3.828331470489501953e+00
3.843696117401123047e+00
3.843918323516845703e+00
3.828132152557373047e+00
3.828411340713500977e+00
3.828096628189086914e+00
3.827942848205566406e+00
3.796725749969482422e+00
3.827814340591430664e+00
3.781307458877563477e+00
3.812426090240478516e+00
3.828075408935546875e+00
3.828116178512573242e+00
3.828108072280883789e+00
3.828197717666625977e+00
3.828112602233886719e+00
3.827957868576049805e+00
3.828187227249145508e+00
3.828161239624023438e+00
3.827836513519287109e+00
3.828051090240478516e+00
3.796757221221923828e+00
3.828264474868774414e+00
3.827754497528076172e+00
3.828177452087402344e+00
3.828031778335571289e+00
3.827888011932373047e+00
3.812484264373779297e+00
3.827614068984985352e+00
3.828212261199951172e+00
3.828120946884155273e+00
3.828250169754028320e+00
3.828414916992187500e+00
3.827953577041625977e+00
3.827846527099609375e+00
3.828171253204345703e+00
3.734343528747558594e+00
3.812529802322387695e+00
3.827784061431884766e+00
3.828194618225097656e+00
3.828098058700561523e+00
3.827955961227416992e+00
3.796996116638183594e+00
3.828122854232788086e+00
3.828118324279785156e+00
3.827821016311645508e+00
3.827475786209106445e+00
3.828184127807617188e+00
3.828141927719116211e+00
3.828151941299438477e+00
3.828121900558471680e+00
3.828486680984497070e+00
3.765569686889648438e+00
3.828187465667724609e+00
3.796856641769409180e+00
3.828057527542114258e+00
3.780706167221069336e+00
3.812215566635131836e+00
3.812545061111450195e+00
3.828444242477416992e+00
3.828026294708251953e+00
3.828186273574829102e+00
3.828230619430541992e+00
3.828106641769409180e+00
3.828050613403320312e+00
3.828024148941040039e+00
3.828509569168090820e+00
3.827997207641601562e+00
3.827940940856933594e+00
3.828511714935302734e+00
3.827922105789184570e+00
3.827946424484252930e+00
3.812457561492919922e+00
3.812167644500732422e+00
3.828188180923461914e+00
3.828150033950805664e+00
3.828092336654663086e+00
3.828320503234863281e+00
3.828151702880859375e+00
3.827964305877685547e+00
3.827879667282104492e+00
3.827561855316162109e+00
3.843496799468994141e+00
3.843513727188110352e+00
3.812532663345336914e+00
3.812494277954101562e+00
3.812704563140869141e+00
3.843656778335571289e+00
3.750124454498291016e+00
3.843414783477783203e+00
3.843734979629516602e+00
3.828508138656616211e+00
3.828188896179199219e+00
3.843508481979370117e+00
3.828243494033813477e+00
3.843634843826293945e+00
3.843223094940185547e+00
3.781245946884155273e+00
3.827912330627441406e+00
3.828422784805297852e+00
3.780979871749877930e+00
3.843877077102661133e+00
3.843645811080932617e+00
3.843495845794677734e+00
3.828266859054565430e+00
3.843699216842651367e+00
3.843756437301635742e+00
3.843390226364135742e+00
3.859399795532226562e+00
3.843704700469970703e+00
3.844347000122070312e+00
3.843721866607666016e+00
3.843516588211059570e+00
3.843692779541015625e+00
3.828456878662109375e+00
3.843451261520385742e+00
3.843678951263427734e+00
3.796746969223022461e+00
3.843750476837158203e+00
3.843849420547485352e+00
3.843667507171630859e+00
3.843734502792358398e+00
3.843339920043945312e+00
3.843386650085449219e+00
3.843706607818603516e+00
3.843687057495117188e+00
3.843422651290893555e+00
3.843698024749755859e+00
3.843449831008911133e+00
3.843556165695190430e+00
3.843951702117919922e+00
3.797230720520019531e+00
3.827776432037353516e+00
3.828088521957397461e+00
3.843978166580200195e+00
3.843767881393432617e+00
3.843755483627319336e+00
3.843789100646972656e+00
3.843929052352905273e+00
3.843531370162963867e+00
3.843549489974975586e+00
3.843891859054565430e+00
3.843412399291992188e+00
3.843544721603393555e+00
3.765517234802246094e+00
3.812510967254638672e+00
3.843609094619750977e+00
3.796622276306152344e+00
3.828111648559570312e+00
3.750251770019531250e+00
3.843754053115844727e+00
3.843564271926879883e+00
3.843661308288574219e+00
3.843649387359619141e+00
3.843874454498291016e+00
3.843816518783569336e+00
3.859390020370483398e+00
3.843461751937866211e+00
3.781061887741088867e+00
3.843713521957397461e+00
3.843776941299438477e+00
3.843780279159545898e+00
3.796856880187988281e+00
3.797018051147460938e+00
3.812504529953002930e+00
3.843842506408691406e+00
3.843697071075439453e+00
3.843446731567382812e+00
3.843349218368530273e+00
3.843966722488403320e+00
3.843566417694091797e+00
3.843500137329101562e+00
3.843582153320312500e+00
3.843491315841674805e+00
3.843741178512573242e+00
3.781110286712646484e+00
3.827951669692993164e+00
3.796886444091796875e+00
3.812503099441528320e+00
3.828571796417236328e+00
3.796848773956298828e+00
3.843458175659179688e+00
3.843585968017578125e+00
3.843387126922607422e+00
3.844055891036987305e+00
3.843497753143310547e+00
3.843736410140991211e+00
3.843812942504882812e+00
3.843375921249389648e+00
3.828605651855468750e+00
3.843930482864379883e+00
3.843806028366088867e+00
3.781297206878662109e+00
3.828584432601928711e+00
3.828058004379272461e+00
3.812454938888549805e+00
3.843500375747680664e+00
3.843872070312500000e+00
3.843732595443725586e+00
3.843573093414306641e+00
3.843645572662353516e+00
3.843616962432861328e+00
3.843723297119140625e+00
3.781232118606567383e+00
3.843648910522460938e+00
3.733973503112792969e+00
3.843689203262329102e+00
3.812522649765014648e+00
3.843694448471069336e+00
3.797197103500366211e+00
3.843607187271118164e+00
3.828190565109252930e+00
3.843717813491821289e+00
3.843400001525878906e+00
3.843922853469848633e+00
3.843733549118041992e+00
3.843890666961669922e+00
3.843581199645996094e+00
3.843765258789062500e+00
3.765399932861328125e+00
3.844048023223876953e+00
3.843998908996582031e+00
3.843325138092041016e+00
3.843752145767211914e+00
3.828054189682006836e+00
3.812253713607788086e+00
3.843771219253540039e+00
3.843766689300537109e+00
3.843823432922363281e+00
3.843720912933349609e+00
3.851170063018798828e+00
3.843806743621826172e+00
3.843765974044799805e+00
3.843577861785888672e+00
3.843732833862304688e+00
3.828046083450317383e+00
3.828360080718994141e+00
3.843704462051391602e+00
3.796905517578125000e+00
3.812715530395507812e+00
3.828184843063354492e+00
3.843728065490722656e+00
3.844010829925537109e+00
3.828170061111450195e+00
3.828169345855712891e+00
3.843562602996826172e+00
3.827940940856933594e+00
3.843739986419677734e+00
3.843824386596679688e+00
3.828040599822998047e+00
3.828236818313598633e+00
3.828182458877563477e+00
3.843707561492919922e+00
3.781646728515625000e+00
3.827910900115966797e+00
3.771627187728881836e+00
3.827967405319213867e+00
3.844015598297119141e+00
3.843722105026245117e+00
3.844134330749511719e+00
3.843851804733276367e+00
3.843785524368286133e+00
3.827476263046264648e+00
3.827833175659179688e+00
3.843370199203491211e+00
3.843722820281982422e+00
3.844265460968017578e+00
3.781233072280883789e+00
3.828111648559570312e+00
3.780827999114990234e+00
3.843630075454711914e+00
3.827910184860229492e+00
3.843403816223144531e+00
3.843661069869995117e+00
3.843784093856811523e+00
3.843725204467773438e+00
3.843788146972656250e+00
3.843660354614257812e+00
3.843543767929077148e+00
3.843839883804321289e+00
3.734369039535522461e+00
3.828144311904907227e+00
3.843485116958618164e+00
3.828614950180053711e+00
3.812236309051513672e+00
3.844263553619384766e+00
3.781087160110473633e+00
3.859234333038330078e+00
3.843160867691040039e+00
3.843769311904907227e+00
3.843638658523559570e+00
3.843522310256958008e+00
3.843558311462402344e+00
3.843805074691772461e+00
3.843768596649169922e+00
3.796664237976074219e+00
3.812277793884277344e+00
3.828091144561767578e+00
3.812513589859008789e+00
3.843337297439575195e+00
3.750020742416381836e+00
3.828126430511474609e+00
3.843591213226318359e+00
3.843864440917968750e+00
3.843261480331420898e+00
3.843816518783569336e+00
3.843778133392333984e+00
3.843757867813110352e+00
3.843947649002075195e+00
3.811782360076904297e+00
3.828324794769287109e+00
3.796743154525756836e+00
3.843507766723632812e+00
3.843644380569458008e+00
3.812520503997802734e+00
3.843633890151977539e+00
3.828439474105834961e+00
3.828170537948608398e+00
3.843875885009765625e+00
3.844110727310180664e+00
3.843705654144287109e+00
