# ChA: baseline, error baseline, integral, error integral
1.132142877787927375e+02 4.316810530283460845e-01 2.186923896529582745e+00 1.184001594111061317e+00
1.115781845961093950e+02 5.149724357163486532e-01 3.849729202414516216e+00 1.219929947089926747e+00
1.096377973778277095e+02 6.064017640631511608e-01 2.959570284225860437e+00 1.314565681928030916e+00
1.073704778115043865e+02 7.035377484056863917e-01 4.578883844054761454e+00 1.109487568946552649e+00
1.047589795279555318e+02 8.048802011376143817e-01 4.060452123346695252e+00 1.236872265667579018e+00
1.017916884495713248e+02 9.086809187242397279e-01 4.989580468286158421e+00 1.423344695921731962e+00
9.656147255571691801e+01 1.179672017763100378e+00 4.068411916191975841e+00 1.009615383891698137e+00
9.226234041424895338e+01 1.301768482048278663e+00 6.608354486021520202e+00 1.094380092974692520e+00
8.755411625472666515e+01 1.415192598432971627e+00 7.613503363738918672e+00 1.337394909503672125e+00
8.247531372994187393e+01 1.514971433909192200e+00 9.970950777975160051e+00 1.387490941458803473e+00
7.708105324769037736e+01 1.596470921364328666e+00 8.381743746449842547e+00 2.575863923467243133e+00
7.145409124792266198e+01 1.649368627034497825e+00 1.023625059140698568e+01 1.770105812064330264e+00
6.569628131155107553e+01 1.670397592980535917e+00 1.082374575683287965e+01 1.579190672985067767e+00
5.994444822014187224e+01 1.636846014806124794e+00 1.296933250365294832e+01 1.591500569466930193e+00
5.444566260331072272e+01 1.530147001795344686e+00 1.072943940312650746e+01 2.374360031114833181e+00
1.031971161637627432e+02 8.388120364523121708e-01 4.505806939701809455e+00 1.187286894593086561e+00
1.058974890447329358e+02 7.286633403115788665e-01 3.207667611102945404e+00 1.160039720379490324e+00
1.082569944890082070e+02 6.343657470932488884e-01 3.108271897158069841e+00 9.167487659991179205e-01
1.102978268473315353e+02 5.448600744469509483e-01 4.120741990230595064e+00 9.754385154001917746e-01
8.619634190462137724e+01 1.169420522251827910e+00 9.343968176200844411e+00 9.659278908666267816e-01
9.012041271012346044e+01 1.095406724636399654e+00 7.676709130076799781e+00 8.749410793669817332e-01
9.377862845183592810e+01 1.016198803426249686e+00 6.941712230108432635e+00 9.364327386998123615e-01
9.715628414354853248e+01 9.336855394395597862e-01 6.758988508942202600e+00 9.535641114591634215e-01
1.002465910617616203e+02 8.502565910649895198e-01 8.228015721934218263e+00 9.261792745474274335e-01
1.035329436823950857e+02 1.031373117810258089e+00 4.176291938488695621e+00 1.161332836948835823e+00
1.061808866786198848e+02 6.603395070308025749e-01 5.498698341027522751e+00 9.859407087360845257e-01
1.083295335538636692e+02 5.807862353333808070e-01 3.353078789836926088e+00 9.467254410855440172e-01
1.058838120061676022e+02 7.703927722832765168e-01 5.957544302723197127e+00 9.609193801609537955e-01
1.083654363407509749e+02 6.645493857294405560e-01 4.158259887017898393e+00 9.607876450655583600e-01
1.104991738815330820e+02 5.680377396556300917e-01 4.316732251565385425e+00 1.012866157285680746e+00
