# Shaula 3A, 3B, 4A, 4B
320 400 332 279
320 400 332 279
320 400 331 279
320 400 332 279
321 402 332 279
319 399 332 279
313 392 332 279
324 406 332 279
323 404 329 277
322 403 333 281
322 403 333 280
321 402 332 280
323 403 332 279
322 403 333 280
322 403 333 280
323 404 333 280
323 404 334 281
323 404 333 280
322 402 333 280
323 404 333 280
324 405 333 281
324 405 334 281
323 404 334 281
324 405 334 281
324 405 334 281
323 404 334 281
324 405 333 281
323 405 334 281
323 404 334 281
324 404 333 281
323 404 334 281
323 404 334 281
324 405 333 281
324 405 334 282
324 405 334 282
324 405 334 282
324 405 334 281
324 405 334 282
323 404 335 282
323 404 334 282
325 407 334 282
325 405 334 282
325 406 335 282
325 407 334 282
325 408 334 282
325 407 335 282
325 407 335 282
325 407 334 282
324 406 335 282
325 408 335 282
324 406 335 282
325 407 335 282
325 407 335 282
325 408 335 282
325 407 335 282
325 408 335 283
326 408 336 283
325 407 335 283
325 407 335 282
325 407 335 282
326 409 335 283
325 407 335 283
326 408 335 283
326 409 335 283
325 407 335 283
325 408 335 283
326 409 335 283
326 408 335 283
325 408 336 284
326 408 335 283
325 408 335 283
324 406 335 283
326 410 336 284
326 409 335 283
325 408 335 283
325 408 335 284
326 409 335 284
325 408 336 284
326 409 336 284
327 410 336 284
326 408 336 284
326 408 335 284
326 409 336 285
327 409 336 284
326 408 336 284
327 410 336 284
327 409 336 284
326 408 336 284
326 409 336 284
327 410 336 284
327 409 336 285
326 409 337 285
326 409 337 285
327 410 336 284
327 409 336 285
327 410 336 285
327 410 336 285
327 409 336 285
328 411 337 285
328 410 337 285
328 410 337 285
327 410 337 285
328 411 337 285
328 411 337 286
327 410 338 286
328 411 337 286
328 411 337 285
328 411 336 285
328 412 337 286
328 412 337 286
327 410 337 286
328 411 337 285
329 412 337 286
328 411 337 286
328 412 337 286
329 412 337 286
329 412 337 286
329 411 337 286
329 412 338 286
329 412 337 286
328 411 337 286
330 413 337 287
330 413 337 286
329 412 337 287
328 411 337 287
330 413 338 287
330 413 337 286
329 412 337 287
329 413 337 287
330 413 337 287
329 412 337 287
330 413 337 287
330 414 337 287
329 413 338 287
329 412 338 287
330 413 337 287
329 412 336 287
329 412 337 287
330 414 338 288
330 413 337 287
330 412 337 288
330 413 338 288
331 413 338 288
330 413 337 288
330 413 338 288
332 414 338 288
331 413 337 288
330 412 338 288
331 413 338 288
331 413 338 288
330 412 338 288
332 414 337 288
331 414 338 288
331 413 337 288
331 413 338 289
332 414 338 289
332 414 338 288
332 414 338 289
332 415 338 289
332 414 337 289
331 414 338 289
332 414 338 289
332 414 337 289
331 413 338 289
332 414 338 289
332 415 338 289
332 414 337 289
333 415 337 289
333 415 338 289
332 415 337 289
332 415 337 289
333 416 337 289
333 416 337 289
333 415 337 289
333 416 337 290
334 417 337 290
333 415 336 289
334 417 336 290
334 417 337 290
333 416 337 290
334 417 336 290
335 418 336 290
335 418 336 290
334 417 336 290
333 416 336 290
332 415 335 290
332 415 335 290
333 417 337 291
333 417 337 291
332 416 338 290
332 416 340 290
333 417 341 290
333 417 341 290
333 417 341 291
333 417 341 291
333 417 341 290
332 415 341 290
332 415 341 291
334 417 341 290
332 415 341 290
333 416 342 291
333 416 341 291
333 416 341 290
332 415 341 291
334 417 342 291
333 416 342 291
333 416 342 291
334 417 342 291
335 418 342 291
332 415 341 291
333 416 342 291
334 417 342 291
333 416 341 291
333 416 341 291
335 418 342 292
334 417 342 292
333 416 342 292
334 417 342 292
334 417 342 291
333 415 341 291
333 416 342 292
335 418 342 292
334 417 342 292
334 417 342 292
334 417 342 292
335 418 342 292
334 417 342 292
335 419 343 292
335 419 342 292
334 417 342 292
336 419 342 292
336 419 343 292
332 415 342 292
261 336 344 293
336 419 343 292
339 425 344 292
341 426 343 292
338 421 343 292
336 420 343 293
335 418 343 292
336 419 343 293
337 420 343 293
336 419 344 293
336 420 343 292
336 420 344 293
335 419 343 293
336 420 343 293
337 420 343 293
337 420 343 293
335 419 344 293
336 419 344 293
337 421 344 293
335 419 344 293
336 420 343 293
336 419 343 294
299 379 343 293
341 425 343 293
342 427 343 293
339 423 344 293
336 420 345 294
336 419 344 293
263 339 344 294
336 419 343 294
342 428 344 294
344 429 344 294
290 369 344 293
326 408 344 294
340 426 345 294
343 428 343 294
339 422 344 294
339 423 345 294
332 415 345 294
321 403 345 294
321 403 345 294
343 429 345 294
340 424 344 294
265 341 345 295
338 422 344 295
341 425 344 295
337 420 344 295
340 426 344 295
342 426 344 294
315 397 344 295
328 411 345 295
328 412 344 295
328 411 344 295
342 428 344 295
342 427 344 295
340 423 344 295
337 421 344 295
338 421 344 295
339 422 345 295
339 422 344 295
339 423 344 295
338 422 345 296
339 422 345 296
337 420 346 296
340 424 345 295
341 425 345 295
338 422 346 296
336 420 346 296
336 419 345 296
341 425 346 296
340 424 346 296
340 423 345 296
338 422 346 296
340 423 346 296
340 423 345 296
336 419 345 296
340 424 346 296
340 423 346 296
339 423 345 296
339 422 346 296
340 424 346 297
340 424 346 297
340 424 346 297
340 424 346 297
339 423 346 297
338 422 346 297
339 423 347 297
339 423 346 297
339 423 346 297
339 423 347 297
340 424 346 297
339 422 346 297
339 422 346 297
340 424 347 298
340 424 347 298
339 424 347 298
340 424 347 298
340 425 347 298
339 424 346 297
340 424 348 298
341 426 347 298
340 425 347 298
341 426 347 298
342 426 347 298
341 426 348 298
340 425 347 298
341 426 347 298
342 427 347 298
341 425 347 298
341 426 347 298
342 427 347 298
341 425 346 298
340 424 347 299
342 426 347 299
342 426 347 299
341 425 347 299
342 427 348 299
343 427 348 299
342 426 347 299
343 427 348 299
343 427 348 299
342 427 347 299
343 427 348 299
343 427 348 299
342 427 347 299
342 426 347 299
343 427 347 299
343 427 347 299
341 426 347 299
342 427 347 300
343 427 347 299
342 426 347 299
342 426 348 300
343 427 348 300
342 426 348 300
342 426 348 300
343 428 348 300
343 428 348 299
343 427 348 300
343 428 348 300
343 428 348 300
342 427 347 299
343 427 348 300
343 428 348 300
343 427 348 300
343 427 348 300
344 428 348 300
343 427 348 300
343 427 348 300
344 428 348 300
344 428 348 300
343 427 349 300
343 428 349 301
344 428 348 300
343 427 348 300
343 427 349 301
344 429 349 300
344 428 349 301
343 427 349 300
345 429 349 301
345 429 349 301
344 428 350 301
345 430 350 301
346 430 350 301
345 429 350 301
345 430 350 301
346 431 350 301
345 430 349 301
345 430 350 301
346 431 350 301
346 431 349 301
345 429 350 302
346 431 350 302
347 431 350 302
346 430 350 301
347 431 351 302
347 432 351 302
347 431 350 302
346 431 350 302
347 432 350 302
346 431 350 302
346 431 350 302
347 431 350 302
347 431 350 302
346 431 350 302
347 432 351 303
348 432 351 303
347 431 351 303
346 431 352 303
348 432 351 303
347 432 351 303
347 431 352 303
348 432 352 303
348 432 351 303
347 431 350 303
347 432 351 303
347 432 351 303
347 432 351 303
347 432 352 304
348 432 351 303
347 432 351 303
347 431 352 304
348 432 352 303
348 433 352 304
347 432 351 304
348 432 352 304
348 433 352 304
347 431 352 304
349 433 352 304
349 434 353 304
348 433 353 304
348 433 352 304
350 435 352 304
349 434 353 304
348 432 352 304
350 434 352 305
350 434 352 304
348 433 352 305
349 434 353 305
351 435 353 305
349 434 353 305
349 434 353 305
350 434 353 305
349 434 353 305
350 434 353 305
350 435 353 305
350 434 352 305
349 433 352 305
349 433 352 305
349 434 352 305
349 433 353 305
350 434 353 306
351 435 353 305
350 434 353 305
349 433 353 305
350 434 353 306
350 434 352 305
348 433 352 306
350 434 353 306
349 434 352 305
348 432 352 305
349 433 353 306
350 435 353 305
349 433 352 305
349 433 353 306
349 433 353 306
350 434 353 306
350 434 352 305
350 434 353 306
350 434 353 306
349 434 353 306
350 435 353 306
351 436 353 306
350 434 353 306
350 435 354 307
351 435 353 306
351 435 352 306
350 435 353 306
352 436 353 306
351 436 354 306
350 434 354 307
351 435 354 307
352 436 353 306
351 435 353 307
351 435 354 307
351 435 354 307
350 434 352 306
350 434 353 307
351 436 354 307
352 436 354 307
351 435 354 307
351 435 354 307
352 436 354 307
351 435 353 307
350 434 353 307
351 436 353 307
350 435 353 307
350 434 353 308
352 436 354 308
351 436 353 307
350 434 353 307
351 435 354 308
351 435 353 308
351 435 353 308
351 436 354 308
352 437 354 308
351 436 354 308
352 436 355 308
353 438 355 308
352 437 354 308
351 436 354 308
353 438 355 308
353 437 337 287
351 436 351 296
353 437 355 308
353 438 351 308
352 436 349 306
353 437 351 307
353 438 352 308
352 437 352 308
352 436 353 308
353 437 353 308
353 437 353 308
352 436 354 309
353 437 354 309
353 438 354 309
351 436 354 308
353 437 354 309
353 438 354 309
353 437 354 309
352 436 354 309
353 437 354 309
354 438 354 309
353 437 354 309
353 437 354 309
354 438 353 309
352 437 350 307
353 437 348 307
354 439 345 306
353 438 342 304
353 437 339 303
354 438 340 304
354 438 352 309
353 437 354 309
354 439 353 309
355 438 355 310
354 438 355 309
355 439 355 310
355 439 355 310
354 438 354 309
354 438 355 310
355 439 354 310
354 438 355 310
354 437 355 310
355 439 355 310
355 439 355 310
354 438 355 310
354 438 355 310
355 439 354 310
354 438 354 309
354 438 355 310
355 440 355 310
355 439 354 310
354 438 355 310
355 439 355 310
355 439 355 310
354 438 355 310
355 439 355 310
356 440 355 310
355 439 356 310
356 440 356 310
356 441 356 311
356 440 355 310
355 439 356 311
356 440 356 310
356 440 356 310
355 439 356 311
356 440 356 311
357 441 355 311
355 439 355 311
356 440 355 311
356 440 356 311
356 440 356 311
356 440 356 311
357 441 356 311
356 440 355 310
356 440 355 311
356 440 355 311
357 441 356 311
356 440 356 311
356 440 356 312
357 441 356 311
356 440 356 311
355 439 356 312
357 442 356 311
357 441 356 312
355 439 356 311
357 441 356 311
357 441 356 311
356 440 355 311
357 441 356 312
357 442 356 312
356 441 356 312
356 440 357 312
358 442 356 312
357 441 355 311
356 440 356 312
357 441 356 312
357 441 357 312
356 440 356 312
358 442 357 312
357 442 356 312
357 441 356 312
357 441 356 312
357 442 356 312
357 441 357 312
356 441 357 312
358 442 356 312
357 442 357 312
357 441 356 312
358 442 357 313
359 443 357 313
358 442 357 312
358 442 357 313
358 442 357 313
358 442 356 312
358 442 357 313
359 443 357 312
359 443 357 313
358 442 357 313
359 443 356 313
359 444 356 312
359 443 356 312
359 443 358 313
358 443 357 313
358 442 356 312
357 442 357 313
359 443 356 313
359 443 356 312
357 441 357 313
358 441 357 313
358 442 357 313
358 442 356 312
359 443 357 313
360 444 357 314
357 441 357 313
359 443 357 313
360 445 356 312
359 443 356 313
359 443 356 313
359 443 357 313
360 443 356 313
359 443 356 313
360 444 355 313
360 444 356 313
359 442 355 313
359 442 356 313
360 444 353 311
360 444 347 309
359 443 349 310
360 444 354 312
359 443 354 312
359 442 352 311
359 443 355 313
360 444 355 313
359 443 355 313
360 443 356 314
361 444 356 314
360 443 356 313
359 443 357 314
361 445 356 314
361 444 356 313
360 444 357 314
362 445 357 314
362 445 357 313
360 444 356 313
361 444 356 314
362 445 356 314
360 444 357 314
360 444 357 314
361 445 357 314
361 444 356 314
361 445 356 314
361 445 357 314
361 445 357 314
360 444 356 314
361 445 357 314
362 446 356 314
362 446 357 314
363 446 358 315
363 446 358 315
361 444 357 314
360 444 358 315
362 446 358 315
363 446 358 315
361 445 357 314
362 445 358 314
362 446 357 314
361 445 357 314
361 445 358 315
361 445 358 315
361 445 358 315
360 444 357 315
361 446 358 315
362 446 357 315
362 445 358 315
362 445 358 315
362 446 358 315
362 446 358 315
362 445 358 316
363 447 359 316
363 446 358 315
362 445 358 315
364 447 358 316
364 447 358 315
362 445 358 315
363 447 359 316
363 447 358 315
362 446 357 315
363 447 358 315
364 448 359 316
363 447 359 315
363 447 359 316
364 448 359 316
362 446 358 316
360 444 359 316
362 446 359 316
365 449 358 316
363 447 358 316
363 447 359 316
363 447 359 316
364 448 358 316
364 448 358 316
364 448 359 316
365 449 359 316
365 448 359 316
364 448 359 317
364 448 358 316
365 449 358 316
364 448 360 317
364 448 359 317
364 448 358 316
364 447 359 316
366 450 358 316
366 450 359 317
364 448 359 317
365 449 359 317
365 449 359 317
365 448 359 316
365 449 359 317
366 450 359 316
365 449 358 316
365 449 359 317
366 449 359 317
366 449 359 317
365 449 359 317
365 449 358 317
365 449 359 317
365 448 359 317
365 449 360 317
366 450 359 317
365 448 358 316
366 449 359 317
367 450 360 317
366 449 360 317
365 449 360 318
367 451 360 317
366 450 360 318
366 449 359 317
366 449 360 318
366 450 360 318
366 449 360 317
366 450 360 317
367 450 359 317
366 450 358 316
365 449 359 317
367 451 360 318
367 450 360 318
365 449 359 318
366 450 360 318
367 451 360 318
366 450 360 318
365 449 360 318
367 451 360 318
367 450 360 318
366 449 360 318
366 450 360 318
367 451 360 318
366 450 360 318
367 451 361 318
367 451 359 317
366 450 359 317
366 450 359 318
367 451 360 318
367 450 359 317
366 450 359 318
367 451 359 318
367 451 359 317
365 448 359 317
366 450 360 318
367 451 360 318
367 451 360 318
367 450 360 318
368 451 359 318
367 451 359 318
367 450 360 319
368 451 360 319
367 451 359 318
366 450 358 317
367 451 360 318
368 452 360 318
368 452 359 318
367 451 359 318
368 452 359 317
367 451 359 318
367 451 360 319
368 451 359 318
368 451 359 318
366 450 359 317
367 451 359 318
368 452 359 318
366 450 359 317
367 451 360 318
368 452 359 318
368 452 358 317
366 450 359 318
369 453 361 319
367 451 359 318
366 450 358 317
368 452 359 318
368 452 359 318
367 451 358 317
367 451 359 318
368 452 359 318
368 452 359 318
366 450 358 317
368 452 359 318
368 452 359 318
367 451 359 317
368 452 358 317
368 452 358 318
367 451 358 318
368 452 360 318
368 453 359 318
368 452 358 317
367 451 359 318
368 452 359 318
368 452 358 317
367 451 358 318
369 452 360 319
369 452 359 318
367 451 358 317
368 452 359 318
369 453 359 318
368 452 358 318
368 451 357 317
370 454 358 318
369 453 358 317
368 452 358 317
369 453 358 318
370 453 359 318
369 452 358 318
369 453 358 317
370 454 358 317
369 453 358 317
368 452 359 318
370 454 358 318
369 453 357 317
368 452 358 317
370 453 359 318
370 454 358 318
369 453 357 317
370 454 359 318
370 454 358 318
369 453 357 317
368 452 358 318
370 454 359 318
370 454 357 317
368 452 357 317
370 454 359 318
370 454 358 317
369 453 357 317
370 454 358 318
371 455 358 318
370 454 357 317
369 453 357 317
370 454 359 318
370 454 358 318
369 453 357 317
370 455 357 317
371 456 358 317
369 454 357 317
369 454 357 317
370 454 358 318
370 454 357 317
370 454 357 317
370 455 357 317
370 454 357 317
369 453 356 317
370 454 357 317
371 455 356 317
369 454 356 317
370 454 357 318
370 455 358 318
370 455 357 317
369 454 358 318
370 455 358 318
370 454 358 318
369 453 358 318
370 455 358 318
370 455 358 318
369 454 358 318
370 454 358 318
370 455 358 318
370 455 358 318
369 454 358 318
371 455 358 318
371 455 357 318
369 454 358 318
370 455 358 318
371 456 357 318
370 454 358 318
370 454 358 318
371 456 357 318
370 454 358 318
369 454 358 318
371 455 357 318
370 455 357 318
369 454 357 318
370 455 357 318
371 456 357 318
370 455 357 318
370 454 357 318
371 456 356 317
370 454 357 318
369 453 357 318
371 455 357 318
370 454 357 318
369 453 357 318
370 454 357 318
371 456 357 318
370 454 357 318
370 455 358 319
371 456 357 319
371 455 357 318
370 454 357 318
371 455 358 319
370 454 358 319
370 454 358 319
371 455 358 319
371 454 359 319
370 454 357 318
370 455 357 319
371 455 360 321
370 454 364 325
369 454 363 323
370 455 363 323
371 455 363 324
369 454 367 326
371 455 370 327
371 455 371 328
370 454 370 328
370 454 373 329
370 454 377 330
369 453 375 327
369 453 375 327
371 455 377 330
371 455 377 330
370 454 379 331
370 454 383 333
371 455 384 333
370 455 385 333
370 454 385 333
370 454 385 333
369 453 385 333
370 454 385 334
372 456 385 334
373 457 385 334
383 467 385 334
383 467 386 334
383 468 385 334
382 467 385 334
380 466 385 334
381 467 385 334
383 468 385 334
385 470 386 334
385 470 386 334
385 469 386 334
385 469 386 334
385 469 386 334
386 470 385 334
386 470 386 334
386 470 385 334
386 470 386 334
385 469 386 334
386 470 386 334
386 470 386 335
386 470 386 335
386 469 385 334
386 470 386 335
386 469 386 335
386 470 386 335
386 470 386 335
386 471 386 335
386 470 386 335
386 470 385 335
386 471 385 335
386 471 385 335
387 470 385 335
387 470 386 335
386 470 385 335
386 470 386 335
386 470 386 335
386 470 385 335
387 471 386 335
387 471 386 335
387 471 385 335
387 471 385 335
387 471 385 335
387 471 385 335
386 470 386 335
387 470 385 335
387 470 385 336
387 470 386 336
387 470 385 335
387 470 385 335
387 470 386 335
387 471 385 335
387 471 385 335
387 471 385 336
387 471 385 336
387 471 385 335
387 470 386 335
387 470 386 336
387 470 385 336
387 470 386 336
388 471 385 336
387 471 386 336
387 471 385 336
387 471 385 336
387 471 385 336
387 471 385 336
387 471 385 336
387 470 386 336
387 471 385 336
388 471 385 336
387 471 385 336
387 471 385 336
388 471 386 336
387 471 385 337
387 471 385 336
387 472 385 336
387 472 385 336
388 471 385 336
388 471 386 337
388 471 385 336
388 471 385 336
388 471 385 336
388 471 385 336
388 471 386 337
387 471 385 336
388 472 385 336
388 471 385 337
388 472 385 337
388 471 385 337
387 471 385 336
388 471 385 337
387 470 386 337
387 471 385 336
388 471 385 336
388 472 385 337
388 471 385 337
388 472 385 337
388 472 385 337
388 471 384 336
388 471 385 337
388 471 385 336
388 471 385 337
388 470 385 337
388 471 385 337
388 471 385 337
388 471 385 337
388 472 385 337
388 472 386 337
389 472 385 337
388 472 385 337
388 471 386 337
388 471 385 337
388 471 385 337
359 442 385 337
364 447 385 337
383 468 385 337
361 451 385 337
388 471 385 337
388 472 385 337
388 472 385 337
388 472 385 337
388 471 384 337
388 471 385 337
388 471 384 337
388 471 384 337
389 472 385 337
389 472 385 337
389 472 385 337
389 472 384 337
388 471 385 337
389 471 386 337
388 471 385 337
388 471 385 337
388 471 385 337
388 471 385 337
389 472 385 337
370 453 384 337
369 452 385 338
389 472 385 337
385 469 384 337
368 456 384 337
383 465 384 337
352 435 385 337
389 471 385 338
377 463 385 338
373 461 386 338
389 473 385 337
390 473 385 338
390 473 385 338
353 437 385 338
381 463 385 337
389 472 385 338
389 471 385 338
390 472 385 338
389 472 385 338
390 472 385 338
390 472 384 338
390 472 384 338
390 473 384 338
389 472 385 338
390 472 385 338
389 471 385 338
390 471 385 338
390 471 384 338
390 472 385 338
390 472 384 338
390 473 385 338
390 472 385 338
390 473 385 338
390 472 385 338
390 472 385 338
390 472 385 338
390 472 384 338
390 472 384 338
390 472 385 338
390 472 384 338
390 473 385 338
390 473 384 338
390 472 385 338
390 472 384 338
390 472 384 338
390 472 384 338
390 473 384 338
375 457 385 338
390 474 385 338
390 471 385 338
390 471 385 338
390 471 385 338
390 471 384 338
390 471 384 338
390 471 384 338
390 472 384 338
390 471 385 338
388 466 385 338
385 457 384 338
388 467 384 338
389 469 384 338
389 469 384 338
389 470 384 338
390 470 384 338
390 471 384 338
390 471 384 338
390 472 384 338
390 471 384 338
390 471 384 338
390 471 384 338
390 471 384 339
390 470 384 338
390 470 384 338
390 471 384 338
390 471 384 338
390 471 384 339
391 472 384 339
391 472 384 338
391 471 384 339
390 471 384 338
390 471 384 338
390 470 384 338
390 471 384 338
391 471 384 339
391 472 384 339
391 472 384 339
391 472 384 339
390 471 384 339
390 471 384 338
390 471 384 339
390 471 384 339
391 471 383 339
391 472 384 339
367 454 384 339
381 465 383 338
391 472 383 339
391 471 384 339
386 466 383 339
345 426 384 339
391 471 383 339
391 471 384 339
391 472 384 339
391 472 384 339
392 473 384 339
391 472 384 339
391 471 383 339
391 471 384 339
391 471 384 339
391 471 384 339
391 472 384 339
391 472 384 339
391 472 384 339
391 472 384 339
391 471 384 339
391 471 384 339
389 469 384 339
368 454 384 339
352 433 384 339
378 459 384 339
392 472 384 339
391 472 386 340
382 465 387 341
377 461 385 340
362 442 384 339
371 451 388 340
392 472 359 307
392 472 391 340
386 468 379 337
363 450 377 335
391 471 380 337
343 424 382 338
386 466 382 338
382 464 382 338
377 458 382 338
383 463 383 339
376 460 382 339
382 465 381 338
391 471 379 337
392 471 372 332
391 470 363 326
392 471 362 325
392 472 366 328
392 472 363 326
392 472 373 333
392 472 378 336
382 462 380 337
389 468 381 338
384 465 382 338
392 471 383 339
392 471 383 339
393 472 383 339
393 472 382 338
393 472 383 339
393 472 383 339
357 438 383 339
376 456 383 339
390 469 384 339
368 452 383 339
391 471 384 339
391 471 384 339
393 473 383 339
393 472 383 339
392 471 383 339
392 471 383 339
392 471 383 339
392 472 383 339
393 472 384 340
393 472 384 340
390 470 383 339
392 471 383 339
392 472 384 340
392 471 384 340
392 470 383 339
392 471 383 339
393 472 383 339
393 472 383 339
393 472 382 339
393 471 382 339
393 471 382 339
392 471 382 339
393 471 382 339
393 472 382 339
393 471 382 339
393 472 382 339
393 472 382 339
393 471 382 339
392 471 381 338
392 470 381 339
393 472 380 338
393 471 381 339
393 472 381 339
393 472 381 339
393 471 382 339
393 471 381 339
393 471 381 339
393 471 381 338
393 471 381 338
393 471 381 338
393 471 381 339
393 472 380 338
393 470 381 339
393 471 381 339
393 470 381 338
393 471 380 338
393 471 381 338
393 472 381 338
393 472 381 338
393 471 381 339
393 471 380 338
393 470 381 338
393 470 380 338
393 471 381 339
393 472 380 338
394 472 380 338
393 472 380 338
393 471 380 338
393 470 380 338
393 470 380 338
393 471 380 338
393 472 380 338
394 472 380 338
393 471 380 338
393 470 380 338
393 469 380 338
393 469 380 338
393 470 379 337
393 471 379 337
393 471 379 338
393 472 380 337
393 471 380 338
393 470 379 337
393 470 379 337
393 470 379 337
393 471 378 337
393 471 378 337
393 471 379 337
393 471 379 337
393 470 379 337
393 469 380 338
393 470 380 338
393 470 380 339
394 471 380 338
394 471 380 338
394 471 380 338
393 470 380 338
393 469 380 338
393 470 380 338
394 471 380 338
394 471 379 338
394 471 379 338
394 471 379 338
394 470 378 337
393 469 379 337
394 470 379 337
394 470 379 337
394 471 379 337
394 471 379 337
394 470 379 337
394 470 379 337
393 469 379 338
394 470 379 338
394 471 379 338
394 471 379 338
394 471 379 337
393 470 379 338
393 469 379 337
393 468 379 335
393 469 375 332
394 469 379 336
394 470 379 337
394 470 379 337
393 469 377 336
393 468 377 336
393 469 382 339
394 469 387 341
394 469 386 339
394 470 387 339
394 470 387 340
393 468 388 341
393 468 390 342
393 468 391 343
394 469 392 343
394 469 394 344
394 470 394 344
394 469 395 344
393 468 395 344
393 468 396 344
393 469 396 344
394 469 397 344
394 469 397 344
394 470 397 344
393 468 397 344
393 466 397 344
392 465 397 344
393 468 397 344
393 469 397 344
393 470 398 344
394 472 397 344
391 473 397 344
381 464 397 344
379 461 397 344
393 474 397 344
394 475 397 344
394 475 397 344
394 475 397 344
393 474 397 344
393 474 397 344
394 475 397 344
394 474 397 344
393 474 397 344
393 475 397 344
393 474 397 344
394 474 397 344
394 475 397 344
394 475 397 344
393 474 397 344
393 474 397 344
394 474 397 344
394 474 397 344
394 474 397 344
393 474 397 344
394 474 397 344
394 474 397 344
394 474 398 345
394 474 397 345
393 473 397 344
393 474 397 344
393 474 398 345
394 475 397 345
393 474 397 345
394 474 398 345
394 474 397 345
394 475 397 345
394 474 397 345
394 475 397 345
391 472 397 345
362 445 397 345
392 473 397 345
376 461 397 345
394 475 397 345
394 475 397 345
394 475 397 345
394 474 398 345
394 474 397 345
394 474 397 345
394 474 397 345
394 475 397 345
394 474 398 345
394 475 397 345
394 474 397 345
394 474 397 345
394 474 398 345
394 475 397 345
394 474 397 345
394 474 397 345
394 474 397 345
394 474 397 345
394 474 398 345
358 440 398 345
376 458 397 345
394 475 397 345
379 463 397 345
393 474 397 345
356 439 397 345
390 470 397 345
388 470 397 345
380 464 398 345
395 475 398 345
394 474 397 345
356 438 397 345
388 469 397 345
387 470 397 345
384 467 397 345
394 474 397 345
377 458 397 345
366 448 397 345
394 475 398 345
392 473 397 345
378 462 397 345
394 474 397 345
395 474 397 345
394 474 397 345
394 474 397 345
395 475 397 346
394 474 397 346
394 474 397 346
395 474 397 345
395 474 397 345
395 474 396 345
395 474 396 345
386 467 396 345
357 439 396 345
395 475 396 345
395 475 396 345
394 474 397 346
395 474 397 345
395 474 396 345
377 461 397 346
393 473 397 346
343 425 396 345
393 473 396 346
396 475 397 346
395 474 396 346
396 474 396 346
396 475 397 346
395 474 396 346
396 475 397 346
396 474 397 346
395 474 396 346
395 474 397 346
396 475 397 346
396 475 397 346
396 474 396 346
396 475 396 346
396 474 397 346
396 475 397 346
396 475 397 346
396 475 396 346
396 475 397 346
383 464 397 346
389 469 397 346
396 475 397 346
396 475 397 346
396 475 397 346
396 474 397 346
396 474 397 346
396 474 397 346
396 475 396 346
396 474 397 346
396 474 397 346
396 474 397 346
396 474 397 346
396 474 397 346
396 475 397 346
396 475 396 346
396 474 396 346
396 474 397 346
396 474 397 346
396 474 397 346
396 474 396 346
396 474 397 346
396 474 397 346
396 474 397 346
396 474 397 346
396 475 397 347
396 475 397 346
396 474 397 346
396 474 396 346
396 474 397 346
396 475 396 346
396 475 396 346
396 474 396 346
396 474 396 346
396 474 396 346
396 474 396 346
396 474 396 346
396 474 396 346
396 474 396 346
396 474 396 347
396 474 396 346
396 474 396 346
396 474 396 346
397 474 396 346
397 473 396 346
396 473 397 347
396 474 397 347
397 474 397 347
396 473 396 347
396 473 396 346
397 474 397 347
396 474 396 347
397 474 397 347
397 474 396 346
396 473 396 347
396 474 396 346
397 474 397 347
397 474 396 347
397 474 396 347
397 474 396 346
397 474 396 346
397 474 396 347
396 474 396 346
397 474 395 346
397 474 395 346
396 473 396 346
396 474 396 346
397 474 396 347
394 471 396 346
341 420 395 346
397 473 395 346
397 473 396 346
397 474 396 346
397 473 395 346
397 473 396 346
397 473 396 346
397 473 395 346
397 474 396 346
397 474 396 346
397 473 396 346
397 473 395 346
397 473 395 346
397 473 395 346
389 467 395 346
373 452 395 346
397 473 395 346
392 469 395 346
376 458 396 346
397 473 396 346
396 472 396 346
397 473 395 346
397 472 396 346
397 473 395 346
397 473 396 346
397 472 395 346
397 472 395 346
389 466 395 346
356 436 395 346
395 471 395 346
366 448 395 346
395 471 395 346
397 472 395 346
397 473 395 346
397 472 394 346
397 471 394 346
397 471 395 346
397 472 395 346
397 472 395 346
397 472 395 346
397 471 394 346
397 472 394 346
396 471 393 345
330 409 393 345
395 471 394 346
397 471 394 346
397 472 394 346
397 472 393 345
397 472 393 345
397 471 393 345
397 471 393 345
397 471 393 345
397 471 393 346
397 471 393 345
397 471 392 346
397 471 393 345
397 472 392 345
393 469 392 345
376 455 392 345
396 470 392 345
397 471 392 345
397 471 392 345
397 471 392 345
397 471 392 345
397 470 392 345
397 471 392 345
397 471 392 346
397 471 392 345
397 470 391 345
397 470 391 344
397 470 391 344
397 471 390 344
397 471 391 345
397 470 390 344
397 470 391 345
397 470 391 345
397 470 390 344
396 470 390 344
396 470 390 344
397 470 390 344
397 470 390 344
397 470 390 344
385 459 391 345
359 436 390 344
397 470 390 344
397 471 390 344
397 470 390 344
397 469 389 344
378 455 389 344
360 437 389 344
391 465 388 343
397 470 388 343
397 470 388 344
385 461 388 343
385 461 389 344
345 422 389 344
396 469 390 344
397 470 390 344
397 470 390 344
397 470 389 344
397 469 387 343
397 469 387 343
396 470 387 343
397 470 388 343
397 470 388 344
397 469 388 343
397 470 388 343
397 470 388 343
397 470 388 343
396 469 387 343
374 451 386 343
393 467 387 343
397 470 388 343
397 470 389 343
397 470 388 343
397 470 387 343
397 470 386 342
397 469 386 342
397 469 386 342
397 469 386 342
397 470 386 342
397 470 386 342
397 469 387 343
396 468 387 343
397 469 387 343
397 469 386 342
397 469 386 342
397 469 386 342
397 469 386 342
397 469 385 341
397 469 385 342
397 468 385 342
396 468 385 342
397 470 385 341
397 469 385 342
397 469 385 341
397 469 385 341
397 470 385 342
397 470 386 342
397 469 386 342
396 468 386 342
397 469 386 342
397 470 384 341
397 469 384 341
397 468 384 341
397 469 384 341
397 469 384 341
397 469 384 341
397 469 384 341
397 469 384 341
397 469 384 341
397 469 384 341
397 469 384 341
397 469 384 341
397 469 385 341
397 470 385 341
397 469 384 341
396 469 384 341
397 469 385 341
396 468 385 341
396 468 385 341
396 468 387 342
396 468 397 348
397 469 397 348
396 468 397 348
396 468 398 347
397 468 398 348
397 469 400 348
396 468 401 348
396 467 401 348
397 468 402 348
397 469 402 348
397 468 402 348
396 467 402 348
396 468 402 348
397 469 402 348
396 468 402 348
396 467 402 348
396 468 402 348
396 468 402 348
396 468 402 348
396 467 402 348
396 467 402 348
396 468 402 348
397 468 402 348
396 468 402 348
396 468 402 348
396 468 402 348
396 468 402 348
396 467 402 348
396 468 402 348
396 468 402 348
397 468 402 349
396 467 402 349
396 468 402 348
397 468 402 348
397 468 402 348
397 468 402 348
397 468 402 348
397 468 402 348
397 468 402 348
396 467 402 348
397 468 402 348
397 468 402 348
397 468 402 348
396 468 401 348
397 468 401 348
397 468 401 348
397 468 401 348
396 467 401 348
396 468 401 348
397 468 401 348
397 468 401 348
397 468 401 348
397 468 401 348
397 469 401 348
396 468 401 349
397 468 401 348
397 469 401 348
397 468 401 349
396 467 401 348
396 467 401 348
396 467 401 348
396 467 401 349
396 467 401 349
396 467 401 349
396 468 401 349
396 468 401 349
396 467 401 349
396 467 401 349
396 467 401 349
396 467 400 349
396 467 401 349
396 467 401 349
396 467 400 349
396 467 401 349
395 466 401 349
396 466 401 349
396 467 400 349
396 466 400 349
396 466 401 349
396 466 401 349
396 467 401 349
396 466 401 349
396 466 401 349
396 467 400 349
396 466 400 349
396 466 401 349
396 465 400 349
396 466 401 349
396 466 400 349
396 465 401 349
396 466 401 349
396 466 400 349
395 465 400 349
395 465 400 349
396 466 400 349
396 466 400 349
395 464 400 349
395 464 400 349
395 465 400 349
396 465 401 349
395 464 401 349
395 465 400 349
396 466 400 349
396 465 400 349
395 464 400 349
395 465 400 349
395 465 400 349
395 464 400 349
395 464 400 349
395 465 400 349
395 465 400 349
395 464 400 349
395 465 400 349
395 465 400 349
395 464 400 349
395 464 400 349
395 464 400 349
395 463 400 349
395 463 400 349
395 464 400 349
396 465 400 349
395 463 400 349
394 462 400 349
395 464 400 349
395 464 400 349
394 463 400 349
395 464 400 349
395 465 400 349
394 463 400 349
394 463 400 349
395 463 400 349
395 464 400 349
394 462 400 349
394 462 400 349
325 399 400 349
393 461 400 349
392 459 400 349
380 449 400 349
380 450 400 349
394 462 400 349
394 462 400 349
395 463 400 349
394 463 400 349
394 462 399 349
395 462 400 349
395 463 400 349
394 462 400 349
394 462 400 349
395 463 399 349
394 462 400 349
394 461 399 349
390 459 400 349
350 423 399 349
392 459 399 349
393 461 399 349
394 462 400 349
394 461 399 349
394 461 399 349
394 461 399 349
394 461 399 349
393 460 399 349
394 461 399 349
394 462 399 349
394 460 399 349
394 461 399 349
394 462 399 349
394 461 399 349
393 460 399 349
394 461 399 349
394 461 399 349
393 460 399 349
393 460 399 349
394 462 400 349
393 460 399 349
393 460 399 349
394 461 399 349
394 461 399 349
393 460 399 349
393 461 399 349
394 461 399 349
393 460 399 349
394 461 399 349
394 461 399 349
393 459 399 349
393 459 399 349
394 461 399 349
393 459 399 349
393 460 399 349
393 460 399 349
393 460 399 349
392 458 399 349
370 439 399 349
382 450 399 349
392 459 399 349
393 460 399 349
393 460 399 349
392 458 399 349
392 459 399 349
393 460 399 349
393 459 399 349
392 458 399 349
393 460 399 349
393 459 399 349
392 458 399 349
392 458 399 349
393 459 399 349
392 457 399 350
392 459 399 350
392 459 399 349
391 457 399 349
392 457 399 349
393 459 399 349
392 458 399 349
392 459 399 349
387 456 399 350
355 427 387 337
391 457 399 349
391 457 399 349
394 462 399 349
396 466 399 349
384 443 399 349
389 451 399 349
390 454 399 350
390 455 400 349
392 458 399 349
393 459 399 349
397 468 399 350
392 459 399 350
379 433 399 350
387 448 399 349
392 458 400 350
391 456 400 350
390 454 400 350
369 435 400 350
383 447 399 350
390 454 399 350
392 457 399 349
390 455 399 349
391 457 400 350
390 455 398 348
389 452 398 348
389 453 399 349
343 412 399 349
381 448 399 349
389 452 399 350
390 454 399 349
390 454 400 349
390 454 400 350
391 455 400 350
390 453 400 350
389 452 400 350
390 454 400 350
390 453 400 350
390 453 400 350
390 454 400 350
389 452 400 350
388 450 400 350
390 453 400 350
389 453 400 350
388 451 400 350
390 455 400 350
389 452 400 350
389 451 400 350
390 455 400 350
389 453 400 349
389 452 399 349
389 453 400 349
387 448 400 349
385 445 400 350
387 448 400 349
388 449 400 349
387 449 400 349
389 451 400 349
388 450 400 350
387 449 400 350
388 450 400 350
387 449 400 349
387 449 400 349
387 449 399 349
387 449 396 346
376 437 394 344
368 433 395 344
364 432 394 342
384 445 400 349
361 426 400 349
385 447 385 335
387 449 386 336
387 450 396 347
386 448 386 341
387 449 400 349
387 450 400 349
386 448 400 349
387 448 400 350
387 449 400 350
386 447 400 349
386 448 400 349
387 449 400 350
387 448 400 350
387 449 400 349
387 448 400 349
386 447 400 349
387 448 400 349
387 448 400 349
387 447 400 349
387 447 400 349
386 446 400 349
386 446 400 349
387 448 400 349
386 447 400 349
387 447 400 349
387 447 400 349
386 446 400 349
387 447 400 349
387 448 400 349
386 446 400 349
386 446 400 349
386 446 400 349
386 446 400 349
386 447 400 349
386 446 400 349
386 447 401 349
387 449 400 349
386 447 400 349
385 446 401 349
386 447 400 349
385 446 401 349
385 446 400 349
386 447 400 349
385 445 400 349
386 447 400 349
386 446 400 349
386 446 400 349
386 447 400 349
385 446 400 349
386 446 400 349
386 447 400 349
385 446 400 349
386 446 401 349
385 446 401 349
385 445 400 349
386 446 400 349
385 445 401 349
385 445 400 349
385 446 400 349
385 445 400 349
385 445 400 349
385 445 401 349
385 444 400 349
385 446 400 349
385 445 400 349
385 444 400 349
385 445 400 349
384 444 400 349
385 444 400 349
385 445 400 349
384 443 399 349
385 444 399 349
384 443 400 349
384 443 400 349
385 445 399 349
384 443 399 349
384 443 399 349
384 444 400 349
384 443 400 349
384 443 400 349
384 442 400 349
384 442 400 349
385 444 399 349
384 442 398 349
384 443 399 349
384 444 400 349
383 442 399 349
384 443 399 349
384 442 399 349
384 443 399 349
384 443 399 349
384 442 399 349
384 443 399 349
383 442 399 349
382 440 398 349
383 442 399 349
383 442 398 349
384 443 398 349
384 443 398 349
383 442 399 349
385 444 399 349
383 442 398 349
383 442 398 349
383 442 399 349
382 440 398 349
384 443 399 349
383 441 398 349
383 442 398 349
384 443 398 349
382 441 398 349
383 442 398 349
383 442 398 349
383 441 399 349
383 442 398 349
383 441 398 349
383 442 398 349
383 441 398 349
382 440 398 349
383 442 398 349
383 441 398 349
383 442 398 349
383 441 398 349
383 442 397 349
383 442 397 349
382 440 397 349
382 440 398 349
383 441 398 349
383 441 398 349
383 442 397 349
382 440 397 349
383 441 397 349
383 441 397 349
382 440 398 349
382 440 397 349
382 439 397 349
383 442 397 349
383 442 397 349
381 439 397 349
382 440 397 349
382 439 397 349
383 440 397 349
382 439 397 349
382 440 397 349
383 441 397 349
383 440 397 349
383 441 398 349
382 439 397 349
382 440 397 349
381 439 397 349
381 438 397 349
382 440 397 349
382 439 397 349
382 440 397 349
382 439 397 349
382 439 397 349
382 439 397 349
381 438 397 349
382 440 397 349
382 440 397 349
382 440 397 349
382 440 397 349
381 439 397 349
382 440 396 349
381 438 396 349
382 440 396 349
382 440 396 349
382 439 397 349
382 439 396 349
381 437 397 349
381 439 397 349
381 438 397 349
381 438 397 349
381 438 396 349
382 439 396 349
382 440 397 349
381 438 397 349
382 439 397 349
381 437 396 348
381 438 396 349
381 438 397 349
380 437 397 349
381 437 397 349
380 437 397 349
381 438 397 349
380 436 396 349
381 438 397 349
380 437 397 349
380 436 396 349
380 437 396 348
379 436 397 349
380 437 397 349
380 436 397 349
380 437 397 349
380 437 396 349
380 437 396 349
380 436 397 349
379 435 396 349
380 436 396 349
378 435 397 349
380 436 397 349
379 434 396 349
379 436 396 349
379 436 396 349
379 436 396 349
379 436 396 349
378 435 396 349
379 435 397 349
378 434 396 349
379 436 396 348
378 435 397 349
378 435 397 349
379 435 396 349
379 436 397 349
378 435 396 349
378 434 397 349
380 436 397 349
378 434 396 349
378 434 396 349
377 433 397 349
378 434 397 349
378 433 397 349
378 433 397 349
378 434 396 349
378 433 396 349
378 434 396 349
377 433 397 349
378 434 397 349
377 433 396 349
377 434 396 349
371 430 396 349
327 391 396 349
376 431 396 349
375 428 397 349
368 422 397 349
374 428 396 349
378 433 396 349
377 432 396 349
378 433 396 349
377 432 397 349
378 434 397 349
377 432 397 349
378 434 396 349
377 432 396 349
377 431 397 349
376 431 396 349
377 432 396 349
377 432 396 349
376 431 397 349
376 431 397 349
376 431 396 349
377 432 396 349
377 431 396 349
378 433 396 349
376 432 396 349
376 432 396 349
375 429 396 349
377 432 396 348
376 431 396 349
376 432 396 349
374 431 396 349
335 400 396 349
374 430 396 349
366 419 396 349
368 422 396 349
376 430 396 349
377 431 395 349
376 431 396 349
376 430 396 349
376 431 396 349
376 432 396 349
376 430 396 349
376 431 396 349
375 430 396 349
376 431 396 349
375 430 395 349
377 432 396 349
376 431 396 349
377 432 396 349
376 431 395 348
375 429 395 349
374 428 396 349
375 430 396 349
375 430 395 348
376 431 396 349
375 429 396 349
376 431 396 349
376 431 396 349
377 432 396 349
376 430 396 349
375 429 396 349
374 428 395 349
374 428 396 349
375 429 396 349
376 430 395 348
375 429 396 349
376 429 396 349
375 429 395 349
375 429 395 348
375 429 396 349
375 428 396 349
374 428 396 349
375 429 396 349
375 430 395 348
375 429 395 348
375 428 395 348
375 429 396 349
375 430 396 349
375 429 395 349
376 430 395 349
375 430 396 349
375 430 396 349
376 430 395 348
375 429 396 349
376 430 395 349
375 430 395 348
376 430 395 348
375 429 395 348
373 429 395 348
321 385 396 349
374 429 395 349
366 418 395 348
358 411 396 349
375 428 396 349
375 429 395 348
375 428 395 348
375 429 395 348
375 429 395 348
376 430 395 348
375 428 395 348
376 430 395 348
374 428 395 349
374 428 395 348
375 429 395 349
375 429 396 349
375 429 395 348
376 430 395 348
375 429 395 348
316 379 395 348
371 427 395 348
374 427 395 348
375 428 395 348
374 427 395 348
374 427 395 348
360 412 395 348
373 426 396 348
374 428 396 349
375 429 395 348
374 429 395 349
374 429 395 348
374 426 395 348
375 428 395 348
375 429 395 348
376 430 396 349
337 399 395 348
372 428 394 348
374 426 395 348
374 428 395 349
373 427 395 348
374 428 395 348
373 427 395 348
374 427 396 349
375 428 395 349
374 428 395 349
375 429 395 349
374 429 395 348
374 428 395 348
374 427 395 348
374 429 394 348
373 427 396 349
374 429 395 348
375 428 395 349
374 427 395 349
374 428 395 349
374 429 394 348
374 428 394 348
374 428 395 348
373 427 395 348
373 426 395 348
373 427 395 348
373 427 395 348
374 428 395 348
371 425 395 348
372 425 395 348
373 426 395 348
372 426 395 348
371 424 395 348
372 424 395 349
371 423 394 348
371 424 395 348
371 424 395 349
371 423 395 349
371 423 395 348
371 424 395 349
370 422 395 349
370 422 395 348
370 422 394 348
370 422 395 349
368 420 395 349
369 422 394 348
370 422 395 349
368 419 394 348
370 422 395 349
369 421 395 349
369 422 395 349
368 420 394 348
369 421 394 348
368 420 395 349
368 420 395 349
368 420 395 349
367 419 394 348
368 420 395 349
367 418 394 349
368 420 395 349
367 419 395 349
367 419 395 349
367 419 395 349
368 420 395 349
368 420 395 349
366 418 396 349
367 419 395 349
367 419 395 348
366 418 396 349
366 418 395 349
366 418 395 349
367 419 395 349
366 418 395 349
367 419 395 349
366 418 396 349
366 417 395 349
366 418 395 349
365 416 395 349
365 417 395 349
365 416 395 348
366 418 395 348
366 418 395 349
365 416 395 349
364 416 395 349
363 413 395 348
365 416 395 349
364 415 395 348
364 415 395 349
364 415 395 349
363 414 394 348
364 415 394 348
363 414 394 348
364 415 394 348
378 436 395 349
378 436 395 349
382 445 395 349
387 458 395 349
390 464 394 348
388 463 394 349
385 461 394 348
384 461 394 349
388 464 394 348
391 466 394 348
394 469 394 348
394 470 394 348
397 472 395 349
397 472 394 348
397 473 394 348
397 473 394 348
397 472 394 348
397 473 394 348
397 472 394 348
397 473 395 349
397 473 395 348
397 473 394 348
397 474 394 348
397 472 394 348
396 472 394 349
396 472 394 348
396 472 394 348
397 473 394 349
396 472 394 349
396 472 394 348
396 472 397 350
397 473 398 351
396 473 398 350
396 473 396 349
396 472 397 350
396 472 399 351
397 472 400 352
397 473 400 352
396 472 400 352
395 472 400 351
397 473 400 352
396 473 400 352
396 472 400 352
395 473 400 352
396 472 400 352
396 473 401 352
396 473 401 352
395 472 400 352
396 472 400 352
397 473 400 352
396 472 400 352
396 472 400 352
395 472 400 352
396 473 400 352
396 472 400 352
396 472 400 352
395 471 400 352
395 472 400 352
395 472 400 352
396 472 400 352
395 472 400 352
395 472 400 352
396 473 400 351
396 473 400 352
395 472 400 352
394 471 401 352
395 471 401 352
395 472 400 351
395 472 401 352
394 471 401 352
395 472 400 352
395 472 400 352
395 471 400 352
395 472 400 352
393 471 400 352
394 471 400 352
394 471 400 352
394 471 400 352
396 472 401 352
392 470 400 352
394 471 400 352
395 472 400 352
395 472 400 352
393 470 400 351
392 470 400 352
394 471 400 351
395 471 400 352
395 471 400 352
393 470 400 352
392 469 400 352
394 471 401 352
394 470 401 352
394 470 401 352
393 470 401 352
394 471 400 352
393 470 400 352
393 470 401 352
393 470 401 352
393 469 400 352
395 471 400 352
389 467 401 352
392 468 400 352
392 468 400 352
393 470 400 352
393 470 401 352
393 469 400 352
391 468 400 352
391 468 400 352
393 469 400 352
394 469 400 352
389 466 401 352
391 467 400 352
391 467 400 352
392 467 400 352
392 467 400 352
392 467 400 352
391 467 400 352
394 469 400 352
391 467 400 352
391 467 400 352
392 467 400 352
392 467 400 352
393 467 400 352
392 467 400 352
391 466 400 352
392 467 400 352
391 466 400 352
392 467 400 352
392 467 399 352
390 466 400 352
392 467 399 352
392 467 399 352
391 466 399 352
392 467 399 352
391 466 400 352
390 466 399 352
392 467 399 352
393 468 399 352
392 467 399 352
390 465 399 352
392 467 399 352
392 467 399 352
392 466 399 352
391 465 399 352
392 466 399 352
391 465 399 352
391 465 399 351
391 466 399 351
392 466 399 352
389 465 399 351
391 466 398 352
392 466 399 352
390 465 399 352
393 467 399 352
384 460 399 352
390 464 399 352
394 466 399 352
382 459 398 352
390 464 399 351
391 464 399 352
391 464 398 351
393 464 398 351
372 449 399 352
392 464 399 352
386 456 398 352
392 464 398 352
357 433 398 352
355 433 398 352
392 464 398 352
392 464 398 352
392 462 398 351
384 454 399 352
341 414 399 352
368 445 398 351
393 464 398 351
391 463 398 351
391 463 398 352
391 463 398 351
387 461 398 351
389 462 398 351
390 462 398 351
390 462 398 351
389 461 398 351
391 460 398 351
387 460 398 351
375 448 398 351
376 451 398 351
391 462 398 351
391 460 398 351
367 444 397 351
390 462 397 351
390 462 397 351
387 460 398 352
387 460 398 351
390 462 398 351
389 462 397 351
390 461 398 351
387 457 398 351
385 456 397 351
379 452 398 351
348 427 397 351
389 461 398 351
385 454 398 351
383 453 397 351
390 462 398 352
389 462 398 351
388 460 397 351
388 460 397 351
388 461 397 351
389 461 397 351
389 460 397 351
384 457 397 351
319 397 397 351
386 458 397 351
390 459 397 351
390 460 397 351
387 457 397 351
389 459 397 351
385 452 397 351
388 456 397 351
388 458 397 351
388 459 397 351
385 456 397 351
363 438 397 351
380 452 396 351
386 453 397 351
386 453 397 351
386 456 396 351
385 455 397 351
293 368 397 351
383 454 396 351
386 453 396 351
382 448 396 351
385 451 397 351
386 455 396 351
385 454 397 351
385 454 396 351
383 453 396 351
384 454 396 351
385 453 396 350
383 452 396 351
383 452 396 351
383 452 396 351
335 410 396 350
366 439 396 351
384 450 396 351
384 450 396 351
375 439 396 351
384 449 396 351
383 450 395 350
382 450 396 350
383 450 396 350
378 447 396 350
307 381 396 351
380 446 396 351
383 447 396 351
382 447 396 351
378 441 395 350
364 436 396 350
382 447 395 350
372 435 395 350
382 445 395 350
381 446 396 350
382 448 395 350
378 443 396 350
379 445 395 350
381 446 395 350
379 445 395 350
378 444 395 350
378 445 396 350
379 444 396 350
379 445 395 350
379 444 396 350
378 444 395 350
378 444 395 350
378 444 395 350
377 443 395 350
378 443 395 350
378 443 395 350
378 443 395 350
377 442 395 350
377 442 395 350
377 442 395 350
378 442 395 350
376 441 395 350
372 439 394 349
378 441 395 350
378 441 395 350
376 440 395 350
377 441 395 350
375 440 394 350
376 440 394 349
376 440 395 350
377 440 395 350
376 439 394 350
375 439 395 350
375 440 394 349
376 440 394 349
376 439 395 350
375 438 394 350
376 439 394 350
374 439 395 350
375 439 395 350
375 439 394 349
375 438 394 350
374 437 395 350
373 437 395 350
372 437 395 350
375 438 395 350
375 438 395 350
374 437 395 350
373 437 395 350
373 436 395 350
373 436 395 350
375 438 395 350
374 437 395 350
372 435 394 350
373 435 395 350
372 436 395 350
372 435 395 350
374 436 395 350
373 436 395 350
371 435 395 350
373 436 395 350
370 434 395 350
369 433 395 350
364 429 394 349
306 374 395 350
371 434 395 350
373 435 395 350
372 434 395 350
369 432 395 350
370 433 395 350
369 432 395 350
367 431 395 350
368 431 395 350
371 433 395 350
368 431 395 350
368 432 395 350
373 434 394 349
362 428 394 349
367 431 395 349
369 431 394 349
368 431 395 349
371 430 395 350
371 431 394 349
371 429 395 350
371 430 394 349
369 431 395 349
372 433 394 349
367 428 394 349
366 428 394 348
368 430 393 348
370 430 393 348
369 429 394 348
369 429 393 348
369 429 393 348
368 429 393 348
369 429 393 348
369 429 393 348
367 428 393 348
369 429 393 348
368 429 393 348
368 429 393 348
367 428 393 348
366 427 394 348
366 427 394 348
367 427 393 348
365 427 394 348
365 426 394 348
365 426 393 348
365 426 393 348
327 392 393 348
338 404 393 348
367 426 393 348
367 425 393 348
365 422 393 348
363 419 394 348
365 424 393 348
365 425 393 348
364 425 393 348
364 425 393 348
366 425 393 347
365 425 393 347
365 425 392 347
366 425 392 347
365 425 392 347
364 425 392 347
364 424 392 347
365 424 392 347
365 425 392 347
366 426 393 348
365 426 392 348
365 425 392 347
365 425 392 347
365 425 392 347
364 424 392 347
365 425 392 347
365 425 392 347
365 425 392 348
364 424 392 347
363 423 391 347
364 423 392 347
366 425 393 348
364 424 392 348
364 424 392 347
363 423 392 348
364 423 391 347
364 423 392 348
364 424 392 348
364 423 392 348
363 423 392 348
364 423 392 348
363 422 392 348
362 421 392 348
363 422 392 348
363 422 392 348
362 421 392 348
362 421 393 348
362 420 392 348
362 420 392 348
362 420 392 348
362 420 393 348
362 421 392 347
362 420 392 347
362 421 393 348
361 419 392 348
361 419 393 348
361 419 393 348
361 419 392 348
360 418 392 347
360 418 393 348
360 417 392 348
360 418 393 348
358 415 394 349
359 416 391 346
357 414 389 344
358 414 393 348
358 414 393 348
356 412 391 347
356 412 391 346
355 412 392 347
354 410 392 347
354 410 392 347
353 409 392 347
352 407 392 347
353 408 391 346
353 408 392 347
352 407 391 347
352 407 392 347
350 405 392 347
351 407 391 346
351 406 391 346
350 404 392 347
349 404 391 347
349 403 391 347
349 404 391 347
348 403 391 346
348 403 391 347
349 403 392 347
348 402 392 347
348 403 391 346
348 402 391 347
348 402 391 346
347 402 392 347
346 401 391 346
347 402 391 346
346 400 390 346
347 402 391 346
346 401 391 347
346 401 390 346
344 399 391 346
347 402 390 346
345 400 391 346
345 400 390 346
346 401 389 345
346 401 391 346
346 402 391 346
346 401 390 346
346 400 391 346
346 401 390 346
345 401 390 346
345 401 390 346
345 400 390 346
345 400 389 345
345 400 390 346
345 400 389 345
346 400 389 345
344 400 391 347
346 401 390 346
346 401 390 346
345 400 390 346
345 400 390 346
346 401 390 346
346 400 390 346
346 401 390 346
345 400 391 347
344 400 390 346
345 400 390 346
345 401 389 345
346 401 390 346
346 400 390 346
344 398 390 346
345 400 391 346
344 398 390 346
345 400 390 346
344 399 390 345
344 399 390 346
343 398 390 346
344 399 390 346
344 398 390 346
342 397 390 346
343 398 390 346
343 398 390 345
344 398 391 346
341 397 390 345
340 396 390 346
344 396 391 346
341 396 390 346
342 395 391 346
343 394 390 346
340 395 390 345
342 395 390 345
340 392 390 346
339 392 390 345
340 394 390 345
341 395 390 345
339 393 390 345
338 391 389 345
339 392 390 345
338 392 389 345
338 390 389 345
338 390 389 345
338 390 389 345
337 390 389 344
336 388 389 344
336 389 388 344
336 388 388 344
335 387 389 344
335 387 388 344
334 386 388 343
334 386 388 344
334 386 388 343
331 383 389 344
334 385 388 343
334 385 387 343
333 384 387 343
331 383 388 343
333 385 387 342
333 385 388 343
332 384 388 343
332 384 387 343
333 384 387 342
335 386 388 343
332 383 388 344
332 384 387 342
333 384 387 343
332 384 386 342
334 386 387 342
283 341 387 342
323 380 387 343
336 386 385 341
336 385 387 342
334 381 387 342
330 375 385 341
319 374 386 342
305 365 387 342
335 387 386 342
336 386 386 342
336 387 386 341
336 387 386 341
336 384 386 342
335 384 386 341
295 356 386 341
337 390 386 341
338 388 385 341
337 389 386 342
337 390 385 340
338 388 386 341
334 380 386 341
336 389 386 341
337 389 385 341
336 390 386 341
297 356 386 341
335 389 386 341
335 382 386 341
326 372 385 340
320 366 385 341
301 349 386 341
333 379 385 340
338 387 385 341
354 410 385 341
373 437 385 340
379 449 386 341
366 441 385 340
368 442 385 340
377 451 385 341
379 454 385 340
386 462 385 340
392 469 385 340
374 453 385 340
374 456 385 340
395 471 384 340
393 469 383 339
394 470 385 341
394 471 384 341
394 470 380 338
394 471 367 327
395 471 371 330
394 471 362 321
394 471 367 325
394 471 383 338
394 471 381 336
394 471 375 331
394 471 383 340
394 471 385 342
389 465 385 342
386 463 384 341
393 471 381 339
393 470 378 336
392 469 379 336
394 470 365 321
394 470 230 198
393 470 239 206
393 470 353 306
393 469 386 339
381 460 388 342
350 432 386 341
393 469 386 342
394 470 386 341
394 470 385 341
393 469 385 341
393 470 385 341
394 470 385 341
393 470 385 341
393 470 385 340
393 470 384 340
393 471 384 340
392 470 384 339
393 470 384 339
393 470 384 340
393 470 384 339
393 470 384 340
394 470 383 339
387 466 383 340
393 470 384 340
392 470 385 341
393 471 388 343
394 469 387 342
388 464 382 338
394 470 384 340
392 469 387 342
361 444 388 343
373 455 387 342
393 470 387 343
394 470 387 342
392 468 388 343
388 464 387 343
393 470 387 343
392 470 387 343
393 470 385 341
393 470 387 343
393 470 387 343
393 470 387 342
393 470 387 343
393 470 387 343
391 469 386 342
390 468 386 342
390 468 387 343
393 470 387 343
393 470 387 343
386 465 386 342
338 421 387 343
392 469 387 342
394 470 387 343
393 470 387 342
392 469 387 342
392 469 387 343
392 469 386 342
392 469 387 342
392 468 387 342
392 468 387 342
392 469 387 343
393 469 387 343
392 467 388 343
388 464 387 342
392 468 388 343
339 421 388 343
375 456 388 344
392 469 388 343
393 469 387 343
392 469 389 344
392 468 388 343
391 468 388 344
392 468 388 343
393 469 388 343
393 468 387 343
377 458 387 343
387 466 387 343
392 468 387 343
391 468 387 343
390 467 388 343
389 467 387 343
390 467 387 343
389 467 387 342
390 467 387 343
390 467 386 342
390 467 387 342
390 467 387 343
391 468 387 342
390 466 387 342
390 467 387 342
392 467 386 342
378 457 386 342
386 464 386 341
391 467 386 341
390 467 386 342
390 467 386 342
390 466 385 341
391 467 386 341
391 466 385 341
391 467 385 341
391 466 386 341
390 467 384 340
390 467 385 341
389 466 385 341
390 466 384 340
389 465 385 341
389 466 385 340
389 466 383 339
389 466 385 341
390 466 384 340
390 466 384 339
390 467 384 340
390 466 384 340
390 466 384 340
391 467 383 339
390 466 384 340
389 465 383 339
389 465 384 339
389 466 384 339
389 466 383 339
389 466 383 339
388 465 383 339
389 465 383 339
389 465 383 339
390 466 383 339
390 466 384 340
390 466 384 339
390 466 383 339
390 465 384 340
389 465 384 340
389 465 385 340
388 464 384 340
389 465 384 340
387 464 384 340
388 464 384 339
387 464 385 340
388 464 384 339
388 464 384 340
388 464 384 339
388 464 384 339
388 464 384 340
388 464 386 341
388 464 385 340
389 464 385 340
388 464 385 340
388 464 385 340
388 464 385 340
388 464 385 341
387 463 385 340
387 463 385 340
387 463 386 341
387 464 385 340
387 463 383 339
387 463 385 341
387 463 385 340
387 463 386 341
388 463 385 340
388 464 385 340
387 463 385 340
387 463 384 340
387 463 385 340
387 462 384 340
386 462 383 339
386 462 386 341
387 462 385 340
386 461 385 341
387 463 383 339
386 462 384 340
385 461 385 340
385 461 385 340
385 461 384 340
385 461 385 340
386 462 385 340
386 462 385 340
386 461 384 339
386 461 385 340
386 461 385 340
386 460 385 340
385 460 384 340
386 460 383 338
385 460 385 340
385 459 385 339
385 461 385 340
385 460 384 340
384 459 383 338
385 460 383 339
385 460 384 339
384 459 384 339
384 459 384 339
384 459 384 339
384 459 383 339
385 459 383 338
385 459 383 339
385 459 384 339
385 458 383 338
384 458 383 339
384 458 385 340
385 458 383 339
384 458 384 339
385 458 384 339
384 458 384 339
384 458 383 339
384 457 385 339
384 457 385 340
384 457 384 339
383 457 384 339
383 457 385 340
383 456 386 340
383 456 386 340
382 455 385 339
382 455 385 340
382 454 385 340
383 455 384 339
382 454 385 340
382 453 385 340
383 453 386 340
383 453 386 340
383 453 386 340
383 453 385 339
382 453 387 340
383 454 387 341
383 454 387 341
383 453 387 341
383 453 387 340
383 454 387 341
383 454 387 341
383 455 388 342
387 462 387 341
388 465 386 340
372 438 387 340
381 452 387 341
382 456 386 340
383 457 386 341
385 459 387 341
386 458 387 341
368 444 386 340
370 447 387 340
382 455 387 340
384 456 385 339
384 454 386 340
383 454 386 340
381 452 385 339
382 453 385 339
382 454 385 339
382 452 385 339
383 452 384 338
383 451 385 339
383 450 385 338
383 449 385 339
383 452 385 339
378 451 385 339
325 402 385 339
378 450 386 340
383 452 385 338
384 452 384 338
384 453 385 339
384 453 385 339
383 453 384 338
382 452 385 339
382 453 384 338
381 453 386 339
381 452 385 339
381 452 384 338
381 453 385 339
381 452 385 339
380 451 385 338
381 452 384 338
381 452 386 340
380 451 385 339
380 452 385 339
380 451 385 338
380 451 386 339
380 451 386 340
380 451 385 339
379 451 385 339
380 452 385 339
379 451 387 340
379 451 386 340
379 451 385 339
379 451 387 340
380 451 386 340
379 451 387 340
379 450 386 339
380 452 387 340
379 450 387 340
379 451 386 340
380 451 387 341
381 452 386 340
381 453 387 341
379 451 386 340
384 458 386 340
387 462 386 340
364 424 387 340
375 443 386 340
380 452 387 340
381 453 387 340
382 453 387 341
380 451 389 342
377 450 395 344
378 450 374 330
378 450 339 303
379 451 381 336
379 451 388 341
380 451 388 341
380 450 388 341
380 450 387 341
379 451 387 341
378 450 387 341
376 448 387 341
376 449 387 341
376 448 387 341
377 449 387 341
377 448 386 340
376 449 387 341
376 448 388 341
376 448 388 341
376 448 386 340
376 448 387 341
376 448 387 341
375 447 387 341
375 447 387 341
376 449 387 341
375 447 387 341
375 448 386 340
375 448 386 340
375 448 387 341
375 447 387 341
374 447 387 340
375 448 386 340
375 448 386 340
373 445 386 340
373 447 387 341
373 447 387 341
372 445 386 340
372 445 385 339
372 446 387 341
372 445 388 342
371 444 385 339
370 443 386 340
370 443 387 341
370 443 386 340
369 442 386 340
368 441 386 340
368 441 385 339
367 440 386 340
366 441 386 340
363 437 385 340
367 440 386 341
373 445 386 340
376 448 387 341
377 448 385 340
377 447 387 341
377 447 386 340
377 447 384 338
377 448 385 338
377 447 385 339
377 447 385 339
378 448 385 338
377 448 384 338
378 448 385 338
377 448 385 338
378 448 384 338
377 448 385 338
378 448 384 338
378 449 384 338
379 451 384 337
380 452 383 337
375 443 384 337
377 446 385 338
379 450 384 337
379 450 384 337
379 450 383 336
379 450 384 337
379 450 391 342
380 451 383 336
379 450 368 324
380 451 379 333
379 449 384 337
379 450 384 337
379 450 383 336
379 449 383 336
379 449 384 337
379 450 382 336
378 449 382 336
378 449 383 336
378 449 383 336
378 448 381 334
377 448 383 336
377 448 381 335
377 447 381 334
376 447 381 334
377 448 381 335
377 447 380 334
376 447 381 335
376 446 381 335
376 446 382 335
376 446 382 335
377 446 381 335
377 447 382 335
377 446 381 334
377 446 381 334
377 446 380 334
378 447 379 333
378 447 381 334
378 446 380 334
378 446 380 334
377 445 379 333
377 446 380 334
378 447 381 334
378 445 380 334
378 446 380 333
378 446 380 334
378 446 381 334
377 445 381 335
378 445 381 334
378 446 381 335
377 445 381 334
378 445 381 334
378 446 380 333
378 446 380 333
378 446 380 333
378 446 380 334
377 445 380 333
377 446 381 334
377 446 380 334
377 445 382 335
377 447 379 333
378 448 379 333
377 447 382 335
377 446 382 335
376 446 382 335
376 446 382 335
377 447 383 336
376 446 383 336
377 447 384 337
377 446 381 335
377 446 381 335
376 447 382 336
376 446 383 336
376 445 382 336
377 446 383 336
377 446 381 335
377 447 382 336
378 447 382 335
378 449 382 336
377 447 382 336
377 446 382 335
376 445 380 334
378 446 380 334
378 446 380 333
378 447 379 333
377 446 381 334
377 447 383 335
377 447 382 335
377 447 381 334
377 447 381 334
377 447 381 334
376 446 381 334
376 446 381 334
376 446 382 335
376 445 381 334
375 445 381 334
375 445 381 334
376 446 382 335
376 446 381 334
376 445 381 334
376 445 382 335
376 445 382 335
376 445 381 334
375 443 381 334
375 443 381 335
376 444 380 333
376 444 378 332
376 444 379 332
376 444 380 333
375 442 379 333
374 442 379 333
374 441 379 332
374 442 378 332
374 442 379 332
373 440 379 332
375 443 379 333
374 440 379 333
373 439 378 332
374 441 377 332
374 441 379 333
374 440 378 332
373 440 379 332
373 439 379 332
374 442 379 333
373 440 378 332
374 440 378 332
373 440 378 332
374 440 376 331
373 440 379 333
373 441 379 333
370 437 378 332
372 439 378 332
371 439 378 332
372 440 380 333
372 440 378 332
371 438 379 333
371 438 378 332
371 438 378 332
372 441 377 331
372 440 378 332
372 440 378 332
373 441 378 332
371 439 378 332
371 439 377 332
372 440 378 332
372 442 378 332
368 437 378 332
368 437 377 332
369 439 377 331
369 438 377 331
369 438 378 332
369 439 378 332
369 439 378 332
370 439 378 332
371 441 378 332
370 439 380 333
372 440 378 332
372 441 378 332
371 439 378 332
372 441 378 332
372 440 376 330
372 441 376 330
370 439 377 331
370 439 377 331
369 438 376 330
370 439 376 330
370 439 376 330
370 439 376 330
369 438 375 329
370 439 375 329
370 439 375 330
370 438 374 328
371 439 375 329
370 438 376 330
370 438 374 328
370 437 371 326
370 438 373 328
370 438 373 328
369 437 373 327
369 437 375 330
369 437 382 335
370 438 378 334
370 437 363 323
370 438 380 334
371 439 382 336
371 437 382 336
372 438 383 337
371 438 383 337
371 438 384 337
371 438 381 334
371 438 375 330
370 437 387 339
370 438 389 341
368 436 392 345
369 437 393 347
369 437 396 350
369 437 395 348
369 437 386 339
369 437 392 345
370 437 393 346
370 436 393 347
371 438 395 348
371 438 396 349
370 437 395 347
368 435 395 347
369 436 396 348
369 437 396 348
369 437 396 347
368 436 396 347
368 436 396 348
368 436 395 347
369 437 396 347
369 436 395 347
369 436 395 347
369 436 396 347
370 437 396 347
368 436 396 347
367 435 395 347
367 434 396 348
367 435 395 347
366 434 396 347
367 435 395 347
368 436 395 347
368 435 396 347
368 436 396 347
369 437 396 347
368 435 395 347
368 436 396 347
368 436 396 347
366 434 395 347
366 434 396 347
367 436 396 348
368 437 395 347
367 436 395 347
367 435 395 347
368 436 395 347
368 437 395 347
368 436 395 346
369 437 396 348
368 436 395 347
367 435 395 347
366 435 395 347
366 435 395 347
366 436 395 347
366 435 395 347
366 434 395 347
367 435 395 347
366 434 394 347
366 434 394 346
366 435 395 347
366 434 395 348
364 432 395 347
363 432 394 347
364 432 394 347
363 432 394 347
363 432 394 347
364 432 393 347
364 432 393 346
365 433 393 346
363 431 393 346
365 433 393 346
364 432 393 346
362 430 393 346
361 430 393 346
362 430 392 346
362 430 392 346
362 430 392 346
363 430 392 345
363 430 392 345
363 431 392 345
364 432 392 346
362 430 392 346
362 431 392 345
361 428 392 346
360 428 392 345
361 429 392 346
361 429 392 346
361 429 392 346
362 429 392 346
362 429 392 345
362 430 392 346
362 431 392 346
360 428 392 346
360 428 392 346
360 428 392 345
361 429 392 346
360 428 392 346
361 429 392 345
362 431 391 345
362 430 390 344
362 430 390 344
362 430 389 344
360 429 389 343
360 429 389 344
359 428 389 343
360 429 389 343
359 428 389 343
361 430 389 344
360 429 390 344
360 429 390 344
360 429 390 344
359 428 390 344
358 427 390 344
358 427 390 344
358 427 391 345
358 428 391 345
359 428 391 345
359 428 391 345
358 427 392 346
359 427 392 346
358 427 392 346
357 426 392 346
356 426 392 345
355 424 391 344
355 424 391 344
360 430 391 344
359 428 390 344
352 419 390 344
356 424 390 344
357 426 390 343
356 426 389 343
355 424 389 343
354 424 389 343
355 424 389 343
355 424 389 343
356 425 388 343
356 424 388 343
355 424 389 343
354 422 389 343
354 422 389 343
353 422 389 343
354 422 389 343
354 422 389 343
355 423 389 343
356 425 389 344
356 424 390 344
355 424 390 344
354 422 391 345
354 422 391 345
354 423 391 345
355 424 391 345
357 425 391 345
357 425 391 345
357 425 391 345
359 426 392 345
357 425 391 345
355 424 391 345
356 425 391 345
356 425 391 345
356 424 391 345
358 426 391 345
359 427 391 345
359 427 391 345
358 427 391 345
357 426 391 345
357 426 392 345
358 427 392 345
359 427 392 345
359 427 392 346
361 429 392 345
361 429 392 346
359 428 393 346
358 427 393 346
359 428 393 346
360 429 393 346
359 428 393 347
359 428 393 346
361 430 393 347
362 432 394 347
359 428 394 347
358 428 394 347
359 428 394 347
359 429 394 347
360 429 394 347
360 429 394 347
361 430 394 347
361 430 394 347
361 431 395 347
360 429 394 348
359 429 394 346
360 430 394 347
360 430 394 348
361 431 394 347
361 432 394 347
361 431 395 347
360 430 395 347
359 429 395 348
360 430 395 348
359 429 395 347
360 430 395 347
361 432 395 347
361 431 395 347
360 431 395 348
359 430 395 347
359 429 395 347
359 429 395 347
359 429 395 347
360 430 395 347
359 429 395 347
360 430 395 347
360 430 395 347
359 430 396 348
358 429 395 347
358 428 396 348
359 430 396 347
360 431 396 347
360 430 396 347
359 429 396 348
358 429 396 348
357 427 396 348
356 427 396 348
357 427 396 347
359 429 396 347
359 429 396 348
359 429 396 348
357 428 396 348
356 427 396 348
356 427 396 347
356 427 395 347
357 428 396 348
357 427 396 347
357 427 396 348
355 425 396 348
354 424 396 347
353 423 396 348
354 424 396 347
354 424 396 348
354 424 395 347
355 425 396 348
353 423 395 347
352 423 395 347
351 421 395 347
351 420 395 347
351 421 395 347
353 422 395 347
353 422 395 347
351 420 395 347
350 420 395 347
350 419 395 347
350 419 395 347
351 420 395 347
351 420 394 346
351 420 394 347
350 419 394 347
349 418 395 347
349 419 394 347
348 418 394 347
351 421 394 347
349 418 394 346
349 418 395 347
347 417 395 347
347 417 394 347
347 416 394 347
347 416 394 347
349 418 394 346
348 418 394 346
347 417 395 347
346 415 394 347
345 415 395 347
345 415 395 347
346 417 395 347
347 417 395 347
347 417 395 348
346 415 395 347
343 413 395 347
343 413 395 348
344 415 395 347
343 413 396 347
344 414 395 347
345 415 396 347
343 413 396 348
341 412 396 348
342 413 396 348
340 410 396 348
342 412 396 348
343 412 396 348
343 414 397 349
340 411 397 348
338 408 396 348
339 410 396 348
340 410 396 348
342 412 396 347
341 412 396 348
339 409 396 348
338 408 396 348
337 408 396 348
338 408 397 348
339 409 396 348
338 409 396 348
338 408 397 348
337 407 396 348
336 406 396 348
336 406 397 348
338 409 397 348
337 407 396 348
337 407 396 348
336 407 396 348
336 407 396 348
336 406 396 348
336 407 396 348
338 408 396 348
336 406 396 348
337 407 396 348
334 404 396 348
335 405 396 348
333 403 396 348
336 406 396 348
336 406 396 348
336 406 396 348
333 402 396 348
332 401 396 348
334 403 396 348
335 405 395 348
336 405 395 348
335 405 395 348
333 402 395 348
332 401 395 348
333 403 395 348
333 402 396 348
335 404 395 348
335 404 396 348
333 403 396 349
333 403 395 348
344 421 396 348
343 422 396 348
343 422 395 348
317 391 395 348
343 422 395 348
342 421 395 348
309 387 395 348
301 380 395 348
352 430 395 348
363 441 395 348
378 454 395 349
384 458 396 349
384 458 395 348
383 457 395 348
385 460 395 348
386 461 395 348
389 464 395 348
393 468 395 348
395 470 395 348
395 470 395 348
395 470 395 348
397 473 395 348
398 473 395 349
400 474 395 349
400 473 395 349
400 473 396 349
398 470 396 349
398 470 396 349
398 469 396 349
398 469 396 349
399 471 395 349
399 470 394 349
398 470 393 348
398 470 388 344
399 471 390 344
399 471 361 315
399 471 370 324
399 471 391 343
398 470 395 348
398 470 396 350
399 471 388 342
400 471 384 338
399 471 379 333
398 470 390 345
398 470 383 339
398 470 373 332
399 471 397 350
399 471 397 350
399 471 397 351
399 471 402 352
398 471 403 352
399 471 404 350
400 472 402 347
400 471 399 342
399 472 390 330
399 472 394 335
399 471 403 347
400 472 402 347
401 472 402 347
401 473 395 343
400 472 391 341
400 473 402 346
400 472 399 343
401 473 394 339
401 473 395 339
401 473 402 346
401 473 401 346
401 473 402 346
401 472 402 346
401 473 402 347
401 473 402 347
401 473 402 347
400 473 402 346
400 473 402 346
401 474 402 346
401 474 402 346
401 474 402 347
401 473 402 347
401 474 402 347
401 474 402 346
401 473 402 347
401 474 402 347
401 473 402 347
401 473 402 346
400 474 402 347
401 474 402 346
402 474 402 346
402 474 402 346
401 474 402 347
401 474 402 347
401 473 402 347
402 474 401 347
402 474 402 347
402 474 401 347
402 474 401 347
402 474 401 347
402 474 401 347
402 474 401 346
402 474 401 347
402 474 401 347
402 474 401 346
402 474 401 347
402 474 401 346
402 474 401 346
403 474 402 347
402 474 401 346
402 474 401 346
402 474 401 346
403 474 401 346
402 474 402 346
402 474 401 346
402 475 401 346
403 475 402 346
403 474 402 346
402 473 401 346
402 474 401 346
403 474 402 346
403 475 402 346
403 475 402 346
403 475 402 346
403 475 402 346
403 474 401 346
403 475 402 347
403 475 401 346
403 475 401 346
403 475 402 346
403 475 402 346
403 475 401 345
403 475 402 347
403 475 402 347
403 476 401 346
403 475 402 346
404 478 402 346
402 475 402 346
401 469 401 346
403 475 402 346
404 475 402 346
403 475 401 346
403 475 402 346
403 476 402 346
403 475 402 347
403 476 402 346
403 476 402 346
403 476 403 346
403 475 402 346
403 476 402 346
403 476 402 347
403 476 403 347
404 476 402 346
404 476 403 347
404 476 402 347
404 476 402 347
404 475 402 346
403 476 402 346
404 476 402 347
404 476 402 347
403 476 402 346
403 475 402 347
403 475 402 346
404 476 402 346
404 476 402 346
404 476 402 346
403 476 402 346
404 476 402 346
403 475 402 347
404 475 402 346
403 475 402 346
404 476 402 347
404 476 402 346
404 476 402 346
404 476 402 346
403 475 402 346
404 476 402 346
403 476 402 346
403 475 402 347
403 476 402 346
404 476 402 346
403 475 402 346
404 476 402 347
404 476 402 346
404 476 402 346
404 476 402 347
404 476 402 346
404 476 402 346
404 476 402 346
404 476 402 346
404 477 402 346
404 476 402 346
404 476 402 346
404 476 402 346
404 477 402 346
404 477 402 346
404 476 402 346
404 477 402 346
404 477 402 346
404 477 402 346
404 477 402 346
404 477 402 346
404 478 402 346
404 477 402 346
404 477 402 346
404 477 402 346
404 477 402 346
405 477 402 346
405 478 402 346
404 477 402 346
404 477 402 346
404 477 402 346
404 477 402 346
404 477 402 346
404 477 402 346
404 477 402 346
404 477 402 346
404 477 402 346
405 478 402 346
404 477 402 346
405 477 402 346
405 478 402 346
405 477 402 346
404 478 402 346
404 477 402 346
405 477 402 346
405 477 402 346
405 477 402 346
405 477 403 346
405 477 402 346
405 478 402 347
405 477 402 346
405 477 403 346
405 477 402 346
405 477 403 347
405 477 402 347
405 478 402 346
405 478 402 346
405 477 403 347
405 477 403 347
405 477 403 347
405 477 402 346
405 478 403 346
405 477 403 347
405 477 403 347
405 477 403 347
405 477 403 347
405 478 402 346
405 478 402 346
405 477 403 347
405 478 403 347
405 478 402 347
405 478 403 347
405 478 403 347
405 477 403 347
405 478 403 347
405 478 403 346
405 477 403 347
405 477 403 347
405 478 403 347
405 478 403 347
405 478 403 347
405 477 403 347
405 477 404 347
405 477 404 347
405 478 404 347
405 478 404 347
405 478 404 348
405 478 403 347
405 477 403 347
405 478 403 347
405 479 404 348
405 478 404 347
405 478 404 348
405 478 403 348
405 478 403 347
405 479 403 348
405 478 403 348
405 478 404 348
405 478 403 348
405 478 404 348
405 478 403 348
405 478 404 348
405 478 404 348
405 478 404 348
405 479 404 348
405 478 404 348
405 478 404 348
405 478 404 348
405 478 404 348
405 478 404 348
405 478 404 348
405 478 404 348
405 478 404 348
405 478 404 348
405 478 404 348
405 478 403 348
405 478 404 348
405 478 404 348
405 479 404 349
405 478 403 348
405 478 403 348
405 478 404 349
405 478 403 349
405 478 404 348
405 478 403 348
405 478 403 348
405 478 403 348
405 479 403 348
405 478 404 348
405 478 404 348
405 478 404 348
405 478 404 348
405 478 403 348
405 478 403 348
405 478 403 349
405 479 404 349
405 479 404 349
405 479 404 348
405 478 404 348
405 479 404 348
405 479 404 349
405 479 404 348
405 479 404 348
405 478 403 347
405 478 404 348
405 479 404 348
405 479 404 348
404 478 404 348
404 478 404 348
404 479 404 348
404 479 404 348
404 478 404 348
405 478 404 348
404 479 404 348
405 479 404 348
404 478 404 348
404 478 404 348
404 478 404 348
404 479 404 348
404 479 404 348
404 478 404 348
404 478 404 348
404 478 404 348
405 479 404 348
404 478 404 348
404 478 404 348
405 478 404 348
404 478 404 348
404 478 404 348
404 478 404 348
404 478 404 347
404 478 404 347
404 478 404 348
404 478 403 348
404 478 403 348
404 478 403 347
405 478 403 348
405 478 404 348
404 478 403 348
404 478 403 348
404 478 404 348
404 478 403 347
404 478 403 348
404 478 403 348
404 478 403 348
404 478 403 348
404 479 403 348
404 478 403 347
404 478 404 348
405 478 403 347
405 479 403 347
404 478 403 348
404 478 404 347
404 478 403 347
405 479 403 347
405 479 404 347
404 478 403 347
404 478 403 347
404 479 404 347
405 479 403 347
404 479 404 348
404 478 404 347
404 479 403 347
405 479 404 347
404 479 404 348
404 479 404 347
404 479 404 347
404 479 404 347
405 479 404 347
404 478 403 347
404 479 404 347
404 479 404 347
404 479 404 347
404 479 404 347
404 478 404 347
404 479 404 347
404 480 404 347
404 479 404 347
404 478 404 347
404 479 404 348
404 479 404 348
404 479 404 348
404 479 404 348
404 479 404 347
404 479 404 347
405 480 404 348
404 479 404 348
404 479 404 347
404 479 404 348
404 479 404 347
404 479 405 348
403 478 405 348
403 479 404 348
404 479 405 347
404 480 405 348
404 479 405 348
403 479 405 348
404 479 405 347
404 479 405 348
403 479 405 348
403 479 405 347
404 479 405 348
404 480 406 348
404 480 405 348
403 479 406 348
403 479 406 348
403 479 405 348
403 479 406 349
402 478 406 349
403 479 405 348
403 479 406 348
403 479 406 348
403 478 406 348
403 478 406 349
403 478 406 348
403 479 405 348
403 478 406 349
402 478 406 349
403 478 406 349
403 479 406 349
403 479 406 349
402 478 406 349
402 478 406 349
403 479 406 349
402 478 406 349
402 478 406 348
402 477 406 349
402 478 407 350
402 478 406 349
402 478 406 349
402 478 406 349
402 478 406 349
402 478 406 349
401 477 407 349
401 477 406 349
401 477 406 349
402 478 406 349
402 478 406 349
401 477 406 349
401 477 406 349
401 477 406 349
401 477 406 349
400 476 406 349
401 477 406 348
401 477 406 349
401 477 406 349
400 476 406 349
400 476 406 348
401 476 406 349
401 477 406 349
401 476 406 349
399 475 406 349
399 475 406 349
400 475 406 348
400 475 406 348
398 474 406 348
398 474 406 348
399 474 406 348
399 475 406 349
398 473 406 348
398 474 406 348
399 475 406 348
399 475 406 348
398 474 406 348
398 474 405 348
399 474 405 348
399 474 405 348
398 474 406 348
398 473 405 348
398 474 405 348
398 473 405 348
397 473 406 348
396 472 406 348
397 473 406 348
398 474 406 348
397 473 406 348
396 472 405 348
396 472 405 348
399 474 405 348
398 474 406 349
397 473 406 349
396 472 406 349
398 473 405 349
397 473 406 349
396 472 406 349
396 472 406 349
398 474 406 349
398 474 406 349
397 472 406 349
396 472 406 349
397 472 406 349
397 473 407 349
396 472 406 349
396 472 406 349
397 472 406 349
397 473 406 349
396 472 406 349
396 471 406 349
395 471 406 349
397 472 406 349
396 472 406 349
396 472 406 349
396 472 406 349
397 472 406 349
396 471 406 349
396 471 406 350
396 472 406 349
397 473 406 349
396 472 406 349
396 472 406 349
396 471 407 349
397 473 407 349
397 473 407 350
396 472 406 349
396 472 406 349
397 473 406 349
396 472 407 350
396 471 407 350
395 471 406 349
397 473 407 350
397 473 406 350
395 472 407 350
395 470 406 350
396 472 406 349
396 471 406 350
395 471 407 351
394 470 406 349
396 472 406 349
396 472 401 347
395 471 406 350
395 471 395 338
395 471 405 349
395 471 405 349
395 471 405 350
396 472 401 344
397 473 401 344
396 472 404 349
396 472 404 348
395 471 401 344
396 472 406 349
396 472 406 350
395 471 406 350
394 470 406 350
396 471 406 350
395 471 407 350
395 471 406 350
394 470 405 349
397 473 406 350
396 472 405 349
396 471 406 350
394 470 406 350
396 471 407 351
396 471 406 349
396 471 405 349
394 470 407 350
395 471 407 351
395 471 406 349
395 471 406 350
394 470 406 350
394 470 406 350
395 471 406 350
395 470 407 350
394 470 406 349
394 470 407 350
395 471 407 350
394 470 407 350
394 470 407 351
393 469 407 350
394 470 407 350
394 470 406 350
393 469 408 351
393 469 407 351
395 470 406 350
393 469 407 351
394 470 406 350
393 470 407 351
394 470 407 351
394 470 407 351
392 468 407 351
393 469 407 350
394 470 407 350
395 471 407 350
392 468 407 351
392 468 407 350
393 469 406 350
394 470 407 351
391 467 407 350
392 468 406 350
393 468 407 351
392 468 407 350
391 467 407 350
393 469 406 350
395 471 407 351
394 470 407 350
392 468 407 351
392 467 407 350
394 470 407 350
392 467 407 351
391 467 407 350
392 468 408 351
394 470 407 350
393 469 407 350
392 468 407 350
392 468 407 350
393 469 407 350
392 468 407 350
390 466 407 350
393 469 407 351
392 468 407 350
392 468 408 351
391 467 407 350
392 468 407 350
392 468 407 350
392 468 407 350
391 467 407 350
391 468 407 350
392 468 407 350
390 467 407 350
390 467 407 350
391 467 407 350
392 468 408 350
390 466 407 350
390 466 407 350
391 467 407 350
391 466 407 350
391 467 408 350
390 466 407 350
392 468 408 350
391 467 408 350
390 467 408 350
390 466 408 350
391 467 408 350
391 467 407 350
390 466 407 350
390 467 407 350
390 466 408 350
390 467 408 351
389 465 407 350
389 466 407 350
390 466 408 350
391 467 408 350
390 466 407 350
388 464 407 350
391 467 407 350
391 467 407 350
389 465 407 350
388 465 408 350
389 466 407 350
391 467 408 350
388 465 407 350
390 467 408 350
390 466 407 350
389 466 408 350
389 465 407 350
389 466 408 350
390 467 407 350
389 465 407 350
389 465 407 350
388 465 405 350
390 466 398 340
389 465 406 349
388 464 407 350
389 466 407 350
388 465 407 350
388 465 407 349
387 463 407 350
388 464 407 350
389 465 407 350
386 462 407 350
388 464 407 349
388 464 407 350
389 465 407 350
387 463 407 349
387 463 407 350
389 465 407 350
389 464 406 349
388 464 407 350
387 463 407 349
388 464 407 349
389 465 407 350
386 463 407 349
388 464 407 349
387 463 406 349
388 464 407 349
387 463 407 350
387 463 407 349
389 465 406 349
388 464 407 350
387 464 407 350
387 463 407 349
388 464 407 350
387 464 407 350
386 462 406 349
387 464 407 350
388 464 406 349
387 463 406 349
386 462 407 350
386 462 407 350
389 465 406 349
386 462 406 349
386 462 407 350
388 465 407 349
387 463 406 349
387 463 406 349
386 462 406 349
387 464 407 350
388 464 407 350
386 462 407 350
387 463 406 349
387 464 407 350
387 464 406 349
386 462 406 350
386 463 406 350
388 465 406 349
387 464 407 350
385 462 407 350
386 462 406 349
387 463 406 349
387 463 407 350
385 461 406 350
386 463 406 350
387 463 406 349
386 462 406 349
386 462 407 349
385 462 407 349
385 461 407 350
385 462 407 349
384 461 407 350
386 462 406 349
386 463 406 349
385 461 407 350
386 463 406 349
386 462 406 349
386 462 407 349
384 460 407 349
384 460 407 350
387 463 407 349
385 462 407 350
383 460 406 349
385 462 407 349
385 461 407 350
384 461 407 349
383 460 407 349
383 459 407 349
386 463 407 349
384 461 407 349
384 461 407 349
386 462 407 349
385 461 407 349
384 461 407 350
