# Shaula 3A, 3B, 4A, 4B
264 331 281 218
265 333 281 218
266 334 281 218
266 335 281 218
265 334 282 218
266 335 282 218
266 335 282 218
266 334 282 218
265 334 282 218
266 335 282 218
266 335 282 218
266 335 282 219
266 335 282 218
266 334 282 219
266 334 282 219
267 335 282 219
267 335 282 219
266 335 282 219
267 335 283 219
267 335 282 219
267 335 283 219
267 336 282 219
268 337 282 219
268 337 283 219
267 337 283 220
268 337 283 219
268 337 283 219
268 337 283 219
268 337 283 219
268 337 284 220
268 336 284 220
268 337 284 220
268 337 284 220
268 336 284 220
268 336 284 220
269 336 283 219
269 337 284 220
269 337 284 220
269 337 284 220
270 338 284 220
269 337 284 219
269 337 284 220
270 338 284 220
270 339 285 220
270 339 284 220
270 339 284 220
270 339 284 220
270 339 285 221
270 339 284 220
270 339 285 221
270 339 285 221
270 339 285 221
270 339 285 220
271 340 286 221
270 339 285 221
270 338 286 221
271 338 285 221
271 338 285 221
271 339 285 220
271 339 285 221
271 339 285 221
271 339 285 220
272 340 285 220
271 340 286 221
271 339 286 221
272 341 286 221
272 341 285 221
271 340 286 221
272 340 286 221
272 341 286 221
272 341 286 221
272 340 286 221
272 341 286 221
272 341 286 221
272 340 287 222
272 341 286 222
272 341 286 222
272 341 287 222
272 340 287 222
273 341 287 222
273 341 287 222
273 341 287 222
273 342 287 222
273 342 287 222
273 341 287 222
273 343 287 222
273 343 287 222
273 342 287 223
273 343 287 222
274 343 287 222
273 343 287 223
273 343 287 222
274 343 287 222
274 343 288 223
274 343 288 223
274 343 288 223
274 344 288 223
274 343 288 223
274 343 288 223
275 343 288 223
274 343 289 223
274 343 288 223
274 343 288 223
274 343 288 223
274 343 289 224
275 344 288 223
275 344 289 224
275 344 289 224
275 345 289 223
275 345 289 223
275 344 289 224
275 345 289 223
276 346 289 223
276 345 289 224
276 346 289 224
276 345 289 224
276 345 289 224
276 345 290 224
276 345 289 224
276 345 290 224
276 345 290 225
276 345 290 225
276 345 290 224
276 345 290 224
276 345 289 224
277 345 289 224
277 345 290 224
276 346 290 224
276 345 289 224
277 346 290 224
277 346 290 224
277 347 290 224
277 347 290 224
277 347 290 225
277 347 290 224
278 347 290 224
278 347 290 224
277 347 291 225
277 347 290 225
278 347 290 225
278 347 291 225
278 347 291 225
278 347 290 225
278 347 291 225
278 347 291 225
278 347 290 225
278 347 290 225
277 346 291 225
278 347 291 225
278 347 291 225
278 347 291 225
278 347 291 225
279 347 291 225
279 348 291 225
279 348 291 226
279 349 291 225
279 349 292 226
279 349 292 226
280 350 291 225
280 350 292 226
280 349 292 226
280 349 292 226
280 349 292 226
280 349 292 226
280 349 292 226
281 350 292 227
280 349 293 227
280 349 293 227
280 349 292 227
280 349 293 227
280 349 293 227
280 349 293 227
280 349 293 227
280 349 293 227
281 350 293 227
281 350 293 227
281 350 293 227
281 350 294 227
281 350 293 227
281 350 294 227
281 350 294 228
282 351 293 227
282 352 294 228
282 351 294 228
282 351 294 228
282 352 294 228
282 352 294 228
282 352 294 228
282 352 294 228
282 352 294 228
282 351 295 228
282 352 295 228
283 352 294 228
282 352 295 228
282 351 295 228
283 352 295 228
282 351 295 229
282 351 295 228
283 351 295 229
283 352 296 229
283 352 295 229
283 352 295 229
283 352 296 229
283 352 295 229
283 352 296 229
284 353 296 229
284 353 295 229
284 353 296 229
284 354 296 229
284 355 296 229
284 354 296 229
284 354 296 229
284 354 296 229
285 354 297 230
284 354 297 230
285 354 296 230
285 354 297 230
285 354 296 230
285 355 296 230
285 355 297 230
285 354 297 230
285 354 297 230
285 354 297 230
285 354 297 230
285 354 298 230
285 355 297 230
285 355 298 231
285 355 298 231
286 355 298 231
286 355 298 230
285 355 298 231
286 355 298 231
286 356 297 231
286 355 298 231
286 356 298 231
286 356 298 231
287 356 298 231
286 356 298 231
286 356 298 231
287 357 299 232
286 356 298 231
286 356 298 231
287 356 298 231
287 357 298 231
287 357 299 231
287 357 299 232
287 357 299 232
287 357 298 231
287 357 298 231
287 356 299 232
287 355 299 232
287 356 299 231
287 356 299 231
288 357 299 232
288 357 299 232
288 357 299 232
287 356 300 232
288 357 300 233
288 357 299 232
289 358 300 232
288 358 300 233
288 358 300 232
289 359 300 232
289 359 300 233
289 358 300 233
289 359 300 233
289 358 300 233
289 358 300 233
289 358 300 233
289 358 301 233
289 358 300 233
289 358 300 233
289 359 300 233
289 359 301 234
289 359 300 233
289 358 300 233
289 358 301 234
288 357 301 233
289 358 301 233
289 358 301 234
289 359 301 234
289 358 301 233
289 359 302 234
289 358 301 234
289 358 301 234
290 359 302 235
289 359 302 235
290 360 302 234
290 360 302 234
290 360 302 235
290 360 302 235
290 360 302 235
291 360 303 235
291 360 302 235
291 361 302 235
291 361 302 235
290 360 302 235
291 360 302 235
291 360 302 235
291 360 302 235
291 360 303 235
291 360 303 235
291 360 303 236
291 360 303 236
291 360 303 236
291 360 303 236
291 359 304 236
291 359 303 236
291 359 304 236
291 360 304 236
291 360 304 236
291 360 303 236
291 360 304 237
291 360 304 236
292 360 304 236
292 361 304 236
292 361 304 237
292 362 304 237
292 362 304 237
293 362 305 237
292 362 305 237
293 363 305 237
292 363 305 237
292 362 305 237
292 362 305 237
293 362 305 238
292 362 305 238
293 362 305 237
293 362 305 237
293 361 306 238
293 362 305 237
293 362 306 238
293 362 305 238
293 362 306 238
293 362 306 238
293 361 306 238
293 361 306 239
293 361 306 238
293 360 306 238
293 361 306 238
293 361 307 239
293 362 307 239
293 361 306 239
293 361 306 239
293 362 306 238
293 361 307 239
293 361 307 239
293 362 307 239
293 362 307 239
294 363 307 239
294 363 307 239
294 364 307 239
294 363 307 239
294 363 307 239
294 363 307 239
294 363 307 240
294 363 307 239
294 363 307 239
294 363 308 240
294 363 307 240
294 363 307 239
295 363 307 239
295 363 308 239
294 363 307 239
294 363 307 239
295 363 307 240
295 363 308 240
295 363 307 239
295 362 308 240
294 362 308 240
294 362 308 240
295 362 308 240
295 362 308 240
294 362 308 240
295 363 308 240
295 363 308 240
295 363 308 240
295 363 307 240
295 363 308 240
295 363 308 240
295 363 308 240
296 364 308 240
296 364 309 241
296 365 308 241
296 366 308 240
296 365 308 240
296 365 308 241
296 365 308 240
296 365 308 241
296 365 308 240
296 365 308 241
296 365 308 240
296 365 309 241
296 365 309 241
296 364 308 240
296 364 308 241
296 364 309 241
296 364 308 240
296 364 309 241
296 365 308 241
296 364 308 241
296 364 309 241
296 363 308 241
296 363 308 241
296 363 309 241
296 363 309 241
296 363 309 241
296 364 309 241
296 364 309 241
297 365 308 241
297 364 308 241
297 365 309 241
296 364 309 242
297 365 309 241
297 365 309 241
297 366 309 241
297 366 309 241
298 367 309 242
298 367 309 242
298 367 309 242
298 368 309 241
298 367 309 242
298 367 309 242
298 367 310 242
298 367 310 242
298 367 309 242
298 367 310 242
298 367 310 242
298 367 310 242
298 367 310 242
298 367 310 242
298 366 310 242
298 366 310 242
298 367 310 242
298 367 310 242
299 367 310 243
299 366 310 242
298 366 310 243
298 366 311 243
298 366 310 243
298 366 310 242
298 365 311 243
298 365 311 243
299 366 311 243
299 366 310 243
299 366 311 243
299 367 310 243
299 366 310 243
299 366 311 243
299 366 311 243
299 367 311 243
299 367 311 243
299 367 311 244
300 368 311 243
300 368 311 243
300 368 311 244
300 369 310 243
300 369 311 244
300 369 311 244
300 369 311 244
300 369 311 244
300 369 312 244
300 369 311 244
300 369 311 244
301 369 311 244
301 369 311 244
301 369 311 244
301 369 311 244
301 369 312 244
300 368 312 244
301 369 312 244
300 368 312 244
301 369 312 245
301 369 312 244
301 369 312 245
301 369 312 245
301 368 312 245
301 369 313 245
301 368 313 245
301 368 313 245
301 368 313 245
301 367 313 245
301 367 313 245
301 367 313 245
301 368 313 246
301 368 313 245
302 368 313 245
302 369 313 245
302 369 313 246
302 369 313 245
302 369 313 245
302 368 314 246
302 369 313 245
302 369 313 246
302 370 313 246
302 370 313 245
303 371 313 246
303 371 313 246
303 371 313 246
303 371 313 246
303 371 313 246
303 371 313 246
303 371 313 246
303 371 313 245
303 371 314 246
303 371 313 246
303 371 313 246
303 371 314 246
303 371 313 246
303 371 313 246
303 371 314 246
303 371 314 246
303 371 314 246
303 371 314 246
303 371 314 246
303 370 314 246
303 371 314 246
303 371 314 247
303 371 314 247
303 371 313 247
303 371 313 247
303 371 314 247
303 370 314 247
303 370 314 247
303 369 314 247
303 369 314 247
303 369 314 247
303 369 314 247
304 369 314 247
304 369 314 247
304 370 314 247
304 370 315 247
304 370 314 247
304 371 314 247
304 370 315 247
304 370 314 247
304 370 314 247
304 370 315 248
304 370 315 247
304 370 315 247
304 371 315 248
304 371 315 248
305 372 314 247
305 372 314 248
305 372 315 248
305 372 314 248
305 373 314 248
305 373 315 248
305 373 315 248
305 372 315 248
305 373 316 249
305 372 315 249
305 372 315 248
305 372 315 248
305 372 315 249
305 372 315 249
305 372 315 249
305 372 315 249
305 372 316 249
305 372 315 249
305 372 315 249
305 371 315 249
305 371 315 249
305 371 316 249
305 372 316 249
305 371 316 249
305 372 316 249
306 372 315 249
306 372 316 250
306 372 315 249
306 372 316 249
306 371 316 250
306 371 316 250
306 371 316 250
305 370 316 249
306 370 316 249
305 370 316 249
306 370 316 250
305 370 316 249
306 370 316 249
306 371 316 250
306 371 316 250
306 371 316 250
306 371 316 250
306 371 316 250
306 371 316 250
306 371 316 250
306 371 316 250
306 371 317 250
306 371 317 250
306 371 317 250
306 371 316 250
306 371 316 250
306 372 317 250
307 372 317 251
307 373 317 250
307 373 317 250
307 374 317 251
307 373 316 250
307 374 316 250
307 374 316 250
307 374 316 251
308 374 316 251
307 374 317 251
307 374 317 251
307 374 317 251
307 374 317 251
308 374 317 251
308 374 317 251
308 374 316 251
308 374 317 251
308 374 317 251
308 374 317 252
308 374 317 251
308 374 317 251
308 374 317 251
308 374 317 252
308 373 317 252
308 373 317 251
308 373 317 251
308 373 317 252
308 373 318 252
308 373 318 252
308 373 318 252
308 373 318 252
308 373 317 252
308 373 318 253
308 374 318 253
309 374 318 252
308 373 318 252
308 373 317 252
308 373 317 252
308 373 318 253
308 372 318 253
308 372 318 253
308 371 318 252
308 371 318 253
308 371 318 252
308 371 318 252
308 371 319 253
308 371 319 253
308 371 318 252
308 371 319 253
308 372 319 253
308 372 319 253
308 372 318 253
308 372 319 254
309 372 319 254
309 372 318 254
309 373 319 254
309 372 318 254
309 372 319 254
309 372 319 254
309 372 319 254
309 372 319 254
309 372 319 254
309 372 320 254
309 372 320 254
309 372 319 254
309 373 320 254
309 373 320 254
309 373 320 254
310 374 320 254
310 374 320 254
310 374 320 254
310 374 320 254
311 375 320 255
311 376 320 255
311 375 320 254
310 375 320 255
311 376 320 255
311 376 320 255
311 376 320 255
311 376 320 255
311 376 320 255
311 376 320 255
311 375 320 255
311 375 320 255
311 375 320 255
311 375 321 256
311 375 321 255
311 375 320 255
311 375 321 256
311 375 321 256
311 375 321 256
311 375 321 256
311 375 321 256
311 375 320 256
312 375 321 256
311 375 322 257
311 375 322 256
312 375 321 256
311 375 322 257
311 375 322 256
311 375 321 256
311 374 322 257
311 374 322 256
311 374 322 256
311 374 322 257
311 374 322 257
311 374 322 256
311 374 322 257
312 374 322 257
311 374 322 257
311 374 322 257
312 374 323 258
312 374 322 258
312 374 322 257
312 374 321 257
312 374 322 257
312 375 324 260
312 374 326 262
312 374 325 262
312 374 323 261
312 374 326 262
312 374 326 263
312 374 327 262
312 373 323 257
312 373 316 252
312 373 323 257
312 373 309 261
312 372 326 263
312 372 326 263
312 372 326 263
312 372 327 263
312 372 327 263
312 372 327 263
312 372 327 263
312 372 327 263
312 372 327 263
312 372 327 263
312 372 327 263
312 373 327 263
312 373 327 263
312 373 327 263
313 373 327 264
312 373 327 264
313 373 327 264
313 373 327 264
313 373 327 264
313 374 327 264
313 374 327 264
313 374 327 264
313 374 327 264
313 374 327 264
313 374 327 264
313 374 327 264
313 374 328 264
313 374 327 264
313 374 328 264
313 373 327 264
313 373 327 264
313 373 328 264
313 373 328 264
313 373 328 265
313 373 328 265
313 374 328 264
313 373 328 264
313 373 328 265
314 374 328 264
314 374 328 264
314 374 328 264
314 374 328 265
314 374 328 264
314 374 328 264
314 375 328 265
314 375 328 265
314 375 328 265
314 375 328 265
315 375 328 265
315 375 328 265
315 376 328 265
315 376 328 265
315 376 328 265
314 375 328 266
315 376 328 266
315 376 328 266
315 376 328 266
315 376 328 266
315 376 328 265
315 376 328 265
315 376 328 265
315 377 328 265
316 377 328 265
315 377 328 266
316 377 328 265
316 377 328 266
316 377 329 266
316 377 329 266
316 377 329 266
316 377 329 266
316 377 329 266
316 377 329 266
316 377 329 266
316 377 329 266
316 377 329 266
316 377 329 266
316 377 329 266
316 377 329 266
316 377 329 266
316 376 329 266
316 377 329 267
316 377 329 267
316 377 329 267
316 376 329 267
316 377 329 267
316 377 329 267
316 376 330 267
316 376 330 267
316 376 329 267
316 376 329 267
316 376 330 267
316 376 330 267
317 377 330 267
317 377 330 267
316 376 330 267
317 376 330 267
316 376 330 267
316 376 330 267
317 377 330 267
317 377 330 267
317 377 330 267
317 377 330 267
317 377 330 267
317 376 330 268
317 377 330 268
317 376 330 268
317 376 330 268
317 376 330 268
317 376 330 267
317 376 330 268
317 376 330 268
317 376 330 268
317 376 330 268
317 376 330 268
317 377 330 268
317 376 330 268
317 377 330 268
317 377 330 269
317 376 330 268
317 377 330 269
318 377 330 268
318 377 330 268
317 377 330 269
317 376 331 269
317 377 331 269
318 377 330 269
318 377 331 269
318 377 331 269
317 376 330 269
317 376 331 269
318 377 330 269
318 377 331 269
317 376 331 269
318 377 331 269
318 377 331 269
318 377 331 269
318 377 331 269
317 377 331 269
318 377 331 269
318 376 331 270
318 376 331 269
318 377 331 269
318 376 331 270
318 376 331 269
318 376 331 270
318 376 331 270
318 376 331 270
318 376 331 270
318 376 331 270
318 376 331 270
318 376 331 270
318 377 331 270
318 377 332 270
319 377 332 270
319 377 332 270
319 377 332 271
318 377 332 270
319 377 332 270
318 377 332 270
319 378 332 270
319 378 332 270
319 377 332 270
318 377 332 270
319 378 332 270
319 377 332 270
319 377 333 270
319 377 332 270
319 378 332 270
319 377 332 270
319 378 332 270
319 378 333 270
319 378 332 271
319 378 333 271
319 378 332 271
319 378 332 271
319 378 332 271
320 378 332 271
319 378 332 271
320 378 332 271
320 378 332 271
320 379 332 271
320 378 332 271
320 378 332 271
320 378 331 271
319 378 331 271
319 378 331 272
319 377 331 272
319 377 330 272
319 376 330 272
319 376 330 272
319 376 329 272
319 375 329 272
318 375 330 272
318 374 331 272
318 373 331 272
318 372 331 272
318 372 333 272
319 375 333 272
321 380 334 272
321 380 334 272
321 380 334 272
321 380 334 272
321 380 335 273
321 380 334 272
321 380 335 273
321 380 335 273
322 380 335 273
321 380 335 273
321 380 335 273
321 380 335 273
321 380 335 273
321 380 335 273
321 380 335 273
321 380 335 273
321 379 334 273
321 379 336 273
321 379 336 273
321 379 336 273
321 379 336 273
322 379 336 273
321 379 336 273
321 379 336 273
321 379 336 274
321 378 337 273
321 378 337 274
321 378 337 274
321 378 337 274
321 378 337 274
321 378 336 274
321 378 337 274
322 378 337 274
321 378 337 274
321 378 337 274
321 378 337 274
322 378 337 274
321 378 337 274
322 379 337 274
322 379 337 274
322 379 337 274
322 379 337 274
322 379 336 274
322 379 337 275
322 380 337 274
322 379 337 274
322 379 337 275
322 379 337 275
322 379 337 275
322 379 337 274
322 379 337 274
322 379 337 275
322 379 338 275
322 379 338 275
322 379 338 275
322 379 338 275
322 379 338 275
322 379 338 275
322 378 338 275
322 378 338 275
322 378 338 275
322 378 338 276
322 378 338 275
322 378 338 275
322 379 338 276
323 379 338 275
323 379 338 276
323 380 338 276
323 380 338 276
323 380 337 276
323 380 338 275
324 381 338 276
323 381 337 276
324 381 337 276
324 381 336 276
324 381 335 276
324 381 333 276
324 381 332 276
324 381 334 276
324 381 338 276
324 381 339 276
324 381 339 276
324 381 339 277
324 382 339 276
324 381 339 276
324 381 339 276
324 381 339 277
324 381 339 277
324 381 339 277
324 381 339 277
325 382 339 277
325 382 339 277
325 382 339 277
325 382 339 277
325 383 339 277
325 383 339 277
325 383 339 277
325 383 338 277
325 383 339 277
325 383 339 277
325 383 339 277
325 383 339 277
325 383 339 277
325 383 339 277
325 383 339 277
325 383 339 277
325 383 340 278
326 384 340 278
326 384 339 277
326 384 339 277
326 384 340 278
326 385 339 278
326 384 339 278
326 384 340 278
326 384 339 278
326 384 339 278
326 384 340 278
326 384 340 278
326 383 339 278
326 383 340 278
326 382 340 279
325 382 340 278
325 381 340 278
325 381 341 278
325 381 340 278
325 381 340 278
325 381 340 279
325 381 340 278
325 381 340 279
325 381 340 279
325 381 340 279
325 381 340 279
325 381 340 279
325 381 340 279
325 381 340 279
325 381 340 279
319 375 340 279
291 347 340 279
324 379 341 279
307 364 341 279
325 379 341 279
325 380 341 279
325 380 341 279
325 380 340 279
325 380 340 279
325 381 340 280
326 381 340 279
326 382 340 280
326 382 340 279
326 382 340 280
326 382 340 279
326 382 340 279
326 383 340 280
326 383 340 280
326 382 340 280
326 382 341 280
326 382 341 280
327 382 341 280
326 382 340 280
326 382 340 280
327 382 341 280
327 382 340 280
326 382 340 280
327 382 340 280
327 383 340 280
326 383 340 280
327 383 341 280
327 383 340 280
327 383 340 280
327 383 341 280
328 384 341 280
327 383 341 280
327 384 341 280
328 384 340 280
328 384 340 280
328 384 340 280
328 384 341 280
328 384 340 280
328 384 340 280
328 383 341 281
327 383 341 280
327 382 341 280
327 381 341 281
327 381 341 281
326 381 341 281
326 381 341 281
326 381 341 281
326 381 341 281
326 381 341 281
327 381 341 281
327 381 341 281
327 381 341 281
327 381 341 281
327 381 341 281
326 380 341 281
326 380 341 281
327 380 342 281
326 380 342 281
326 380 342 282
326 380 341 282
327 380 341 282
327 381 341 281
327 381 341 282
328 382 341 282
328 382 340 282
328 383 341 282
328 383 341 282
328 382 341 282
328 382 342 282
328 382 342 282
328 382 342 282
328 382 342 282
328 383 341 282
328 383 341 282
328 383 341 282
328 383 341 282
329 383 341 282
328 383 341 282
328 383 341 282
329 384 342 282
329 384 342 282
329 384 342 283
329 384 342 282
329 385 342 282
329 385 342 282
329 385 342 283
329 385 342 282
329 384 342 283
328 383 342 282
328 382 342 283
328 382 342 283
328 381 342 283
328 381 343 283
328 381 342 283
327 381 342 283
328 381 342 283
328 382 342 283
328 382 342 283
328 381 343 283
328 381 342 283
328 381 343 283
327 380 343 283
328 380 343 283
328 380 342 283
327 380 342 283
328 381 342 283
329 382 342 283
329 382 342 283
329 383 342 283
329 383 342 283
329 383 342 284
329 383 343 284
329 383 343 284
329 383 343 284
329 383 343 284
329 383 342 284
330 383 343 284
330 384 342 284
330 384 342 284
330 384 342 284
330 384 342 284
330 384 342 284
330 385 342 284
330 385 343 284
330 385 343 284
331 385 343 284
331 386 343 284
331 385 342 284
331 385 343 284
330 384 343 284
330 383 343 284
329 382 344 285
330 382 343 285
329 382 343 285
329 381 343 285
330 382 343 285
329 382 343 285
329 382 343 285
329 382 343 285
329 381 343 285
329 381 343 285
329 381 344 285
329 381 343 285
329 381 343 285
329 382 343 285
330 383 342 285
330 383 342 285
330 383 343 285
330 384 343 285
330 384 343 285
330 383 343 285
330 383 343 285
331 384 343 285
331 384 343 285
331 384 343 286
331 385 342 286
331 384 342 285
331 385 342 286
331 385 343 286
331 385 343 286
331 385 343 285
331 385 343 286
332 385 343 286
331 385 343 286
331 384 343 286
331 384 343 286
330 382 343 286
330 381 343 286
330 381 344 286
329 381 343 286
329 381 343 286
330 382 343 286
330 382 343 286
330 381 343 286
329 380 343 286
329 380 344 286
329 380 344 286
329 380 343 286
330 381 343 286
330 382 343 286
330 383 342 286
331 383 343 286
331 384 343 286
331 383 343 286
331 383 343 286
331 383 343 286
331 383 343 286
331 384 343 286
332 384 343 286
332 385 342 286
332 385 343 286
332 385 343 286
332 385 343 286
332 385 343 286
332 385 343 286
332 385 343 287
331 384 343 286
331 383 343 287
331 383 344 287
330 382 343 287
330 381 343 287
330 381 343 287
331 382 343 287
330 381 343 287
330 382 343 287
330 381 343 287
330 380 344 287
330 380 344 287
330 380 343 287
331 381 343 287
331 382 342 287
331 383 342 287
332 384 342 287
332 383 343 287
332 384 343 287
332 384 343 287
331 383 343 287
332 384 342 287
332 384 343 287
332 385 342 287
332 385 343 287
332 385 343 287
332 385 343 287
333 385 344 288
333 385 343 287
333 385 343 287
332 384 343 287
331 383 344 288
332 383 344 288
331 381 343 287
331 381 343 287
331 382 343 287
331 382 343 287
331 381 343 288
331 381 344 288
330 380 345 288
330 380 343 287
330 380 343 288
331 381 343 288
331 382 343 288
332 382 343 288
332 382 343 288
331 382 344 288
331 382 344 288
331 382 344 288
332 383 343 287
332 383 344 288
332 383 344 288
332 383 344 288
332 383 344 288
332 384 344 288
333 384 344 288
333 384 344 288
332 383 344 288
332 382 344 289
331 382 345 289
331 381 345 289
331 381 345 289
331 381 345 289
331 381 344 288
331 381 344 288
331 381 345 289
330 379 345 289
330 379 345 289
331 380 344 289
331 381 344 288
331 381 344 288
332 382 344 289
332 382 345 289
332 382 345 289
332 382 345 289
332 383 344 289
332 383 344 289
333 383 344 289
333 383 345 289
333 383 345 289
333 384 345 289
333 384 345 289
333 384 344 289
332 383 344 289
332 382 345 290
332 381 345 290
331 380 345 289
331 380 345 289
332 381 344 289
332 381 344 289
331 379 345 289
331 379 345 290
331 380 345 290
331 380 345 290
331 381 338 287
332 382 336 286
332 382 345 290
332 382 349 290
333 382 351 289
333 382 351 288
333 382 351 288
333 383 351 288
333 383 351 288
333 383 351 288
333 383 351 288
333 384 350 287
333 383 350 287
333 382 351 289
333 382 354 290
332 380 355 290
331 379 356 290
332 380 356 291
332 380 356 291
331 380 354 290
332 379 353 289
331 378 354 290
331 378 355 291
332 379 355 290
333 381 357 291
333 381 357 291
333 381 357 291
333 381 357 290
333 382 357 289
333 382 357 289
333 382 356 288
333 382 356 288
333 382 356 288
333 382 355 286
334 383 356 287
333 383 357 289
333 381 355 288
332 380 355 288
332 379 359 290
331 379 360 291
332 379 360 291
332 379 360 291
331 378 360 291
334 384 360 291
340 401 360 291
342 408 360 291
343 412 360 291
343 415 360 291
340 414 361 292
340 414 361 292
342 416 361 292
345 418 361 292
346 419 360 291
347 420 361 292
348 421 361 292
349 422 361 292
349 422 361 292
351 423 361 292
350 423 361 292
349 423 361 292
347 421 361 292
348 422 361 292
350 422 361 292
347 420 361 292
333 410 361 292
345 420 361 292
349 422 361 293
349 423 361 292
349 423 361 293
349 423 361 292
349 423 361 292
349 423 361 292
350 424 361 292
349 423 361 292
349 423 362 293
350 424 361 292
350 424 361 293
350 424 361 293
350 424 361 293
331 403 362 293
349 421 362 293
323 400 361 293
334 407 361 293
347 420 361 293
347 422 362 293
346 420 362 293
335 412 361 293
337 413 361 293
350 423 361 293
339 411 362 293
350 423 362 293
323 400 362 293
333 407 361 293
349 421 361 293
318 396 362 293
336 412 361 293
350 423 361 293
350 424 361 293
348 422 361 293
350 423 362 293
349 422 362 293
350 423 361 293
350 423 361 294
327 398 361 294
349 422 361 293
335 410 361 293
324 401 361 294
347 420 361 293
333 405 361 294
349 423 362 294
349 423 362 294
350 423 361 293
350 423 361 294
350 423 361 294
350 423 361 294
350 423 361 294
340 416 361 294
323 400 362 294
336 407 361 294
342 417 361 294
315 393 361 294
346 420 362 294
350 423 362 294
350 422 362 294
350 422 361 294
351 423 361 294
351 423 361 294
350 423 361 294
351 423 361 294
352 423 362 294
345 420 362 294
350 423 362 294
351 423 361 294
351 423 362 294
351 423 361 294
351 423 362 294
350 423 362 294
351 423 362 295
351 423 362 294
351 423 362 295
351 423 362 295
351 423 362 294
351 423 362 295
351 423 361 295
351 423 361 295
351 423 361 295
351 423 362 295
351 423 362 295
351 423 362 295
351 423 362 295
351 423 362 295
351 423 362 295
352 424 362 295
320 391 362 295
351 422 362 295
325 400 362 295
335 409 362 295
350 422 362 295
352 423 362 295
352 423 362 295
351 423 362 295
351 423 362 295
352 424 362 295
351 423 362 295
352 424 362 295
352 424 362 295
351 423 362 296
351 423 362 296
352 424 362 296
352 424 362 296
352 424 362 296
342 412 362 296
345 418 362 296
334 408 362 296
350 422 362 296
352 423 362 296
352 423 362 296
351 423 362 296
352 423 362 296
352 424 363 296
352 424 363 296
352 424 363 296
352 424 363 296
352 424 363 296
353 424 363 297
353 425 363 296
352 424 363 296
353 424 363 297
353 424 363 297
353 424 363 297
353 423 363 297
353 424 363 297
353 424 363 297
353 424 363 297
353 424 363 297
353 425 363 297
353 424 363 297
353 424 363 297
354 425 363 297
354 425 363 297
353 425 363 297
354 425 364 297
354 425 363 297
353 424 363 297
353 424 364 297
354 424 364 297
354 424 363 297
353 423 363 297
354 423 363 297
354 424 363 298
354 424 363 298
354 424 363 297
354 425 363 297
354 424 363 297
354 425 363 298
354 425 364 298
354 425 363 298
354 425 363 298
354 425 363 298
354 425 364 298
353 424 364 298
354 424 364 298
354 424 364 298
353 423 364 298
354 423 364 298
355 424 363 298
354 424 363 298
354 424 364 298
354 425 364 298
354 425 363 298
354 425 363 299
354 425 364 299
354 425 363 298
354 425 363 299
354 424 364 299
354 424 364 299
354 424 364 299
354 424 364 299
354 424 364 299
354 424 364 299
354 424 364 299
355 425 364 299
354 425 364 299
354 425 364 299
355 425 364 299
355 425 364 299
355 425 364 299
355 426 364 299
355 426 364 299
354 424 365 299
354 424 364 299
355 425 364 299
355 424 364 299
354 423 364 299
354 424 364 299
355 425 363 299
355 425 364 299
355 425 364 299
355 425 364 299
355 425 363 299
355 425 364 300
355 426 364 300
355 426 363 299
356 426 364 299
355 424 364 300
355 425 364 300
355 424 364 300
355 424 364 300
355 424 364 300
355 425 363 300
355 425 363 300
355 425 364 300
355 425 363 300
355 425 364 300
355 425 364 300
356 426 364 300
356 426 364 300
355 424 364 300
356 425 364 300
356 425 364 300
355 424 364 300
355 424 365 300
355 424 364 300
355 424 364 301
355 425 364 301
356 425 365 301
356 425 365 301
355 425 364 301
356 425 365 301
356 426 364 301
356 425 365 301
356 425 365 301
355 424 364 301
355 425 364 301
355 424 364 301
355 424 364 301
356 424 364 301
356 425 364 301
356 425 364 301
356 425 364 301
356 425 364 301
356 425 364 301
356 425 364 301
356 425 364 301
356 424 364 301
356 424 364 302
356 424 364 301
355 423 364 302
356 423 364 302
356 424 364 301
355 424 364 302
356 424 365 302
356 425 364 302
356 425 365 302
356 425 365 302
356 425 365 302
356 425 365 302
356 424 365 302
356 424 365 302
356 424 364 302
356 423 365 302
356 423 365 302
356 424 364 302
356 424 364 302
356 424 365 303
356 425 365 302
357 425 364 302
357 425 365 303
357 426 364 302
356 425 364 302
356 424 365 303
356 424 365 303
356 423 365 303
356 423 365 303
356 423 365 303
356 424 364 303
356 425 364 303
356 425 365 303
357 425 364 303
357 425 365 303
357 425 365 303
357 426 365 303
357 424 365 303
356 423 365 303
356 423 365 303
356 423 365 303
356 422 365 303
356 423 365 303
356 424 365 303
357 424 365 303
356 424 365 303
357 425 364 303
357 425 365 303
357 425 365 303
357 425 365 303
357 424 365 303
356 423 365 303
356 423 365 303
357 423 365 303
356 424 365 303
356 423 364 303
356 424 365 304
357 424 365 304
357 424 365 304
357 424 365 304
357 425 365 303
356 424 365 303
356 423 365 303
356 423 365 304
356 423 365 304
356 422 365 304
356 423 365 304
357 424 365 304
357 424 365 304
357 424 365 304
357 424 365 304
357 424 365 304
357 424 365 304
357 424 365 304
357 423 365 304
356 423 365 304
357 423 365 304
357 423 365 304
356 423 365 304
357 424 365 304
357 424 366 304
357 424 365 304
357 424 365 304
357 425 365 304
357 425 365 304
356 423 366 304
357 423 366 304
357 423 365 304
356 422 366 304
356 422 365 304
357 423 365 304
357 423 365 304
357 423 365 305
357 424 365 304
357 424 366 304
357 424 365 305
357 424 365 305
357 423 366 305
357 423 365 304
357 422 365 305
357 422 365 305
357 423 365 304
357 423 365 305
357 424 365 305
358 424 365 305
357 423 365 305
358 424 366 305
358 423 365 305
357 422 365 305
356 422 365 305
357 422 365 305
357 422 365 305
356 422 365 305
357 423 365 305
357 423 365 305
358 423 365 305
357 423 366 305
358 424 365 305
357 423 365 305
357 422 366 305
357 422 365 305
357 421 366 306
357 421 366 306
357 422 365 306
358 423 365 306
358 423 366 306
358 423 364 305
358 424 365 305
358 423 365 306
357 422 365 305
357 422 365 306
357 421 365 306
356 420 365 306
357 421 365 306
358 422 365 305
357 422 365 306
357 422 365 306
358 423 365 305
358 423 365 306
357 422 365 306
357 421 366 306
357 421 365 306
356 420 365 306
357 420 365 306
358 422 364 306
357 422 365 306
357 422 365 306
358 423 365 306
358 422 365 306
358 423 365 306
359 424 365 306
356 420 365 306
354 418 365 306
357 420 365 306
358 421 365 306
358 422 365 306
357 421 365 306
358 422 365 306
358 423 365 306
358 423 365 306
358 422 365 306
358 421 365 306
357 421 364 306
356 420 365 306
358 421 365 306
358 422 365 306
359 422 365 306
357 422 366 306
357 421 366 307
358 423 365 306
359 423 365 306
332 397 366 306
357 421 365 306
336 401 366 306
334 399 365 306
356 419 365 306
358 421 365 306
359 423 365 306
359 423 365 306
360 424 365 306
356 420 365 306
359 422 365 306
339 404 365 306
358 421 365 307
357 420 365 307
357 421 365 306
358 421 365 306
348 413 365 306
330 397 365 307
332 397 365 307
358 421 365 307
356 419 365 307
357 419 365 306
357 419 366 307
358 420 365 307
358 421 365 307
358 421 365 307
358 421 365 307
340 405 365 307
341 407 365 307
339 403 365 307
358 420 365 307
357 419 365 307
357 419 365 307
358 420 365 307
357 420 366 307
358 421 366 307
358 422 365 307
359 422 366 307
358 421 365 307
358 420 366 307
358 421 365 307
358 420 365 307
358 420 365 307
358 421 365 307
358 421 365 307
358 421 365 307
358 422 365 307
359 422 365 307
358 421 366 308
358 420 365 307
358 420 365 307
357 420 365 307
358 421 365 307
359 421 365 308
359 421 365 308
348 412 366 308
328 394 365 308
359 422 365 308
346 409 366 308
356 418 366 308
323 386 366 308
359 421 365 308
357 420 365 308
358 421 365 308
359 422 366 308
358 421 365 308
359 421 365 308
358 420 365 308
358 418 365 308
357 417 366 308
358 419 365 308
358 420 366 308
343 407 366 308
327 393 366 308
346 409 366 308
349 412 366 308
357 418 366 308
357 418 366 308
338 401 366 308
335 398 365 308
353 416 365 308
358 420 366 308
359 421 365 308
359 421 365 308
334 398 365 308
341 404 365 308
338 400 365 308
354 416 366 308
358 419 365 308
358 420 366 309
359 421 365 308
360 422 366 309
358 421 366 309
358 420 366 309
359 420 366 309
341 403 367 309
335 397 367 309
348 410 366 309
357 419 367 309
322 388 366 309
343 407 366 309
358 420 366 309
359 420 366 309
359 420 366 309
322 384 366 309
359 419 366 308
357 418 366 309
331 395 366 309
336 399 366 309
349 412 366 309
358 419 367 309
358 418 367 309
340 402 367 309
332 394 367 309
358 418 366 309
359 420 366 309
359 420 366 309
357 418 366 309
340 403 366 309
358 419 367 310
356 417 367 310
325 388 367 310
349 409 367 310
359 420 367 310
332 395 367 310
359 421 367 309
359 420 367 309
342 404 367 309
328 391 367 310
357 417 368 310
359 418 371 311
328 390 372 311
359 420 341 279
356 417 375 311
320 386 363 307
349 411 362 307
330 393 365 308
359 420 365 309
324 387 365 308
346 407 363 308
358 419 361 307
360 421 353 302
360 421 345 297
359 420 341 294
359 419 350 300
359 419 358 305
351 412 361 306
345 406 365 308
348 409 366 309
359 420 365 309
359 420 365 309
360 421 365 309
359 420 365 309
346 407 364 308
356 415 366 309
325 388 365 309
354 414 366 309
360 420 366 309
360 421 364 309
327 390 365 309
359 419 366 309
357 417 367 310
358 417 367 310
356 416 367 310
326 389 367 310
348 410 367 310
354 415 367 310
347 409 367 310
325 387 367 310
356 415 366 310
357 416 367 310
359 418 366 310
360 419 367 310
360 419 367 310
360 420 367 310
360 420 367 310
359 418 367 310
358 417 367 310
359 417 367 310
360 419 367 310
359 418 366 310
359 419 366 309
361 421 366 309
359 419 366 310
359 417 366 310
359 418 366 310
359 418 366 310
360 418 366 310
360 419 367 310
361 420 367 310
361 420 367 310
359 418 367 310
359 418 367 310
359 417 367 310
359 417 366 310
360 419 367 310
360 419 367 310
360 420 367 310
361 420 367 310
360 419 367 310
359 417 366 310
359 416 367 310
359 418 366 310
359 418 367 310
359 418 367 310
360 419 367 310
360 418 367 310
359 417 367 310
359 416 367 311
360 418 366 310
360 418 367 310
360 418 366 310
361 419 366 310
360 419 366 310
359 417 366 310
359 417 367 310
359 417 367 310
360 418 367 310
361 419 366 310
361 419 366 310
361 419 366 310
359 417 366 310
359 417 366 310
359 416 367 310
360 417 367 310
360 418 367 310
361 420 366 310
361 420 366 310
359 417 367 310
359 416 366 310
360 416 366 311
360 417 366 310
360 418 366 310
361 419 366 310
361 419 366 310
360 417 366 310
360 416 366 310
359 416 366 310
359 416 366 310
360 417 365 310
361 419 365 310
361 418 366 310
360 418 365 310
360 417 366 310
359 416 367 311
359 416 367 311
360 417 367 311
360 418 367 311
360 418 367 311
360 417 367 311
359 416 366 311
359 416 366 310
359 416 366 310
360 417 366 311
360 418 366 310
360 418 367 310
360 417 367 311
360 416 366 310
359 416 366 310
359 416 366 310
360 417 366 310
361 418 366 311
360 417 366 311
359 416 366 311
359 415 367 311
358 415 366 311
359 415 366 310
360 417 366 311
360 417 366 310
360 417 366 310
360 416 366 311
360 416 366 311
359 415 366 311
359 416 366 311
361 417 367 311
361 417 367 311
360 417 366 311
360 416 366 311
360 416 366 311
359 415 367 311
360 416 366 311
361 418 367 311
361 418 367 311
361 418 367 311
360 416 367 311
360 416 367 311
359 415 367 311
360 417 367 311
361 418 367 311
361 418 367 311
360 417 366 311
360 416 367 311
359 415 367 311
360 415 366 311
361 417 367 311
361 418 367 311
361 418 367 311
361 417 367 311
361 416 367 311
360 415 367 311
360 416 367 312
361 417 368 311
361 417 367 312
361 417 367 312
360 415 367 312
360 415 367 312
360 415 367 311
361 416 366 311
362 417 366 311
362 418 366 311
360 416 367 311
360 415 366 311
360 415 366 311
360 416 366 311
361 416 367 311
362 417 366 311
361 417 367 311
360 416 367 311
360 415 367 311
361 416 367 311
361 416 367 311
362 417 366 311
362 418 366 311
361 416 366 311
361 415 366 311
360 415 366 311
361 416 366 311
361 416 366 311
362 418 366 311
362 417 367 311
360 415 367 312
360 414 367 311
361 416 367 311
362 417 367 311
362 418 367 311
362 418 366 311
361 416 367 311
361 415 366 311
361 416 366 311
362 417 366 311
362 418 366 311
363 418 366 311
362 417 366 311
361 416 366 311
361 416 366 311
362 417 366 311
363 419 366 311
363 419 366 311
361 417 367 312
361 416 367 311
361 417 366 311
361 417 366 311
362 417 366 311
362 418 366 311
361 417 367 312
361 416 367 311
361 416 367 311
362 417 367 311
362 418 366 311
363 418 366 311
362 418 366 311
361 416 366 311
361 415 367 312
362 417 367 312
362 418 367 312
362 418 366 311
362 418 366 311
362 417 366 311
361 416 366 311
362 417 366 311
363 418 366 311
363 418 366 311
362 417 366 311
362 417 366 311
362 416 367 312
362 417 366 311
363 418 365 311
364 420 365 311
363 418 365 311
362 416 365 311
362 416 366 311
362 417 366 311
362 418 366 311
363 419 366 311
363 418 366 311
362 416 365 311
361 415 365 311
362 417 365 311
362 417 365 311
363 418 365 311
362 417 365 311
362 417 365 311
362 416 365 311
362 417 365 311
364 419 365 310
364 419 365 311
362 417 365 311
362 416 365 311
362 417 364 310
362 417 365 311
363 417 365 311
363 418 365 311
362 416 365 311
362 415 365 311
362 416 365 311
363 418 365 310
363 418 365 310
363 417 365 310
362 416 364 310
361 415 364 310
362 415 364 310
363 417 364 310
363 418 364 310
360 413 364 310
361 414 364 310
362 416 364 310
363 417 365 311
328 386 365 310
362 416 365 310
359 412 364 310
332 389 364 310
354 408 364 310
362 416 365 310
363 417 364 310
362 415 364 311
361 414 364 310
361 414 364 310
362 415 365 310
363 417 365 310
363 417 364 310
362 415 364 310
361 414 364 310
362 415 364 310
363 417 364 310
363 417 364 310
362 416 365 310
362 415 365 310
361 415 364 310
362 416 364 310
363 417 364 310
363 417 364 310
362 414 363 310
362 414 363 309
362 416 364 310
363 417 364 310
363 417 364 310
363 416 364 310
362 414 364 310
362 415 363 309
363 417 364 310
363 417 364 310
363 416 364 310
362 414 364 310
362 414 364 310
363 416 364 310
362 416 364 310
363 416 363 309
362 415 362 309
361 413 362 309
361 414 362 309
362 415 362 309
362 416 363 310
362 415 364 310
361 413 363 309
361 413 363 309
361 414 364 310
362 415 363 310
362 415 362 309
361 414 363 309
361 413 363 310
362 414 363 309
362 416 363 310
362 416 363 309
361 414 363 309
361 413 362 309
361 413 363 310
362 414 363 309
363 416 363 309
362 415 363 310
361 413 363 310
362 414 363 309
363 415 363 310
363 416 363 310
362 414 363 309
361 413 362 309
361 413 362 309
362 414 363 310
363 415 363 310
362 415 362 309
361 412 362 309
361 412 362 309
361 413 362 309
362 414 362 309
361 413 362 309
361 412 362 309
360 412 361 308
361 412 362 309
360 413 362 309
327 384 361 308
360 411 361 309
360 411 362 309
361 412 362 309
362 414 362 309
361 413 362 309
360 411 362 309
360 411 362 309
344 396 362 309
347 400 363 309
357 409 362 309
357 407 362 309
359 409 362 309
360 411 362 309
361 413 362 309
361 412 361 308
360 410 361 309
359 409 361 308
361 411 361 308
361 412 361 308
361 412 361 308
360 411 361 308
359 409 361 308
360 411 361 309
361 412 361 309
361 411 361 308
359 409 360 308
359 409 360 308
360 410 361 308
360 411 360 308
360 410 359 307
359 409 359 307
359 409 360 307
359 409 360 308
360 411 360 308
360 410 360 308
359 408 360 308
359 409 359 307
360 410 358 307
360 411 358 306
359 409 358 306
358 407 357 306
359 408 357 306
360 410 357 306
318 373 357 306
358 407 358 306
357 405 358 307
359 408 358 306
359 409 358 307
359 409 357 306
358 407 357 306
357 405 357 306
331 383 357 306
350 400 356 305
357 406 356 305
356 405 356 305
357 405 355 305
357 406 356 305
358 407 355 305
357 406 356 305
357 405 355 305
357 406 356 305
358 408 356 305
359 409 355 304
358 406 355 305
357 405 355 305
358 407 354 304
358 408 354 304
358 407 364 311
356 404 372 316
357 405 375 317
357 406 376 317
358 407 376 317
357 406 376 318
357 406 378 319
357 406 379 319
358 406 379 319
358 407 379 319
357 405 378 318
356 404 378 318
357 406 378 317
321 375 378 318
356 405 377 318
353 401 378 318
342 391 377 318
338 388 377 318
356 404 377 318
356 404 377 318
356 403 378 318
356 404 377 318
357 405 378 318
356 404 378 318
355 403 378 318
356 404 378 318
357 406 378 318
354 402 377 318
355 403 377 318
355 403 377 318
351 401 377 318
338 391 377 318
354 402 377 318
354 401 377 318
355 403 377 318
356 404 377 318
356 403 377 317
354 402 377 318
353 401 377 318
343 391 377 318
337 387 377 318
354 402 377 318
354 402 377 318
355 402 377 318
357 405 378 318
354 402 378 318
354 400 378 318
354 400 378 318
355 403 377 318
356 403 377 318
354 401 377 318
354 401 377 318
355 402 378 318
356 403 378 319
354 401 378 319
353 399 378 318
353 400 377 318
354 402 377 318
355 402 377 318
354 401 377 318
353 400 377 318
354 400 378 319
355 402 378 319
353 400 377 319
352 398 377 318
353 400 377 318
354 401 377 318
354 400 377 318
352 398 377 318
353 400 377 318
355 402 377 318
354 401 377 318
353 399 377 318
353 400 377 318
354 400 377 318
354 401 377 318
353 399 377 318
353 399 377 318
354 401 377 318
355 402 377 318
353 400 377 318
352 398 377 318
353 399 378 318
355 402 378 319
353 400 377 318
352 397 377 318
352 399 378 318
353 400 377 318
352 398 377 318
350 396 377 318
351 397 378 318
353 400 378 318
351 397 378 318
350 396 377 318
351 397 377 318
352 398 377 318
351 397 378 318
350 395 378 318
351 396 378 318
352 398 377 318
352 398 377 318
351 396 377 318
351 396 377 318
352 398 377 318
353 399 378 318
351 396 378 319
349 394 378 319
350 395 379 319
352 397 378 319
350 395 379 319
350 395 378 319
351 397 378 319
352 398 378 319
350 395 379 319
349 394 379 319
350 396 379 319
351 397 379 319
350 395 378 319
350 395 378 319
352 398 378 319
352 398 378 319
351 396 378 319
350 396 378 319
352 398 378 319
352 398 378 319
351 396 378 319
350 396 378 318
351 397 378 319
352 398 379 319
350 396 379 319
350 395 379 319
351 397 378 319
352 398 379 319
351 397 378 319
351 397 378 319
352 398 379 319
352 398 379 319
350 396 379 319
350 396 378 319
352 398 378 319
352 398 378 319
350 396 378 319
350 395 378 319
351 398 378 319
352 398 378 319
350 396 378 319
351 396 379 319
352 398 379 319
351 397 378 319
349 394 378 319
350 396 379 319
351 398 379 319
350 396 378 319
349 394 379 319
350 396 379 319
352 398 379 319
350 396 378 319
349 395 378 319
351 397 378 319
351 397 378 319
349 394 378 319
349 394 379 319
350 396 378 319
350 396 378 319
348 394 378 319
349 394 378 319
350 396 378 319
349 394 378 319
348 393 378 319
349 394 378 319
350 395 378 319
349 394 378 319
349 394 378 319
350 395 378 319
350 395 378 319
349 394 378 319
348 394 378 319
349 394 379 319
349 394 379 320
348 393 378 319
349 394 378 319
350 395 378 319
348 393 378 319
347 392 378 319
349 394 377 319
349 394 378 319
347 392 378 319
347 392 378 319
348 393 378 319
349 394 378 319
347 392 378 319
347 392 378 319
348 394 378 319
347 393 378 319
346 391 378 319
348 393 377 319
348 393 377 319
347 392 378 319
347 392 378 320
347 392 378 319
347 392 377 319
346 391 377 319
347 392 377 319
347 393 378 319
346 391 379 320
346 391 378 319
347 392 378 319
347 392 378 319
345 390 378 320
345 390 378 319
346 391 378 319
345 390 378 319
344 388 378 319
346 391 378 319
347 392 378 319
346 390 378 319
346 390 378 319
347 391 378 319
347 391 378 319
344 388 378 319
345 389 379 319
346 391 379 319
345 389 379 319
344 389 379 320
346 390 379 319
345 389 378 319
343 387 378 319
344 388 378 319
345 389 378 319
343 388 378 319
344 388 378 319
345 390 378 320
344 389 378 320
343 388 378 319
344 389 378 319
345 389 378 319
343 387 378 319
343 387 378 319
344 389 378 319
343 388 378 319
341 385 378 319
343 387 378 319
343 388 378 319
342 386 378 319
343 387 378 320
302 354 378 319
343 387 378 319
339 382 378 319
342 385 378 319
344 388 377 319
341 385 377 319
341 385 377 319
343 387 378 319
342 386 378 319
341 385 377 319
342 386 377 319
343 387 377 319
340 384 378 319
341 385 378 319
343 387 378 319
341 385 377 319
341 385 377 319
342 386 378 319
341 384 378 319
340 384 378 319
341 385 378 319
342 386 377 319
340 383 377 319
341 384 377 319
341 385 377 319
340 384 378 319
341 384 378 319
341 384 378 319
339 382 377 319
339 382 377 319
341 384 377 319
339 382 377 319
338 381 377 319
340 383 377 319
340 383 377 319
328 371 377 319
307 351 377 319
336 379 377 318
338 381 377 319
341 384 377 318
357 409 377 319
360 416 377 318
362 421 377 318
364 425 377 318
362 425 376 318
362 425 376 318
366 429 377 318
369 433 376 318
371 436 376 318
373 438 377 318
375 439 376 318
376 440 376 318
373 438 376 318
369 435 376 318
373 437 377 319
377 441 377 319
377 441 377 319
376 440 377 319
375 440 376 318
376 441 376 318
343 411 375 317
369 434 380 321
374 438 379 320
365 431 378 318
323 390 376 317
372 437 377 317
377 441 380 320
376 440 381 321
376 440 382 321
376 440 383 321
376 440 384 322
377 441 386 322
377 441 386 321
376 440 385 320
376 439 380 316
376 439 383 319
376 439 387 322
376 440 387 322
360 427 386 321
376 440 386 321
377 440 387 322
376 439 387 322
375 439 387 322
376 439 387 322
376 440 388 322
375 439 386 321
375 439 387 322
368 433 388 322
323 389 387 322
376 439 387 322
377 440 387 322
375 439 387 322
375 438 388 322
375 439 388 322
375 439 387 322
375 438 388 322
375 439 388 322
376 439 387 322
376 439 387 322
375 439 387 322
375 439 387 322
375 438 387 321
375 438 387 322
360 424 387 321
375 437 387 321
375 438 387 321
375 439 387 322
374 438 388 321
327 392 387 322
364 429 387 321
376 438 387 322
375 438 387 322
375 438 387 322
374 437 387 322
374 437 387 322
374 437 387 322
375 437 388 322
375 437 388 322
375 437 388 322
373 434 388 322
363 426 387 322
323 389 387 322
373 436 387 322
375 437 387 322
359 422 388 322
372 434 387 322
374 436 387 322
346 411 387 322
353 418 387 322
375 437 387 322
366 429 387 322
369 431 387 322
323 388 387 322
365 428 387 322
375 437 387 322
375 437 387 322
374 436 387 322
373 435 387 322
373 436 387 322
373 436 387 322
374 436 387 322
371 433 387 322
362 425 387 322
374 436 387 322
373 435 387 322
367 430 387 321
373 435 387 321
374 436 387 322
373 435 387 322
373 436 387 322
329 393 386 322
357 421 386 322
375 437 387 322
375 436 387 322
374 436 387 322
374 436 387 322
358 420 387 322
349 413 387 322
350 414 387 322
374 436 387 322
368 430 387 322
361 424 387 322
374 435 387 322
373 435 387 322
374 436 387 322
374 435 387 322
373 435 387 322
372 434 387 322
373 435 387 322
373 435 387 322
369 432 387 322
326 391 387 322
368 431 387 322
374 435 387 322
374 435 386 322
359 421 387 322
373 434 386 322
373 435 386 322
373 435 386 322
373 435 386 322
373 435 386 322
372 434 387 322
372 434 388 322
373 435 387 322
373 434 386 322
373 435 386 322
373 435 386 322
373 434 386 322
373 435 386 322
372 434 386 322
373 434 386 322
373 435 386 322
372 433 386 322
372 434 386 322
373 435 386 322
373 434 386 322
372 434 386 322
372 434 386 322
372 434 386 322
373 435 386 322
372 434 386 322
372 434 386 322
373 435 386 323
372 434 386 323
373 435 386 322
372 434 386 322
372 434 385 322
373 435 386 322
372 434 386 322
373 435 386 323
373 435 386 323
372 434 387 323
373 435 387 323
372 434 386 323
373 435 386 323
373 435 386 323
372 434 386 323
373 434 386 323
372 434 386 323
372 433 386 322
372 434 386 323
372 434 386 322
372 434 386 323
372 434 386 323
372 433 386 323
373 434 387 323
372 434 386 323
372 434 386 323
372 434 386 323
373 434 387 323
372 434 386 323
372 433 386 323
372 434 386 323
373 434 385 322
372 433 380 317
372 433 386 323
372 433 384 321
372 433 386 323
372 434 386 323
372 433 386 323
372 433 386 323
372 434 386 323
372 433 386 323
372 434 385 323
372 433 385 323
372 434 386 323
372 434 385 323
371 433 385 323
372 433 385 323
372 433 385 323
372 433 385 323
372 433 385 323
372 433 385 323
373 434 385 323
372 433 385 323
372 433 385 323
372 433 386 323
372 433 385 323
372 434 385 323
372 433 385 323
372 434 385 323
372 433 385 323
371 432 385 323
372 433 385 323
372 432 385 323
372 433 385 323
372 433 385 323
372 432 385 323
372 433 385 323
372 432 385 323
372 433 385 323
372 433 385 324
372 433 385 323
372 433 385 323
372 433 384 323
372 434 385 323
372 433 386 323
372 433 386 323
372 433 386 323
372 433 385 323
372 433 385 323
372 433 385 323
372 433 385 323
373 433 385 323
372 433 385 323
372 433 385 323
372 433 385 323
372 433 385 323
372 433 384 323
371 432 384 323
372 433 385 323
371 432 385 323
371 433 385 323
371 432 385 323
372 433 384 323
372 433 384 323
372 432 384 323
372 433 385 323
371 432 384 323
372 433 385 323
372 432 384 323
372 432 384 323
372 433 384 323
372 432 384 323
372 433 384 323
372 433 385 323
372 434 384 323
372 433 384 323
371 432 384 323
371 432 384 323
371 432 384 323
371 432 384 323
371 431 384 323
372 432 384 322
372 432 384 323
371 432 385 323
371 431 384 323
371 431 384 323
371 432 384 323
371 431 384 322
370 431 384 323
371 431 384 323
371 432 384 322
371 432 384 323
371 431 384 323
371 432 384 323
370 430 384 322
371 431 383 322
370 430 384 323
371 431 384 323
371 430 384 322
370 430 384 322
370 430 383 322
370 430 383 322
370 430 383 322
370 430 383 322
370 431 384 323
370 430 383 322
371 431 383 322
370 430 383 322
369 429 384 323
371 431 384 323
371 431 384 322
370 431 384 322
370 430 383 322
371 430 383 322
370 429 383 322
371 430 383 322
370 429 384 322
371 430 384 323
371 431 384 323
370 430 383 322
370 430 383 322
370 429 383 322
371 430 383 322
369 428 384 323
370 429 384 323
370 429 384 322
370 430 383 322
369 429 383 322
369 429 383 323
370 429 384 323
370 429 384 323
369 429 384 322
368 428 383 323
370 429 383 322
369 429 383 322
370 429 383 322
369 428 383 322
370 429 383 322
370 430 383 322
369 429 383 322
369 427 382 322
369 428 383 322
369 428 383 322
368 427 383 322
369 428 382 322
369 427 383 322
369 428 383 322
368 427 382 322
369 428 382 322
369 428 382 322
369 429 383 322
368 427 383 322
369 428 383 322
369 428 382 322
369 428 382 322
368 427 383 322
368 427 383 322
369 427 382 322
369 427 382 322
368 427 382 322
368 427 382 321
369 428 382 322
369 427 382 322
369 428 382 322
369 427 383 322
369 428 383 322
368 426 382 322
368 427 383 322
368 426 382 322
369 428 382 322
368 427 382 321
368 427 383 322
368 426 382 322
369 427 382 322
368 427 382 322
368 427 382 322
367 426 383 322
367 425 383 322
368 426 383 322
368 426 383 323
368 427 383 322
369 427 382 322
368 426 382 322
368 426 382 322
367 426 382 322
368 426 383 322
368 426 383 322
367 424 382 322
366 424 382 322
367 425 382 322
369 427 383 322
368 426 382 322
368 426 382 322
367 425 382 322
368 426 382 322
367 425 382 322
367 424 382 322
367 424 382 322
367 425 382 322
367 425 382 322
367 425 382 322
368 425 381 321
368 425 381 322
367 424 382 322
368 425 381 322
368 425 381 322
368 426 381 321
367 424 381 322
367 425 381 321
367 424 380 321
368 425 381 321
367 424 381 322
368 426 381 321
368 426 380 321
369 427 380 321
368 426 381 322
367 425 381 321
367 424 381 322
368 425 381 322
368 426 382 322
368 426 381 322
368 425 380 321
368 424 380 321
368 425 380 321
368 425 380 321
367 424 379 321
368 425 380 321
368 425 380 321
367 424 381 322
366 423 380 321
366 423 380 321
367 424 380 321
367 424 380 321
368 425 380 321
368 425 380 321
368 425 379 321
367 424 379 321
367 424 380 321
367 424 380 321
368 425 380 321
368 425 380 321
368 425 380 321
368 424 380 321
368 425 381 321
368 424 380 321
367 425 380 321
368 425 381 321
368 425 380 321
368 425 379 321
368 425 379 321
368 424 380 321
368 424 380 321
369 426 380 321
367 423 380 321
367 424 380 321
367 424 379 320
367 424 380 321
367 424 381 321
367 424 381 322
367 424 381 322
367 424 380 321
367 425 379 320
367 424 381 321
367 424 380 321
367 424 381 321
367 425 380 321
366 423 380 321
367 424 380 321
369 427 380 321
368 424 380 321
366 422 381 322
368 426 381 322
367 424 380 321
367 424 381 322
368 425 380 321
367 424 380 321
367 424 380 321
367 424 380 321
367 425 380 321
365 422 380 321
366 422 379 321
367 423 380 321
367 424 379 321
365 422 379 320
366 423 379 320
367 423 379 320
365 422 380 321
365 421 379 321
365 420 379 320
366 422 380 321
367 423 379 320
367 423 379 320
366 422 379 321
365 421 380 321
365 421 379 321
364 419 379 320
364 420 380 321
366 421 379 321
365 421 379 321
364 420 379 321
364 420 380 321
365 421 380 321
365 420 379 321
365 421 379 321
364 420 380 322
364 420 379 321
364 420 379 321
365 421 379 321
365 421 380 322
364 418 379 321
364 420 380 321
364 419 379 321
364 419 380 322
363 418 379 321
364 420 379 321
365 420 379 321
363 419 380 322
362 418 379 321
364 419 379 321
362 418 379 321
362 417 379 321
364 420 378 321
364 419 379 321
363 419 379 321
344 402 379 321
315 376 379 321
364 419 379 321
365 419 379 321
363 414 379 321
364 416 377 320
363 417 379 321
364 419 378 321
363 417 378 321
362 417 379 321
361 416 378 321
362 416 379 321
363 417 378 320
362 415 378 321
361 415 378 320
359 414 378 320
354 410 378 320
364 415 378 320
360 414 378 320
301 362 377 319
361 414 377 320
362 413 378 320
351 401 377 320
362 414 378 320
361 414 377 320
362 414 376 319
362 415 377 320
362 415 377 320
361 413 377 319
362 415 377 319
361 413 377 319
361 414 376 319
361 413 377 320
360 413 377 319
361 414 376 319
360 413 376 319
360 413 376 319
360 413 376 319
360 412 375 318
361 414 377 319
360 413 376 319
360 414 376 319
362 415 376 319
360 412 376 319
360 413 376 319
359 411 376 319
358 412 375 319
307 368 375 319
352 407 375 319
363 414 375 319
353 403 376 319
363 415 376 319
361 414 376 319
359 412 377 319
359 412 376 319
360 414 376 319
360 413 377 320
360 414 376 319
359 413 376 319
359 413 376 319
360 414 376 319
360 413 376 319
360 413 377 319
359 414 374 317
359 413 374 317
361 415 374 317
359 413 375 318
358 412 367 311
359 413 370 313
359 412 377 320
358 412 375 319
359 413 375 318
359 412 375 318
359 413 375 319
359 413 375 319
359 413 375 319
358 412 377 321
358 412 384 325
359 413 380 321
360 413 374 315
359 413 358 302
359 413 357 300
359 414 367 310
359 413 366 312
359 413 333 290
358 412 353 303
358 412 376 319
359 414 375 318
358 413 376 319
358 413 376 319
358 413 376 319
358 412 375 319
359 413 376 319
358 413 376 320
358 413 375 318
358 413 376 319
357 411 376 319
357 410 376 319
357 412 375 319
356 411 376 319
357 412 375 318
358 413 375 318
358 413 376 319
356 410 376 319
355 410 375 319
355 410 375 319
356 411 375 319
356 411 376 319
356 411 375 319
354 409 376 319
355 410 376 319
356 410 375 319
355 409 375 318
356 410 376 319
355 410 375 318
356 409 375 319
356 410 376 319
355 409 376 319
354 409 375 319
356 410 374 318
355 409 374 318
354 409 376 320
354 409 376 319
354 408 375 319
355 408 376 319
354 408 375 319
353 407 374 318
353 407 375 319
353 407 375 319
353 407 376 320
353 407 375 319
352 406 375 318
352 406 374 318
352 406 375 319
352 405 375 319
352 405 375 319
352 406 374 318
353 407 372 317
353 407 375 319
353 406 375 319
352 406 373 317
352 405 373 317
353 406 374 318
353 406 374 318
353 406 372 317
351 405 374 318
351 404 374 318
352 405 373 318
351 404 372 317
351 404 373 318
351 404 373 318
352 404 372 317
353 405 372 317
352 404 374 318
351 404 373 317
350 403 372 317
351 404 372 317
351 404 371 316
351 403 373 318
350 403 372 317
350 403 372 317
352 404 372 317
352 404 372 317
350 402 372 317
350 403 373 317
349 402 371 316
351 403 373 318
351 403 372 317
350 402 372 316
350 403 372 316
350 402 372 317
350 403 372 317
351 403 372 317
351 404 372 317
349 401 372 317
348 401 371 316
350 402 371 316
349 402 370 316
349 401 371 317
349 401 371 317
350 402 371 316
351 403 370 316
350 401 371 316
348 401 371 316
348 401 371 316
349 401 371 316
348 400 370 315
347 399 371 316
347 400 370 316
347 399 370 315
348 399 370 315
348 399 370 315
347 399 370 315
346 399 370 316
346 398 370 316
348 400 368 314
349 401 369 314
345 398 370 315
346 398 369 314
347 398 370 315
347 398 369 315
347 398 369 314
347 398 369 314
346 397 369 314
345 396 368 314
345 396 370 315
345 396 369 315
345 397 368 314
345 396 369 315
346 397 368 314
347 398 368 314
344 395 368 314
345 396 368 314
343 394 368 314
345 396 369 314
346 396 369 314
345 395 368 314
346 396 369 314
345 396 369 314
346 397 368 314
346 397 368 313
346 396 368 314
346 397 369 314
345 396 368 313
346 396 368 314
346 396 368 314
345 396 368 314
345 396 368 314
344 395 368 313
344 395 368 314
345 395 368 313
344 395 368 313
342 393 369 314
342 393 368 313
345 396 368 313
344 395 367 313
345 395 369 314
342 393 368 314
343 394 368 314
343 393 368 314
343 393 368 313
342 392 368 314
342 393 368 313
341 392 368 313
341 391 368 313
340 391 367 313
342 392 368 313
340 390 368 314
339 390 368 313
340 390 369 314
339 388 366 313
340 389 369 314
338 388 368 314
337 387 368 314
338 388 368 314
338 387 368 313
337 386 368 314
338 387 368 314
337 387 369 314
338 387 369 314
337 386 368 313
336 385 368 314
336 385 368 314
333 382 368 314
334 383 368 314
335 383 368 314
336 385 368 314
335 384 367 313
333 383 368 314
333 381 368 314
334 383 367 313
334 382 367 313
333 382 367 313
332 381 366 312
330 379 367 313
330 379 367 313
331 379 366 312
331 380 365 311
330 379 367 312
331 379 367 312
331 379 366 312
332 379 366 312
332 379 367 313
328 377 367 313
310 362 366 312
305 359 366 312
334 379 368 313
334 378 366 312
330 374 365 311
329 371 366 312
324 369 367 313
294 331 367 313
323 367 366 312
354 408 366 312
356 412 366 312
356 415 366 312
354 414 366 311
353 412 366 311
361 423 366 312
365 427 365 311
365 427 366 311
359 421 366 311
361 423 363 310
367 429 366 312
370 432 367 312
376 438 365 311
379 442 366 312
382 444 364 310
383 445 366 312
384 446 366 312
384 446 365 311
384 445 366 311
384 446 366 312
384 446 367 313
384 445 365 311
384 446 367 313
383 445 365 311
383 445 365 311
384 445 366 311
384 445 366 312
383 445 367 312
383 445 365 311
383 444 365 311
383 445 366 312
383 445 365 311
383 444 367 312
382 444 365 311
382 444 365 311
382 444 365 311
383 444 365 311
383 444 365 311
383 444 365 311
382 443 365 311
382 443 365 311
382 444 364 310
382 444 365 311
382 443 366 312
381 443 366 312
381 443 365 311
382 443 365 311
382 443 366 312
382 443 365 311
381 443 366 311
381 442 366 312
380 442 365 311
380 442 366 311
381 442 366 311
380 442 365 311
379 441 365 311
379 441 367 312
379 441 367 313
379 441 366 312
379 441 366 312
379 441 366 312
379 441 366 312
378 440 366 312
379 441 367 313
379 441 366 311
380 441 365 311
379 441 366 312
378 440 365 311
378 440 367 312
380 441 365 311
380 441 365 311
380 441 366 312
379 440 365 311
379 440 365 311
379 440 366 312
380 441 364 310
380 440 365 311
380 440 368 313
380 440 364 310
381 441 363 308
380 441 363 309
380 440 364 309
380 440 365 310
380 440 363 309
380 440 364 310
381 441 365 310
380 440 364 309
380 440 365 311
380 440 365 310
379 440 362 309
379 440 365 310
379 439 365 310
379 439 362 308
379 439 364 310
379 439 363 309
379 439 364 310
379 438 366 311
379 439 364 310
379 439 364 310
379 438 365 310
379 438 365 311
379 438 364 309
379 438 365 311
379 438 365 311
379 438 366 311
379 438 364 310
379 437 365 311
379 437 364 310
379 437 363 309
379 438 363 309
380 437 363 308
379 437 363 309
379 437 362 308
379 437 362 308
379 437 362 308
379 436 361 307
379 438 362 308
380 438 362 308
379 437 362 308
379 437 362 308
379 437 363 309
379 437 361 308
379 437 362 308
379 436 362 308
379 437 362 308
379 437 362 308
379 437 362 309
379 436 362 308
378 436 361 307
379 437 360 306
379 436 361 307
379 436 362 308
379 436 361 307
378 436 361 308
378 435 360 307
378 435 360 307
379 436 361 307
378 435 362 308
378 435 362 308
378 435 362 308
378 435 361 308
377 434 360 307
377 434 361 308
377 434 362 309
378 434 362 309
377 434 362 308
377 433 362 308
377 433 361 308
377 433 361 308
377 433 362 308
377 434 363 309
377 433 359 306
377 433 361 308
376 433 362 308
377 433 362 308
376 432 362 308
376 432 361 307
377 433 361 308
376 431 362 308
376 432 362 308
376 431 364 310
375 431 386 325
375 431 364 311
375 430 305 265
374 430 336 288
374 429 361 308
374 429 361 308
374 428 356 303
374 428 357 304
373 428 359 306
373 427 359 306
373 427 360 307
372 426 360 307
372 426 360 306
372 426 360 306
372 426 360 306
372 426 359 306
371 425 360 306
371 425 359 305
371 424 358 304
371 425 360 307
371 424 359 306
370 423 359 306
370 423 360 306
370 423 358 305
370 423 359 306
370 422 358 305
370 422 359 306
370 422 359 306
369 421 359 306
370 422 357 304
370 422 357 304
369 421 360 307
369 421 357 304
370 422 357 304
369 421 359 306
369 422 358 305
369 421 358 305
369 421 358 305
369 421 356 303
369 421 356 303
368 420 359 305
368 420 358 305
369 421 356 303
369 421 356 303
369 421 358 304
369 421 357 304
368 421 358 305
368 421 357 304
369 422 357 304
369 421 357 304
368 421 355 303
368 420 357 304
369 421 356 303
369 421 354 302
369 421 358 305
369 421 358 305
369 421 357 305
369 421 357 304
369 421 356 304
369 420 357 304
369 420 358 305
369 420 358 305
369 421 358 305
369 420 357 304
369 421 357 304
369 421 357 304
369 421 357 304
369 421 358 305
369 420 358 305
369 421 357 304
369 420 357 304
368 420 356 303
368 419 357 304
368 420 356 304
368 419 357 304
368 419 357 304
368 419 357 304
368 419 358 305
368 420 358 305
368 419 357 304
368 420 357 304
367 418 358 305
368 419 359 306
368 419 357 304
368 419 359 305
367 418 359 305
367 418 358 304
367 418 358 305
367 418 359 305
366 416 359 305
366 416 358 305
367 417 357 303
367 418 358 305
366 416 358 305
365 415 358 304
365 415 358 304
366 415 356 303
366 415 358 305
365 415 358 304
365 414 356 303
365 414 357 303
364 413 357 304
365 414 356 302
364 414 356 302
364 413 355 302
364 413 357 303
363 412 355 302
363 412 356 302
363 412 354 301
362 411 357 303
363 411 356 302
364 412 355 301
363 411 355 302
362 410 356 302
363 411 354 301
363 411 355 301
363 411 355 302
362 410 353 300
363 412 356 302
363 411 355 301
363 411 356 302
362 410 353 300
362 410 352 299
363 411 354 300
363 412 353 300
363 412 354 300
364 412 354 300
363 411 351 298
364 412 354 300
363 412 352 299
364 413 353 299
364 413 353 300
364 413 355 301
363 412 352 298
364 413 354 300
364 413 352 299
364 413 353 299
365 413 352 298
365 414 352 299
365 414 352 299
364 412 352 299
363 412 352 299
365 414 353 299
365 414 352 298
365 414 351 298
364 413 352 298
364 413 351 297
364 413 352 298
364 413 352 298
364 414 352 298
364 414 351 298
365 414 351 298
365 414 351 298
366 416 350 297
365 414 351 297
365 414 351 298
365 414 350 297
364 413 350 297
364 414 351 298
364 414 351 298
364 414 351 298
364 414 351 297
364 414 349 296
364 413 349 296
364 413 350 297
364 413 349 296
363 412 350 297
362 411 348 295
363 413 348 296
365 414 347 295
365 414 349 296
365 415 349 296
365 414 346 294
364 414 348 295
365 415 349 295
364 414 347 295
364 414 346 293
365 415 347 294
364 414 348 295
364 414 347 294
364 414 348 295
364 413 347 294
363 412 351 298
363 412 347 295
362 412 347 295
362 411 345 293
362 410 347 295
362 410 347 294
361 410 346 294
361 409 346 294
360 408 345 293
360 408 347 294
359 408 347 294
359 408 345 293
358 407 348 295
358 407 346 294
359 408 348 296
359 408 346 294
359 408 346 293
360 409 346 294
360 409 344 292
360 410 346 293
360 409 344 292
361 410 344 292
360 410 347 294
360 410 344 292
360 410 344 292
361 410 344 292
360 409 342 291
361 410 342 291
361 411 344 292
360 410 344 292
359 409 345 292
359 409 346 294
357 407 364 308
357 407 369 313
358 408 370 315
358 408 363 310
358 408 361 308
358 408 369 315
358 407 371 316
357 407 373 317
358 408 376 319
358 408 379 321
357 407 381 321
357 407 382 322
357 407 382 321
358 407 383 321
358 407 385 320
357 406 386 321
357 406 388 323
356 405 386 322
356 406 384 321
356 406 383 319
356 406 384 320
356 405 387 323
356 406 387 323
356 405 387 323
356 406 387 323
356 405 388 323
355 405 386 323
356 406 387 323
354 404 387 323
354 404 387 323
354 404 387 323
354 403 387 323
353 403 387 323
353 403 387 323
354 403 387 323
354 403 387 323
355 405 387 323
353 402 387 323
354 402 387 323
353 402 387 323
353 404 388 323
352 402 387 323
352 402 387 323
352 402 387 323
352 401 387 323
352 401 388 324
354 403 387 323
355 404 388 323
353 401 388 323
352 401 388 323
353 402 387 323
352 402 387 323
352 401 388 323
351 401 387 323
351 400 387 323
350 400 387 323
350 399 387 323
350 399 387 323
351 400 387 323
351 399 387 323
351 399 387 323
350 398 387 323
349 397 387 323
349 398 387 323
349 398 386 323
347 396 386 323
348 397 387 323
348 397 386 323
348 397 386 323
348 397 386 323
349 397 386 323
349 397 386 323
349 397 386 323
349 396 385 323
349 396 385 323
349 397 385 322
349 397 385 322
348 397 385 323
348 396 385 322
348 397 386 323
347 395 385 322
348 396 385 322
348 396 385 323
348 396 385 322
348 396 385 322
349 397 385 322
349 397 385 322
349 397 385 322
349 397 384 322
349 397 384 322
347 395 384 322
346 393 384 322
348 396 384 322
347 396 384 322
346 394 384 322
346 394 384 322
345 394 384 322
346 393 384 322
348 396 384 322
347 394 384 322
347 394 384 322
348 395 384 322
348 395 384 322
346 394 384 322
345 393 385 322
344 391 384 322
344 392 384 322
343 391 384 322
342 390 384 322
342 390 384 322
343 391 383 322
342 389 385 322
342 389 384 322
342 389 384 322
342 388 384 322
342 389 385 322
342 389 384 322
343 389 385 322
344 391 384 322
342 389 384 322
341 389 385 322
342 389 385 322
341 388 385 322
340 387 384 322
341 388 385 322
341 388 385 322
341 388 385 322
340 388 384 322
340 387 385 322
341 387 385 322
341 387 385 322
340 387 384 322
340 386 384 322
338 384 384 322
340 386 384 322
338 385 385 322
337 384 384 321
338 385 384 322
337 384 384 321
335 382 385 322
336 383 384 322
338 385 384 322
336 383 384 322
334 380 384 322
334 381 384 322
335 382 385 322
336 382 384 322
336 383 384 322
336 382 384 322
335 381 383 321
336 382 383 322
334 380 384 322
334 380 383 321
335 381 383 321
334 380 383 321
333 379 384 322
334 380 384 321
333 379 383 321
332 378 383 321
332 379 383 321
332 378 382 321
331 377 383 321
332 378 383 321
331 377 383 321
331 377 383 321
332 378 382 321
332 377 382 321
332 377 382 320
331 376 382 321
331 377 381 320
330 375 383 322
330 376 383 321
330 375 383 322
330 375 383 321
330 376 383 321
330 375 383 322
328 373 383 321
327 372 383 321
328 373 383 321
328 373 383 321
328 373 383 321
327 371 383 321
326 370 383 321
325 370 383 321
325 369 383 321
324 368 383 321
324 368 383 321
324 367 383 321
324 368 384 321
324 368 383 321
324 367 383 321
324 367 383 321
323 366 383 321
324 367 384 321
324 367 384 322
324 367 384 322
324 367 384 322
325 368 384 322
323 366 384 322
324 367 385 322
326 370 384 322
329 373 384 322
352 403 384 322
329 374 383 321
294 333 383 322
319 363 384 321
323 369 384 322
325 372 384 322
325 371 384 322
321 367 384 321
321 367 383 321
320 365 383 321
322 367 383 321
322 366 383 321
320 364 382 320
319 363 383 320
319 363 382 320
321 364 382 320
320 363 382 320
319 361 381 320
319 362 381 319
319 362 381 320
319 362 381 320
319 362 382 320
320 363 382 320
319 361 383 320
319 361 382 320
318 361 382 320
320 363 381 320
321 364 382 320
320 363 381 320
319 363 381 320
319 362 381 320
318 362 381 320
319 363 382 320
318 362 381 320
317 361 382 320
319 362 381 320
319 362 382 320
317 360 381 320
318 362 382 320
317 361 382 320
317 360 382 320
317 361 382 320
317 361 382 320
317 361 382 320
316 360 382 320
316 360 381 319
317 361 383 320
316 360 381 320
316 360 382 320
316 361 382 320
317 361 383 321
317 362 383 321
307 354 382 320
306 354 383 321
305 352 382 321
309 354 383 321
319 361 383 321
319 361 383 321
316 360 383 321
336 385 383 321
344 398 383 321
351 410 383 321
344 409 382 320
336 399 382 320
345 405 382 321
349 411 382 320
351 414 383 321
352 414 383 321
351 413 383 321
351 414 384 322
361 424 384 319
364 427 383 320
365 428 354 302
365 428 378 318
365 427 384 322
364 427 383 322
364 427 384 321
364 426 383 321
364 427 383 321
364 427 383 321
364 427 382 321
363 426 382 321
364 427 382 321
364 426 383 321
363 426 382 321
364 427 382 321
363 426 382 321
363 426 383 321
363 426 382 320
363 426 382 320
363 426 383 321
363 425 382 320
362 425 383 321
362 426 383 321
362 425 382 320
363 426 382 320
362 424 382 321
362 425 381 320
362 425 382 321
362 425 381 320
361 425 382 320
362 425 381 320
360 422 382 320
360 423 382 320
361 424 381 320
360 422 383 320
359 422 382 320
360 423 381 319
359 422 383 320
359 422 382 320
358 421 381 319
358 421 382 320
358 421 382 320
357 420 381 320
356 420 382 321
355 419 382 321
355 418 381 320
353 418 383 321
352 416 382 321
350 413 383 322
351 415 382 321
357 420 382 320
362 425 381 320
364 425 381 319
365 426 380 318
366 427 379 318
365 427 380 319
366 427 380 319
366 427 380 319
366 427 380 318
367 428 379 318
366 427 380 318
366 427 379 318
366 427 379 318
366 427 379 318
366 428 380 318
366 428 379 318
368 431 379 318
366 427 379 318
364 423 379 318
366 426 379 318
367 428 379 318
368 429 378 317
368 429 378 317
369 430 378 317
369 430 379 317
369 430 380 317
369 430 373 313
369 430 376 315
369 429 378 316
369 429 378 317
369 429 377 316
369 430 378 317
368 429 377 316
368 429 377 316
368 429 377 316
367 429 377 316
367 428 377 316
367 428 377 316
367 428 377 316
367 428 376 315
367 427 376 315
367 427 375 314
367 428 376 315
366 428 376 315
366 427 376 315
366 427 376 315
366 427 376 315
367 427 377 315
367 428 376 315
367 428 377 315
368 428 376 315
368 428 375 314
368 428 375 314
368 427 375 314
368 428 375 315
368 427 375 315
368 428 375 315
368 428 375 314
368 428 375 315
368 428 376 315
369 428 375 314
369 427 375 314
369 428 375 315
369 428 375 315
369 428 375 314
369 428 376 315
369 428 376 315
369 428 376 315
368 427 376 314
369 428 375 314
369 428 374 314
369 428 375 314
369 427 375 314
369 428 375 314
369 428 375 315
368 427 376 315
368 427 376 315
367 427 376 315
367 428 374 314
367 427 376 315
367 427 376 315
367 427 376 315
366 427 376 315
366 427 377 315
366 427 377 316
367 427 377 316
367 428 376 315
367 427 376 315
366 427 377 315
366 427 377 316
366 427 376 315
366 427 377 316
367 428 376 315
367 428 376 315
368 428 377 315
368 428 377 315
368 428 376 315
367 427 376 315
367 427 375 314
367 427 375 314
368 427 375 314
367 427 374 313
367 427 375 314
367 427 376 315
366 427 376 315
366 427 375 314
366 427 376 315
366 426 375 314
365 426 375 314
366 426 375 314
366 426 376 315
365 426 376 315
366 426 375 314
365 426 376 315
365 425 375 314
365 425 376 315
365 425 375 314
365 425 376 314
366 425 376 315
366 426 376 315
366 426 376 315
365 424 376 315
365 424 375 314
366 426 373 313
366 425 374 313
366 425 374 313
365 424 375 314
365 424 374 314
364 423 374 313
365 423 373 313
364 423 373 313
364 423 374 313
364 422 373 313
364 423 374 314
364 422 374 313
364 422 372 312
364 423 373 313
364 422 374 313
364 422 373 313
364 422 373 313
364 422 373 313
365 423 374 313
364 422 373 313
364 421 373 313
364 421 372 312
364 423 372 312
364 422 374 314
362 420 373 313
362 419 374 314
362 421 373 312
362 420 374 314
363 422 374 314
362 420 374 314
362 420 373 313
362 421 374 313
362 421 374 313
363 422 373 313
362 421 373 313
363 422 374 314
362 421 373 313
362 421 373 313
362 421 373 313
362 421 373 312
360 419 373 313
360 420 374 313
360 419 373 312
359 418 372 312
360 420 373 313
359 419 374 313
360 420 373 313
360 420 373 313
361 421 373 313
361 420 374 313
362 421 373 312
362 422 373 312
363 422 373 313
362 422 373 312
363 423 372 312
362 421 371 311
362 421 372 312
361 421 373 312
361 420 372 312
361 421 372 312
361 420 371 311
361 421 371 311
361 420 371 311
360 420 370 310
361 420 370 310
361 421 371 311
362 422 370 310
362 421 370 311
361 420 370 311
362 420 370 310
362 421 369 310
361 421 370 310
361 420 369 310
361 420 369 310
361 419 369 310
361 420 370 310
361 420 368 309
361 420 369 309
362 420 369 310
362 420 369 310
363 421 368 309
363 420 369 310
363 421 370 310
363 421 368 310
363 421 368 309
362 420 368 309
361 419 368 309
361 419 368 309
360 418 369 309
361 419 369 309
361 419 367 308
361 419 368 308
362 420 368 309
362 420 368 309
362 420 368 309
362 420 369 309
363 421 367 308
363 421 366 307
361 419 367 308
361 419 368 309
361 420 367 308
361 420 368 309
360 418 368 309
361 419 368 309
361 419 368 309
361 419 368 308
362 419 369 309
362 419 369 309
361 420 368 309
362 419 368 309
361 419 367 309
360 418 368 309
360 418 367 308
359 418 367 308
359 417 368 309
360 417 368 309
359 417 368 309
360 418 368 309
361 418 368 308
361 418 369 309
361 418 369 309
361 419 368 308
360 418 368 309
360 418 369 309
359 417 368 309
359 418 369 309
359 418 368 309
359 418 368 309
359 417 368 309
359 417 368 309
360 418 368 309
359 417 368 309
359 417 368 309
359 418 367 308
358 416 369 309
357 415 368 309
357 416 369 310
357 416 368 309
358 416 368 309
357 415 367 308
357 416 367 308
358 416 367 308
358 417 367 309
358 416 367 308
358 415 366 308
356 414 367 308
356 414 366 307
355 413 368 309
355 413 367 308
355 413 365 307
355 413 367 308
356 413 367 308
356 414 367 309
356 413 367 308
356 413 366 308
356 413 367 309
354 412 366 308
354 412 366 308
353 411 366 308
354 412 366 308
354 411 366 308
354 412 367 309
355 412 366 308
355 412 366 308
355 413 366 308
355 412 365 307
354 411 366 308
353 410 366 308
352 410 366 308
352 410 365 307
352 410 364 307
353 411 365 307
353 410 364 307
354 411 366 308
353 411 365 307
353 411 365 307
352 410 364 307
351 409 365 307
352 410 365 307
351 410 365 307
352 410 364 306
352 410 365 308
353 411 365 307
353 411 366 308
353 411 365 307
353 411 364 307
352 410 364 307
352 410 364 307
351 410 364 307
351 409 363 307
351 410 363 306
352 411 363 306
352 411 363 306
352 410 364 307
352 411 362 306
350 409 363 306
350 409 364 306
350 409 365 307
350 409 364 306
350 409 364 306
350 409 365 307
351 410 364 307
350 409 365 307
350 409 365 307
350 410 364 306
349 408 365 307
348 407 366 308
348 407 367 308
348 407 367 308
350 410 367 309
351 411 367 309
348 405 367 309
348 406 367 308
349 407 366 308
348 407 367 308
348 406 367 309
348 406 366 308
347 406 365 308
348 406 366 308
349 406 367 309
348 407 366 308
349 407 365 308
348 406 365 308
347 405 364 307
346 405 365 308
347 405 364 307
347 405 364 307
348 406 364 307
349 407 364 307
350 408 365 308
349 407 364 307
348 406 364 307
347 405 364 307
348 406 365 307
348 407 365 307
349 407 365 307
350 408 365 307
350 408 365 307
351 409 364 307
349 408 365 307
348 407 364 306
347 406 365 307
349 407 364 307
348 406 363 306
349 408 363 306
349 407 364 306
350 409 364 306
350 408 364 306
349 407 363 305
348 407 363 305
349 408 363 305
349 408 363 305
350 408 362 305
351 409 363 306
351 410 363 305
351 410 362 304
349 407 363 305
349 408 363 305
350 409 364 306
350 409 363 305
350 408 364 306
351 410 365 306
352 411 363 305
351 410 363 305
349 407 364 305
349 408 364 305
350 409 364 306
350 409 364 305
350 410 364 305
351 410 364 306
351 410 363 305
351 411 364 306
349 408 364 305
349 408 365 306
349 408 364 306
349 408 364 305
350 409 364 306
350 409 365 306
351 410 364 306
351 410 364 305
349 408 364 305
349 408 364 306
349 408 364 305
348 408 364 305
350 409 364 306
350 409 365 306
350 409 363 305
348 407 365 306
347 407 365 306
347 407 365 306
348 407 364 305
349 408 365 306
349 408 364 306
349 409 365 306
349 409 365 306
347 407 365 306
347 407 365 306
347 407 365 306
347 406 365 306
348 408 365 306
348 408 365 307
347 407 364 306
346 405 365 306
345 405 365 306
344 404 365 307
344 404 365 306
346 405 365 306
346 405 366 307
346 406 364 306
345 405 365 306
344 404 365 306
344 404 365 306
343 403 364 306
344 404 364 305
345 405 365 306
344 404 365 306
343 403 364 305
342 401 364 306
341 401 365 306
341 401 364 306
342 401 365 306
343 403 364 306
343 403 365 306
343 402 365 307
341 400 364 306
339 399 365 306
340 399 364 306
341 400 365 306
341 400 365 306
342 401 365 306
341 401 363 305
339 399 365 306
338 398 364 306
338 397 364 306
339 399 365 307
340 400 364 306
340 400 365 307
339 398 364 306
338 397 365 306
337 397 364 306
337 397 364 306
338 398 364 306
338 397 365 307
339 398 364 306
337 397 365 307
336 396 364 306
335 395 365 306
336 396 365 306
336 396 365 306
337 397 366 307
337 397 365 306
335 394 363 305
334 394 364 306
335 395 366 307
335 395 366 307
337 397 366 307
336 396 363 305
335 395 364 306
333 393 366 307
333 393 366 307
333 393 365 306
334 394 367 307
334 394 366 307
335 395 365 306
334 394 366 306
332 392 366 307
332 392 366 307
331 392 365 306
331 391 366 307
332 393 367 307
333 393 366 307
332 392 366 307
330 391 366 306
330 390 366 307
331 392 367 307
332 392 366 307
332 393 367 307
331 391 366 307
329 389 366 307
329 389 366 307
329 389 366 307
330 390 366 307
330 390 367 307
331 391 366 306
328 389 366 306
328 388 365 306
328 388 365 306
328 388 366 307
329 389 367 307
329 389 366 307
328 388 366 307
326 387 366 307
327 388 366 307
327 387 365 306
328 388 366 307
329 389 366 307
329 389 366 307
327 387 366 307
328 390 366 307
329 393 365 306
322 386 365 306
316 379 365 307
303 364 365 306
320 385 365 307
319 384 365 306
309 364 365 306
305 357 365 306
328 388 364 306
329 389 364 305
328 388 363 305
344 401 363 305
359 414 362 304
361 414 362 304
360 413 363 304
361 413 362 304
360 413 363 305
347 401 362 304
355 407 362 304
355 407 362 304
355 407 363 304
354 406 362 304
355 407 361 304
356 408 361 304
356 408 362 304
355 407 360 303
355 406 362 304
354 406 362 304
354 406 360 303
355 407 360 303
355 406 361 303
355 408 360 303
353 406 360 303
354 406 361 303
354 406 360 302
354 407 360 302
355 408 360 303
355 408 360 303
354 407 360 303
354 407 360 303
355 408 359 301
355 407 359 302
355 408 359 301
356 408 358 301
355 408 359 302
355 407 359 301
355 408 359 301
356 408 358 301
356 408 358 301
356 408 357 300
355 408 358 301
354 406 358 301
356 408 357 300
357 409 357 300
357 409 357 300
356 408 356 299
355 408 356 299
355 407 356 299
357 409 357 300
357 410 356 299
357 409 356 299
356 409 356 299
355 408 357 300
355 408 356 299
356 409 357 299
357 409 358 300
356 409 357 300
356 409 357 300
356 408 358 301
355 408 357 300
357 411 356 299
357 411 357 300
356 409 357 300
356 410 357 300
356 409 358 301
357 411 358 300
357 410 358 300
358 411 358 301
358 410 359 301
358 411 360 302
358 410 360 302
358 411 360 302
359 412 359 301
359 413 359 301
359 412 359 302
358 411 360 302
358 411 359 301
359 412 359 301
359 412 359 301
358 411 359 301
357 410 359 301
357 410 359 301
358 411 358 301
359 412 359 301
358 411 359 301
358 411 358 301
357 411 358 301
357 410 358 300
358 411 358 301
358 412 359 301
358 412 358 301
357 410 358 301
357 410 358 301
358 411 357 300
359 413 358 300
358 411 357 300
358 410 358 301
357 410 359 301
357 410 359 302
358 411 358 301
358 411 359 301
358 411 359 302
357 410 359 302
357 409 359 301
357 410 359 302
357 410 359 302
358 411 359 302
358 412 359 302
357 410 360 302
357 410 359 302
358 411 359 302
358 411 359 302
358 411 359 302
358 411 361 303
358 411 362 303
358 411 360 302
358 412 360 302
359 412 361 303
358 412 361 303
358 411 361 303
358 411 361 303
359 413 361 303
359 412 360 303
359 412 361 303
358 412 361 303
358 412 362 304
359 413 362 304
360 413 362 304
359 412 362 304
358 412 361 304
358 411 362 304
359 413 362 304
359 413 361 303
360 413 362 304
360 413 361 303
359 412 362 304
359 413 362 304
360 414 362 304
360 414 362 304
360 414 362 303
361 415 363 304
359 412 362 304
359 412 362 303
360 414 362 304
360 414 363 304
360 414 363 304
360 414 362 304
361 415 361 303
361 415 362 303
361 415 361 303
361 415 362 304
360 415 363 304
361 415 362 304
361 415 362 304
361 416 362 304
361 415 362 304
361 415 362 304
361 416 362 304
362 416 362 303
361 416 361 303
360 414 361 303
360 414 363 304
361 416 363 304
361 416 362 304
360 415 362 304
361 415 363 304
361 415 363 304
361 416 362 303
361 416 363 304
362 416 363 304
361 416 363 304
361 416 363 304
362 416 363 304
361 415 363 305
361 415 364 305
361 416 363 305
361 416 363 304
362 417 363 304
362 416 363 304
362 416 363 304
362 416 363 304
362 417 364 305
361 416 364 305
361 416 363 304
362 417 364 305
362 417 364 305
362 416 364 305
362 416 364 304
362 416 363 304
363 417 364 305
363 417 364 304
362 417 363 304
362 417 364 305
363 417 363 304
363 418 363 304
363 418 363 304
363 418 364 305
363 417 364 304
363 417 364 305
363 418 365 305
363 418 364 305
363 418 364 305
363 418 364 305
363 418 364 305
363 419 365 305
363 418 364 305
364 418 364 305
363 418 363 305
364 418 364 305
364 419 364 305
364 419 364 305
364 419 364 305
364 419 364 305
364 419 364 305
364 419 364 305
364 420 363 305
364 419 364 305
364 420 363 305
364 419 363 305
365 420 364 305
364 419 364 305
364 419 364 305
365 420 363 304
364 420 363 304
364 419 363 304
364 419 362 304
364 419 363 304
363 419 362 303
364 419 362 304
364 420 363 304
364 419 363 304
364 419 363 304
364 419 363 304
364 420 363 304
364 420 362 304
364 419 362 303
364 419 363 304
364 419 362 304
364 420 363 304
364 419 363 304
364 419 362 304
363 418 363 304
363 418 362 303
364 419 362 303
364 419 362 303
364 419 362 303
364 419 363 304
363 419 362 303
364 419 362 303
364 419 362 303
364 419 362 303
364 419 363 304
364 419 362 303
364 420 361 303
363 418 362 303
364 419 361 303
363 419 362 303
364 419 362 303
364 420 361 303
364 420 362 303
364 419 362 303
364 419 361 302
364 419 362 303
364 420 362 303
365 420 361 302
365 419 362 302
364 419 361 302
365 420 361 302
365 420 362 303
365 420 362 303
364 420 362 303
365 420 362 302
365 420 362 302
365 420 361 302
365 420 361 302
364 420 361 302
365 420 361 302
365 420 361 302
365 420 361 303
364 420 362 303
365 421 361 302
365 421 362 302
365 421 360 302
365 421 360 302
365 421 360 302
365 420 360 302
365 421 362 302
366 422 361 302
366 421 361 302
366 421 361 302
366 421 360 301
366 421 360 301
365 421 360 301
365 420 360 301
365 421 360 301
365 421 361 302
365 421 361 302
365 421 360 302
365 421 361 302
365 421 360 301
366 422 361 302
365 421 361 302
365 421 361 302
366 422 359 301
366 422 361 302
366 422 361 302
365 421 361 302
365 421 361 302
366 421 360 302
366 422 361 302
365 421 361 302
365 421 361 302
365 421 360 301
366 421 360 302
366 422 361 302
365 421 361 302
365 421 361 302
365 421 361 302
365 422 362 303
365 422 361 303
365 421 361 302
365 421 361 302
365 421 362 302
365 421 363 303
365 421 362 303
365 421 362 303
365 421 360 302
366 422 362 303
365 422 362 303
366 422 362 303
365 421 362 303
366 422 361 302
366 422 362 303
366 422 363 303
366 422 362 303
366 422 363 303
366 422 362 303
366 422 362 303
366 422 363 303
366 422 363 303
366 422 363 303
366 422 363 304
366 422 363 303
366 422 363 303
366 422 362 303
366 422 362 303
365 422 362 303
365 422 362 303
366 422 363 303
366 422 363 303
365 421 363 303
365 422 363 304
365 422 363 304
366 422 363 304
366 422 363 304
365 421 364 304
365 422 364 304
365 422 364 304
365 422 363 304
365 421 364 304
365 422 363 304
366 422 364 304
366 423 364 304
366 422 364 304
366 422 364 305
366 423 364 305
366 423 365 305
367 423 365 305
366 423 365 305
366 423 365 305
366 423 365 305
366 423 365 305
366 422 366 306
365 422 365 305
365 422 366 305
365 422 366 306
365 422 364 305
365 422 366 306
366 422 366 306
366 423 367 306
366 423 366 306
366 423 366 306
366 423 367 306
366 423 366 306
367 424 366 306
367 424 366 306
367 424 367 306
367 424 366 306
367 424 367 306
367 424 366 306
367 424 367 306
367 424 366 306
367 423 367 307
367 423 367 307
366 423 366 306
367 424 366 306
367 425 367 306
367 424 367 306
367 424 366 306
367 423 367 307
367 424 367 307
367 425 367 307
367 424 366 306
367 424 366 306
367 425 367 307
368 425 366 306
368 425 366 306
368 425 367 307
367 425 366 306
367 424 367 307
368 425 368 307
368 425 366 306
367 424 367 306
368 425 367 306
368 425 367 307
368 425 367 306
367 425 367 306
367 425 368 307
368 426 367 307
368 427 367 306
368 426 368 307
368 426 368 307
368 426 368 307
368 427 368 307
368 427 368 306
368 426 368 307
368 426 368 307
368 426 368 306
368 426 368 306
368 426 368 307
368 426 367 306
368 426 368 307
369 427 367 306
368 427 368 306
368 427 368 307
369 427 368 307
369 427 368 307
368 427 366 306
368 426 367 306
368 427 368 306
368 427 368 306
368 427 368 306
368 427 367 306
368 427 367 306
368 427 367 306
369 427 367 306
368 427 367 306
368 426 366 306
368 427 367 306
368 427 367 306
368 426 366 305
367 426 367 305
368 426 366 305
368 427 366 305
368 427 365 305
367 426 366 305
367 426 366 305
368 426 366 305
368 426 366 305
367 426 366 305
367 426 366 305
367 426 366 305
368 426 366 305
366 425 367 306
366 425 367 305
367 425 366 305
367 426 367 306
367 425 368 306
366 425 368 306
366 425 368 306
367 426 369 307
367 426 368 307
366 425 368 307
366 425 369 307
367 426 369 307
367 426 369 307
366 425 368 307
366 425 369 307
366 426 370 308
366 425 369 307
366 425 369 307
366 425 369 307
366 426 370 308
367 426 370 307
366 425 370 307
366 425 370 308
366 426 370 307
366 426 371 308
366 425 370 308
366 425 370 308
366 425 370 308
366 426 371 308
366 425 370 308
365 425 370 308
366 425 370 308
366 426 370 308
366 425 370 307
365 425 371 308
365 425 371 308
366 426 371 309
366 426 370 308
366 425 370 308
365 425 370 308
366 425 369 308
366 425 369 307
365 425 369 308
365 425 370 308
367 426 369 308
366 426 369 308
366 426 369 308
365 425 369 308
366 425 369 307
366 426 369 308
365 425 369 308
365 425 369 308
366 426 370 308
366 426 370 308
366 426 369 308
365 425 370 308
365 425 370 309
365 425 369 308
366 426 368 307
366 425 369 308
366 426 369 308
366 426 369 308
366 426 368 307
365 425 369 308
366 426 368 307
366 426 369 308
366 425 369 308
365 425 369 308
365 425 368 307
366 426 368 307
366 426 368 307
365 425 368 307
365 425 369 308
366 426 369 308
367 426 368 307
366 426 368 307
365 426 369 308
366 426 368 307
366 426 368 307
366 426 368 307
365 425 368 307
366 426 368 308
366 426 369 308
365 425 368 307
364 425 369 308
365 425 369 308
365 425 368 307
365 425 367 307
365 425 368 307
365 425 369 308
366 426 368 307
365 425 368 307
365 425 368 307
365 425 368 307
366 426 368 307
365 425 368 307
365 425 368 307
365 426 369 308
366 426 369 308
366 426 368 307
365 425 368 307
365 425 368 307
366 426 369 307
366 426 368 307
364 425 369 307
365 425 369 307
366 426 369 307
366 426 368 307
365 425 368 307
365 426 368 307
366 427 369 307
366 426 368 307
365 426 368 307
365 426 369 307
366 427 368 307
366 427 368 307
365 426 368 307
365 426 369 307
366 427 368 307
366 427 368 306
365 426 368 307
365 426 369 307
365 426 369 308
365 427 368 306
365 426 368 306
365 426 368 307
366 427 368 307
366 427 368 306
365 427 368 306
365 427 369 307
366 428 369 307
366 428 368 306
365 427 368 306
365 427 368 306
366 428 368 306
366 428 368 306
365 427 368 306
365 427 368 306
366 428 368 306
366 428 368 306
365 427 368 306
365 427 368 306
366 428 368 306
366 428 368 306
365 427 368 306
365 427 368 306
366 428 368 305
366 428 368 306
365 427 368 306
366 427 367 305
365 427 367 305
366 428 367 305
366 428 367 305
366 427 368 306
367 428 368 305
366 428 367 305
365 427 367 305
365 426 368 305
365 427 368 306
366 427 367 305
365 427 368 305
365 427 368 305
366 428 368 306
365 427 368 305
364 427 368 306
365 427 367 305
365 427 368 305
365 427 368 305
364 426 368 305
365 427 368 305
365 427 368 306
365 427 368 305
364 426 368 306
364 426 368 306
365 427 368 306
365 427 369 306
364 426 370 307
364 426 369 307
366 428 369 306
365 427 368 305
364 426 368 306
364 426 369 306
365 427 369 306
365 427 368 305
364 426 369 306
365 427 369 306
365 427 368 306
365 428 368 305
364 426 368 306
365 427 368 306
365 427 368 306
365 427 368 306
364 427 368 306
364 427 368 305
365 427 368 305
365 427 367 305
364 426 368 305
364 426 368 305
365 427 368 305
364 427 368 305
364 426 368 305
365 427 368 305
365 427 368 305
364 427 368 305
364 426 368 305
364 427 368 305
365 427 368 305
364 427 367 305
364 426 367 305
364 426 368 305
365 427 368 305
364 426 368 305
364 426 368 305
365 427 369 305
365 427 368 305
364 426 368 305
364 426 369 306
365 427 369 306
365 427 368 305
364 426 368 305
364 427 368 305
364 427 368 305
364 427 368 305
363 425 368 305
363 426 368 305
364 426 368 305
364 427 368 305
364 426 368 305
364 426 368 305
365 427 368 305
364 426 368 305
363 426 368 305
364 426 367 304
364 427 368 305
364 426 367 305
363 425 367 304
364 426 367 304
364 426 367 304
363 425 367 304
363 425 368 305
363 425 367 304
364 427 367 304
363 425 366 304
363 425 367 304
363 426 367 304
364 426 367 304
363 425 366 304
362 425 367 304
364 426 367 304
363 426 366 304
362 425 366 304
363 425 367 304
363 426 367 304
364 427 366 304
362 425 366 304
363 426 367 304
364 426 367 304
363 425 367 304
363 425 367 305
362 425 367 304
364 426 367 305
363 426 367 304
362 424 367 305
363 426 367 305
363 426 367 304
363 426 367 304
362 425 367 304
362 425 367 304
364 426 365 303
363 425 365 303
363 425 367 304
363 426 366 304
363 426 365 303
363 426 365 303
362 425 366 304
363 426 366 304
363 426 366 303
362 425 365 303
362 425 366 303
363 425 366 303
362 425 366 303
362 425 366 303
362 425 366 304
363 426 366 304
362 425 365 303
362 424 366 303
362 425 366 303
362 425 366 303
363 425 366 303
361 424 367 304
361 424 366 303
362 425 366 303
361 424 366 303
361 424 367 304
362 425 366 303
362 425 366 303
361 425 366 303
360 423 365 302
362 425 366 303
362 425 365 302
360 423 365 302
361 424 366 303
361 425 366 303
361 425 365 302
360 423 365 302
360 423 365 302
362 425 365 303
361 424 365 302
360 423 366 302
362 425 366 303
362 425 365 302
361 424 365 302
360 423 366 303
360 423 365 302
361 424 365 302
360 423 366 303
360 423 366 302
361 425 366 302
361 424 365 302
361 424 366 303
361 425 365 302
361 425 366 303
362 425 365 302
360 424 366 303
360 424 366 303
361 425 365 302
360 424 365 302
360 424 365 302
361 425 366 302
361 425 366 303
361 424 366 303
360 424 366 302
361 424 365 302
361 425 365 301
360 423 365 301
359 423 366 302
361 425 366 302
361 424 365 301
360 424 365 302
360 424 365 302
360 424 366 302
361 424 364 301
359 423 365 302
360 424 366 302
361 425 366 302
360 424 365 301
360 424 365 302
361 425 366 302
361 425 365 302
361 425 365 302
360 424 365 302
361 425 366 302
361 425 365 302
359 423 365 301
359 424 364 301
361 425 365 302
360 424 364 301
358 423 364 301
359 424 364 301
360 424 365 301
359 424 364 301
359 423 363 300
359 423 365 301
360 424 365 301
359 423 364 300
358 422 364 301
360 424 365 301
360 424 364 300
357 422 364 301
359 423 366 301
359 424 366 301
359 423 365 301
358 423 365 301
358 423 365 301
360 425 365 300
360 424 364 300
358 423 365 301
359 424 364 300
360 424 364 300
358 423 364 300
358 423 365 301
359 424 365 301
359 424 364 301
358 423 366 301
358 423 365 301
359 424 365 301
359 424 365 301
357 422 365 301
357 422 365 301
359 424 365 301
357 423 365 300
357 422 365 301
359 423 366 301
359 423 365 301
