00 20 10.15 21.24 160.57 0.88
00 21 10.31 21.54 164.10 0.88
00 22 10.47 21.84 167.64 0.87
00 23 10.62 22.15 171.18 0.87
00 24 10.78 22.45 174.72 0.87
00 25 10.94 22.76 178.27 0.86
00 26 11.10 23.07 181.75 0.86
00 27 11.26 23.38 185.20 0.86
00 28 11.42 23.69 188.65 0.85
00 29 11.58 24.00 192.10 0.85
00 30 11.74 24.32 195.56 0.85
00 31 11.90 24.63 199.03 0.84
00 32 12.06 24.95 202.37 0.84
00 33 12.22 25.27 205.51 0.83
00 34 12.38 25.59 208.64 0.83
00 35 12.54 25.91 211.79 0.83
00 36 12.70 26.23 214.93 0.82
00 37 12.86 26.56 218.08 0.82
00 38 13.02 26.88 221.22 0.81
00 39 13.18 27.20 224.26 0.81
00 40 13.34 27.53 227.31 0.81
00 41 13.51 27.86 230.36 0.80
00 42 13.67 28.18 233.41 0.80
00 43 13.83 28.51 236.46 0.79
00 44 13.99 28.84 239.52 0.79
00 45 14.15 29.17 242.37 0.78
00 46 14.32 29.50 245.21 0.78
00 47 14.48 29.83 248.05 0.78
00 48 14.64 30.16 250.89 0.77
00 49 14.80 30.49 253.74 0.77
00 50 14.97 30.82 256.59 0.76
00 51 15.13 31.16 259.26 0.76
00 52 15.29 31.49 261.89 0.75
00 53 15.46 31.82 264.51 0.75
00 54 15.62 32.16 267.15 0.74
00 55 15.78 32.49 269.78 0.74
00 56 15.95 32.82 272.42 0.73
00 57 16.11 33.16 274.90 0.73
00 58 16.28 33.49 277.31 0.72
00 59 16.44 33.83 279.72 0.72
01 00 16.61 34.16 282.14 0.71
01 01 16.77 34.50 284.56 0.71
01 02 16.94 34.83 286.98 0.70
01 03 17.10 35.17 289.40 0.70
01 04 17.27 35.50 291.82 0.69
01 05 17.43 35.84 294.25 0.69
01 06 17.60 36.17 296.68 0.69
01 07 17.76 36.51 299.11 0.68
01 08 17.93 36.85 301.54 0.68
01 09 18.09 37.18 303.77 0.67
01 10 18.26 37.52 305.86 0.67
01 11 18.43 37.85 307.95 0.66
01 12 18.59 38.19 310.04 0.65
01 13 18.76 38.52 312.13 0.65
01 14 18.93 38.86 314.23 0.64
01 15 19.09 39.20 316.32 0.64
01 16 19.26 39.53 318.42 0.63
01 17 19.43 39.87 320.52 0.63
01 18 19.59 40.20 322.62 0.62
01 19 19.76 40.54 324.72 0.62
01 20 19.93 40.87 326.83 0.61
01 21 20.09 41.21 328.80 0.61
01 22 20.26 41.54 330.67 0.60
01 23 20.43 41.88 332.54 0.60
01 24 20.60 42.21 334.42 0.59
01 25 20.76 42.55 336.29 0.59
01 26 20.93 42.88 338.17 0.58
01 27 21.10 43.21 340.05 0.58
01 28 21.27 43.55 341.93 0.57
01 29 21.44 43.88 343.81 0.57
01 30 21.61 44.21 345.69 0.56
01 31 21.77 44.55 347.57 0.56
01 32 21.94 44.88 349.46 0.55
01 33 22.11 45.21 351.19 0.55
01 34 22.28 45.54 352.84 0.54
01 35 22.45 45.88 354.49 0.54
01 36 22.62 46.21 356.14 0.53
01 37 22.79 46.54 357.80 0.53
01 38 22.95 46.87 359.45 0.52
01 39 23.12 47.20 361.10 0.52
01 40 23.29 47.53 362.76 0.51
01 41 23.46 47.86 364.42 0.51
01 42 23.63 48.19 366.07 0.50
01 43 23.80 48.52 367.73 0.50
01 44 23.97 48.85 369.39 0.49
01 45 24.14 49.18 370.95 0.49
01 46 24.31 49.50 372.50 0.48
01 47 24.48 49.83 374.04 0.48
01 48 24.65 50.16 375.58 0.47
01 49 24.82 50.49 377.13 0.47
01 50 24.99 50.81 378.67 0.46
01 51 25.16 51.14 380.10 0.46
01 52 25.33 51.46 381.53 0.45
01 53 25.50 51.79 382.96 0.45
01 54 25.67 52.11 384.39 0.44
01 55 25.84 52.44 385.82 0.44
01 56 26.01 52.76 387.24 0.43
01 57 26.18 53.09 388.55 0.43
01 58 26.35 53.41 389.86 0.42
01 59 26.52 53.73 391.17 0.42
02 00 26.69 54.05 392.48 0.41
02 01 26.87 54.37 393.80 0.41
02 02 27.04 54.70 395.11 0.40
02 03 27.21 55.02 396.42 0.40
02 04 27.38 55.34 397.74 0.39
02 05 27.55 55.65 399.05 0.39
02 06 27.72 55.97 400.36 0.39
02 07 27.89 56.29 401.68 0.38
02 08 28.06 56.61 402.95 0.38
02 09 28.23 56.93 404.15 0.37
02 10 28.40 57.24 405.34 0.37
02 11 28.58 57.56 406.54 0.36
02 12 28.75 57.88 407.74 0.36
02 13 28.92 58.19 408.94 0.35
02 14 29.09 58.51 410.13 0.35
02 15 29.26 58.82 411.33 0.35
02 16 29.43 59.13 412.53 0.34
02 17 29.60 59.45 413.73 0.34
02 18 29.78 59.76 414.93 0.33
02 19 29.95 60.07 416.12 0.33
02 20 30.12 60.38 417.24 0.32
02 21 30.29 60.69 418.32 0.32
02 22 30.46 61.00 419.40 0.32
02 23 30.63 61.31 420.48 0.31
02 24 30.81 61.62 421.56 0.31
02 25 30.98 61.93 422.64 0.30
02 26 31.15 62.23 423.61 0.30
02 27 31.32 62.54 424.57 0.30
02 28 31.49 62.85 425.53 0.29
02 29 31.66 63.15 426.49 0.29
02 30 31.84 63.46 427.45 0.28
02 31 32.01 63.76 428.42 0.28
02 32 32.18 64.07 429.50 0.28
02 33 32.35 64.37 430.58 0.27
02 34 32.52 64.67 431.66 0.27
02 35 32.69 64.97 432.74 0.26
02 36 32.87 65.27 433.82 0.26
02 37 33.04 65.57 434.85 0.26
02 38 33.21 65.87 435.69 0.25
02 39 33.38 66.17 436.53 0.25
02 40 33.55 66.47 437.37 0.25
02 41 33.72 66.77 438.21 0.24
02 42 33.90 67.07 439.05 0.24
02 43 34.07 67.36 439.94 0.24
02 44 34.24 67.66 440.90 0.23
02 45 34.41 67.95 441.86 0.23
02 46 34.58 68.25 442.82 0.23
02 47 34.76 68.54 443.78 0.22
02 48 34.93 68.83 444.74 0.22
02 49 35.10 69.13 445.63 0.22
02 50 35.27 69.42 446.47 0.21
02 51 35.44 69.71 447.31 0.21
02 52 35.61 70.00 448.15 0.21
02 53 35.78 70.29 448.99 0.20
02 54 35.96 70.57 449.83 0.20
02 55 36.13 70.86 450.57 0.20
02 56 36.30 71.15 451.29 0.19
02 57 36.47 71.44 452.01 0.19
02 58 36.64 71.72 452.73 0.19
02 59 36.81 72.01 453.45 0.18
03 00 36.98 72.29 454.17 0.18
03 01 37.16 72.57 454.99 0.18
03 02 37.33 72.86 455.83 0.18
03 03 37.50 73.14 456.67 0.17
03 04 37.67 73.42 457.51 0.17
03 05 37.84 73.70 458.34 0.17
03 06 38.01 73.98 459.17 0.17
03 07 38.18 74.26 459.89 0.16
03 08 38.35 74.53 460.60 0.16
03 09 38.52 74.81 461.32 0.16
03 10 38.69 75.09 462.04 0.15
03 11 38.87 75.36 462.75 0.15
03 12 39.04 75.64 463.44 0.15
03 13 39.21 75.91 464.04 0.15
03 14 39.38 76.19 464.63 0.14
03 15 39.55 76.46 465.23 0.14
03 16 39.72 76.73 465.82 0.14
03 17 39.89 77.00 466.42 0.14
03 18 40.06 77.27 467.05 0.13
03 19 40.23 77.54 467.77 0.13
03 20 40.40 77.81 468.48 0.13
03 21 40.57 78.08 469.19 0.13
03 22 40.74 78.34 469.90 0.13
03 23 40.91 78.61 470.61 0.12
03 24 41.08 78.87 471.27 0.12
03 25 41.25 79.14 471.86 0.12
03 26 41.42 79.40 472.46 0.12
03 27 41.59 79.66 473.05 0.11
03 28 41.75 79.93 473.64 0.11
03 29 41.92 80.19 474.23 0.11
03 30 42.09 80.45 474.82 0.11
03 31 42.26 80.71 475.41 0.11
03 32 42.43 80.97 476.00 0.10
03 33 42.60 81.22 476.59 0.10
03 34 42.77 81.48 477.18 0.10
03 35 42.94 81.74 477.76 0.10
03 36 43.10 81.99 478.35 0.10
03 37 43.27 82.25 478.94 0.10
03 38 43.44 82.50 479.53 0.09
03 39 43.61 82.75 480.11 0.09
03 40 43.77 83.00 480.70 0.09
03 41 43.94 83.25 481.28 0.09
03 42 44.11 83.50 481.79 0.09
03 43 44.28 83.75 482.26 0.09
03 44 44.44 84.00 482.73 0.08
03 45 44.61 84.25 483.19 0.08
03 46 44.78 84.50 483.66 0.08
03 47 44.94 84.74 484.12 0.08
03 48 45.11 84.99 484.67 0.08
03 49 45.28 85.23 485.25 0.08
03 50 45.44 85.47 485.83 0.07
03 51 45.61 85.72 486.41 0.07
03 52 45.77 85.96 486.99 0.07
03 53 45.94 86.20 487.57 0.07
03 54 46.11 86.44 488.07 0.07
03 55 46.27 86.68 488.53 0.07
03 56 46.44 86.91 488.99 0.07
03 57 46.60 87.15 489.45 0.06
03 58 46.77 87.39 489.91 0.06
03 59 46.93 87.62 490.37 0.06
04 00 47.09 87.86 490.83 0.06
04 01 47.26 88.09 491.29 0.06
04 02 47.42 88.32 491.75 0.06
04 03 47.58 88.55 492.20 0.06
04 04 47.75 88.78 492.66 0.06
04 05 47.91 89.01 493.12 0.05
04 06 48.07 89.24 493.57 0.05
04 07 48.24 89.47 494.03 0.05
04 08 48.40 89.70 494.48 0.05
04 09 48.56 89.92 494.93 0.05
04 10 48.72 90.15 495.39 0.05
04 11 48.88 90.37 495.84 0.05
04 12 49.05 90.60 496.26 0.05
04 13 49.21 90.82 496.59 0.05
04 14 49.37 91.04 496.93 0.04
04 15 49.53 91.26 497.27 0.04
04 16 49.69 91.48 497.60 0.04
04 17 49.85 91.70 497.94 0.04
04 18 50.01 91.92 498.28 0.04
04 19 50.17 92.14 498.73 0.04
04 20 50.33 92.35 499.17 0.04
04 21 50.49 92.57 499.62 0.04
04 22 50.64 92.78 500.06 0.04
04 23 50.80 93.00 500.50 0.04
04 24 50.96 93.21 500.94 0.04
04 25 51.12 93.42 501.30 0.03
04 26 51.28 93.63 501.63 0.03
04 27 51.43 93.84 501.96 0.03
04 28 51.59 94.05 502.29 0.03
04 29 51.75 94.26 502.62 0.03
