2022 04 22 17 00 -14.75 0.00 0.00
2022 04 22 17 01 -14.83 0.00 0.00
2022 04 22 17 02 -14.92 0.00 0.00
2022 04 22 17 03 -15.00 0.00 0.00
2022 04 22 17 04 -15.08 0.00 0.00
2022 04 22 17 05 -15.16 0.00 0.00
2022 04 22 17 06 -15.24 0.00 0.00
2022 04 22 17 07 -15.32 0.00 0.00
2022 04 22 17 08 -15.40 0.00 0.00
2022 04 22 17 09 -15.47 0.00 0.00
2022 04 22 17 10 -15.55 0.00 0.00
2022 04 22 17 11 -15.63 0.00 0.00
2022 04 22 17 12 -15.70 0.00 0.00
2022 04 22 17 13 -15.78 0.00 0.00
2022 04 22 17 14 -15.85 0.00 0.00
2022 04 22 17 15 -15.93 0.00 0.00
2022 04 22 17 16 -16.00 0.00 0.00
2022 04 22 17 17 -16.07 0.00 0.00
2022 04 22 17 18 -16.15 0.00 0.00
2022 04 22 17 19 -16.22 0.00 0.00
2022 04 22 17 20 -16.29 0.00 0.00
2022 04 22 17 21 -16.36 0.00 0.00
2022 04 22 17 22 -16.43 0.00 0.00
2022 04 22 17 23 -16.50 0.00 0.00
2022 04 22 17 24 -16.57 0.00 0.00
2022 04 22 17 25 -16.64 0.00 0.00
2022 04 22 17 26 -16.70 0.00 0.00
2022 04 22 17 27 -16.77 0.00 0.00
2022 04 22 17 28 -16.84 0.00 0.00
2022 04 22 17 29 -16.90 0.00 0.00
2022 04 22 17 30 -16.97 0.00 0.00
2022 04 22 17 31 -17.03 0.00 0.00
2022 04 22 17 32 -17.09 0.00 0.00
2022 04 22 17 33 -17.16 0.00 0.00
2022 04 22 17 34 -17.22 0.00 0.00
2022 04 22 17 35 -17.28 0.00 0.00
2022 04 22 17 36 -17.34 0.00 0.00
2022 04 22 17 37 -17.40 0.00 0.00
2022 04 22 17 38 -17.46 0.00 0.00
2022 04 22 17 39 -17.52 0.00 0.00
2022 04 22 17 40 -17.58 0.00 0.00
2022 04 22 17 41 -17.64 0.00 0.00
2022 04 22 17 42 -17.69 0.00 0.00
2022 04 22 17 43 -17.75 0.00 0.00
2022 04 22 17 44 -17.80 0.00 0.00
2022 04 22 17 45 -17.86 0.00 0.00
2022 04 22 17 46 -17.91 0.00 0.00
2022 04 22 17 47 -17.97 0.00 0.00
2022 04 22 17 48 -18.02 0.00 0.00
2022 04 22 17 49 -18.07 0.00 0.00
2022 04 22 17 50 -18.12 0.00 0.00
2022 04 22 17 51 -18.17 0.00 0.00
2022 04 22 17 52 -18.22 0.00 0.00
2022 04 22 17 53 -18.27 0.00 0.00
2022 04 22 17 54 -18.32 0.00 0.00
2022 04 22 17 55 -18.37 0.00 0.00
2022 04 22 17 56 -18.42 0.00 0.00
2022 04 22 17 57 -18.47 0.00 0.00
2022 04 22 17 58 -18.51 0.00 0.00
2022 04 22 17 59 -18.56 0.00 0.00
2022 04 22 18 00 -18.60 0.00 0.00
2022 04 22 18 01 -18.65 0.00 0.00
2022 04 22 18 02 -18.69 0.00 0.00
2022 04 22 18 03 -18.73 0.00 0.00
2022 04 22 18 04 -18.77 0.00 0.00
2022 04 22 18 05 -18.81 0.00 0.00
2022 04 22 18 06 -18.86 0.00 0.00
2022 04 22 18 07 -18.90 0.00 0.00
2022 04 22 18 08 -18.93 0.00 0.00
2022 04 22 18 09 -18.97 0.00 0.00
2022 04 22 18 10 -19.01 0.00 0.00
2022 04 22 18 11 -19.05 0.00 0.00
2022 04 22 18 12 -19.08 0.00 0.00
2022 04 22 18 13 -19.12 0.00 0.00
2022 04 22 18 14 -19.15 0.00 0.00
2022 04 22 18 15 -19.19 0.00 0.00
2022 04 22 18 16 -19.22 0.00 0.00
2022 04 22 18 17 -19.26 0.00 0.00
2022 04 22 18 18 -19.29 0.00 0.00
2022 04 22 18 19 -19.32 0.00 0.00
2022 04 22 18 20 -19.35 0.00 0.00
2022 04 22 18 21 -19.38 0.00 0.00
2022 04 22 18 22 -19.41 0.00 0.00
2022 04 22 18 23 -19.44 0.00 0.00
2022 04 22 18 24 -19.47 0.00 0.00
2022 04 22 18 25 -19.49 0.00 0.00
2022 04 22 18 26 -19.52 0.00 0.00
2022 04 22 18 27 -19.54 0.00 0.00
2022 04 22 18 28 -19.57 0.00 0.00
2022 04 22 18 29 -19.59 0.00 0.00
2022 04 22 18 30 -19.62 0.00 0.00
2022 04 22 18 31 -19.64 0.00 0.00
2022 04 22 18 32 -19.66 0.00 0.00
2022 04 22 18 33 -19.68 0.00 0.00
2022 04 22 18 34 -19.70 0.00 0.00
2022 04 22 18 35 -19.72 0.00 0.00
2022 04 22 18 36 -19.74 0.00 0.00
2022 04 22 18 37 -19.76 0.00 0.00
2022 04 22 18 38 -19.78 0.00 0.00
2022 04 22 18 39 -19.80 0.00 0.00
2022 04 22 18 40 -19.81 0.00 0.00
2022 04 22 18 41 -19.83 0.00 0.00
2022 04 22 18 42 -19.84 0.00 0.00
2022 04 22 18 43 -19.86 0.00 0.00
2022 04 22 18 44 -19.87 0.00 0.00
2022 04 22 18 45 -19.88 0.00 0.00
2022 04 22 18 46 -19.89 0.00 0.00
2022 04 22 18 47 -19.91 0.00 0.00
2022 04 22 18 48 -19.92 0.00 0.00
2022 04 22 18 49 -19.93 0.00 0.00
2022 04 22 18 50 -19.94 0.00 0.00
2022 04 22 18 51 -19.94 0.00 0.00
2022 04 22 18 52 -19.95 0.00 0.00
2022 04 22 18 53 -19.96 0.00 0.00
2022 04 22 18 54 -19.96 0.00 0.00
2022 04 22 18 55 -19.97 0.00 0.00
2022 04 22 18 56 -19.97 0.00 0.00
2022 04 22 18 57 -19.98 0.00 0.00
2022 04 22 18 58 -19.98 0.00 0.00
2022 04 22 18 59 -19.98 0.00 0.00
2022 04 22 19 00 -19.98 0.00 0.00
2022 04 22 19 01 -19.99 0.00 0.00
2022 04 22 19 02 -19.99 0.00 0.00
2022 04 22 19 03 -19.98 0.00 0.00
2022 04 22 19 04 -19.98 0.00 0.00
2022 04 22 19 05 -19.98 0.00 0.00
2022 04 22 19 06 -19.98 0.00 0.00
2022 04 22 19 07 -19.97 0.00 0.00
2022 04 22 19 08 -19.97 0.00 0.00
2022 04 22 19 09 -19.97 0.00 0.00
2022 04 22 19 10 -19.96 0.00 0.00
2022 04 22 19 11 -19.95 0.00 0.00
2022 04 22 19 12 -19.95 0.00 0.00
2022 04 22 19 13 -19.94 0.00 0.00
2022 04 22 19 14 -19.93 0.00 0.00
2022 04 22 19 15 -19.92 0.00 0.00
2022 04 22 19 16 -19.91 0.00 0.00
2022 04 22 19 17 -19.90 0.00 0.00
2022 04 22 19 18 -19.89 0.00 0.00
2022 04 22 19 19 -19.88 0.00 0.00
2022 04 22 19 20 -19.86 0.00 0.00
2022 04 22 19 21 -19.85 0.00 0.00
2022 04 22 19 22 -19.83 0.00 0.00
2022 04 22 19 23 -19.82 0.00 0.00
2022 04 22 19 24 -19.80 0.00 0.00
2022 04 22 19 25 -19.79 0.00 0.00
2022 04 22 19 26 -19.77 0.00 0.00
2022 04 22 19 27 -19.75 0.00 0.00
2022 04 22 19 28 -19.73 0.00 0.00
2022 04 22 19 29 -19.71 0.00 0.00
2022 04 22 19 30 -19.69 0.00 0.00
2022 04 22 19 31 -19.67 0.00 0.00
2022 04 22 19 32 -19.65 0.00 0.00
2022 04 22 19 33 -19.63 0.00 0.00
2022 04 22 19 34 -19.60 0.00 0.00
2022 04 22 19 35 -19.58 0.00 0.00
2022 04 22 19 36 -19.55 0.00 0.00
2022 04 22 19 37 -19.53 0.00 0.00
2022 04 22 19 38 -19.50 0.00 0.00
2022 04 22 19 39 -19.48 0.00 0.00
2022 04 22 19 40 -19.45 0.00 0.00
2022 04 22 19 41 -19.42 0.00 0.00
2022 04 22 19 42 -19.39 0.00 0.00
2022 04 22 19 43 -19.36 0.00 0.00
2022 04 22 19 44 -19.33 0.00 0.00
2022 04 22 19 45 -19.30 0.00 0.00
2022 04 22 19 46 -19.27 0.00 0.00
2022 04 22 19 47 -19.24 0.00 0.00
2022 04 22 19 48 -19.20 0.00 0.00
2022 04 22 19 49 -19.17 0.00 0.00
2022 04 22 19 50 -19.13 0.00 0.00
2022 04 22 19 51 -19.10 0.00 0.00
2022 04 22 19 52 -19.06 0.00 0.00
2022 04 22 19 53 -19.03 0.00 0.00
2022 04 22 19 54 -18.99 0.00 0.00
2022 04 22 19 55 -18.95 0.00 0.00
2022 04 22 19 56 -18.91 0.00 0.00
2022 04 22 19 57 -18.87 0.00 0.00
2022 04 22 19 58 -18.83 0.00 0.00
2022 04 22 19 59 -18.79 0.00 0.00
2022 04 22 20 00 -18.75 0.00 0.00
2022 04 22 20 01 -18.71 0.00 0.00
2022 04 22 20 02 -18.66 0.00 0.00
2022 04 22 20 03 -18.62 0.00 0.00
2022 04 22 20 04 -18.57 0.00 0.00
2022 04 22 20 05 -18.53 0.00 0.00
2022 04 22 20 06 -18.48 0.00 0.00
2022 04 22 20 07 -18.44 0.00 0.00
2022 04 22 20 08 -18.39 0.00 0.00
2022 04 22 20 09 -18.34 0.00 0.00
2022 04 22 20 10 -18.29 0.00 0.00
2022 04 22 20 11 -18.24 0.00 0.00
2022 04 22 20 12 -18.19 0.00 0.00
2022 04 22 20 13 -18.14 0.00 0.00
2022 04 22 20 14 -18.09 0.00 0.00
2022 04 22 20 15 -18.04 0.00 0.00
2022 04 22 20 16 -17.99 0.00 0.00
2022 04 22 20 17 -17.93 0.00 0.00
2022 04 22 20 18 -17.88 0.00 0.00
2022 04 22 20 19 -17.82 0.00 0.00
2022 04 22 20 20 -17.77 0.00 0.00
2022 04 22 20 21 -17.71 0.00 0.00
2022 04 22 20 22 -17.66 0.00 0.00
2022 04 22 20 23 -17.60 0.00 0.00
2022 04 22 20 24 -17.54 0.00 0.00
2022 04 22 20 25 -17.48 0.00 0.00
2022 04 22 20 26 -17.42 0.00 0.00
2022 04 22 20 27 -17.36 0.00 0.00
2022 04 22 20 28 -17.30 0.00 0.00
2022 04 22 20 29 -17.24 0.00 0.00
2022 04 22 20 30 -17.18 0.00 0.00
2022 04 22 20 31 -17.12 0.00 0.00
2022 04 22 20 32 -17.05 0.00 0.00
2022 04 22 20 33 -16.99 0.00 0.00
2022 04 22 20 34 -16.93 0.00 0.00
2022 04 22 20 35 -16.86 0.00 0.00
2022 04 22 20 36 -16.79 0.00 0.00
2022 04 22 20 37 -16.73 0.00 0.00
2022 04 22 20 38 -16.66 0.00 0.00
2022 04 22 20 39 -16.59 0.00 0.00
2022 04 22 20 40 -16.53 0.00 0.00
2022 04 22 20 41 -16.46 0.00 0.00
2022 04 22 20 42 -16.39 0.00 0.00
2022 04 22 20 43 -16.32 0.00 0.00
2022 04 22 20 44 -16.25 0.00 0.00
2022 04 22 20 45 -16.17 0.00 0.00
2022 04 22 20 46 -16.10 0.00 0.00
2022 04 22 20 47 -16.03 0.00 0.00
2022 04 22 20 48 -15.96 0.00 0.00
2022 04 22 20 49 -15.88 0.00 0.00
2022 04 22 20 50 -15.81 0.00 0.00
2022 04 22 20 51 -15.73 0.00 0.00
2022 04 22 20 52 -15.66 0.00 0.00
2022 04 22 20 53 -15.58 0.00 0.00
2022 04 22 20 54 -15.50 0.00 0.00
2022 04 22 20 55 -15.43 0.00 0.00
2022 04 22 20 56 -15.35 0.00 0.00
2022 04 22 20 57 -15.27 0.00 0.00
2022 04 22 20 58 -15.19 0.00 0.00
2022 04 22 20 59 -15.11 0.00 0.00
2022 04 22 21 00 -15.03 0.00 0.00
2022 04 22 21 01 -14.95 0.00 0.00
2022 04 22 21 02 -14.87 0.00 0.00
2022 04 22 21 03 -14.78 0.00 0.00
2022 04 22 21 04 -14.70 0.00 0.00
2022 04 22 21 05 -14.62 0.00 0.00
2022 04 22 21 06 -14.53 0.00 0.00
2022 04 22 21 07 -14.45 0.00 0.00
2022 04 22 21 08 -14.36 0.00 0.00
2022 04 22 21 09 -14.28 0.00 0.00
2022 04 22 21 10 -14.19 0.00 0.00
2022 04 22 21 11 -14.10 0.00 0.00
2022 04 22 21 12 -14.02 0.00 0.00
2022 04 22 21 13 -13.93 0.00 0.00
2022 04 22 21 14 -13.84 0.00 0.00
2022 04 22 21 15 -13.75 0.00 0.00
2022 04 22 21 16 -13.66 0.00 0.00
2022 04 22 21 17 -13.57 0.00 0.00
2022 04 22 21 18 -13.48 0.00 0.00
2022 04 22 21 19 -13.39 0.00 0.00
2022 04 22 21 20 -13.30 0.00 0.00
2022 04 22 21 21 -13.20 0.00 0.00
2022 04 22 21 22 -13.11 0.00 0.00
2022 04 22 21 23 -13.02 0.00 0.00
2022 04 22 21 24 -12.92 0.00 0.00
2022 04 22 21 25 -12.83 0.00 0.00
2022 04 22 21 26 -12.73 0.00 0.00
2022 04 22 21 27 -12.64 0.00 0.00
2022 04 22 21 28 -12.54 0.00 0.00
2022 04 22 21 29 -12.44 0.00 0.00
2022 04 22 21 30 -12.35 0.00 0.00
2022 04 22 21 31 -12.25 0.00 0.00
2022 04 22 21 32 -12.15 0.00 0.00
2022 04 22 21 33 -12.05 0.00 0.00
2022 04 22 21 34 -11.95 0.00 0.00
2022 04 22 21 35 -11.85 0.00 0.00
2022 04 22 21 36 -11.75 0.00 0.00
2022 04 22 21 37 -11.65 0.00 0.00
2022 04 22 21 38 -11.55 0.00 0.00
2022 04 22 21 39 -11.45 0.00 0.00
2022 04 22 21 40 -11.34 0.00 0.00
2022 04 22 21 41 -11.24 0.00 0.00
2022 04 22 21 42 -11.14 0.00 0.00
2022 04 22 21 43 -11.03 0.00 0.00
2022 04 22 21 44 -10.93 0.00 0.00
2022 04 22 21 45 -10.82 0.00 0.00
2022 04 22 21 46 -10.72 0.00 0.00
2022 04 22 21 47 -10.61 0.00 0.00
2022 04 22 21 48 -10.51 0.00 0.00
2022 04 22 21 49 -10.40 0.00 0.00
2022 04 22 21 50 -10.29 0.00 0.00
2022 04 22 21 51 -10.18 0.00 0.00
2022 04 22 21 52 -10.08 0.00 0.00
2022 04 22 21 53 -9.97 0.00 0.00
2022 04 22 21 54 -9.86 0.00 0.00
2022 04 22 21 55 -9.75 0.00 0.00
2022 04 22 21 56 -9.64 0.00 0.00
2022 04 22 21 57 -9.53 0.00 0.00
2022 04 22 21 58 -9.41 0.00 0.00
2022 04 22 21 59 -9.30 0.00 0.00
2022 04 22 22 00 -9.19 0.00 0.00
2022 04 22 22 01 -9.08 0.00 0.00
2022 04 22 22 02 -8.97 0.00 0.00
2022 04 22 22 03 -8.85 0.00 0.00
2022 04 22 22 04 -8.74 0.00 0.00
2022 04 22 22 05 -8.62 0.00 0.00
2022 04 22 22 06 -8.51 0.00 0.00
2022 04 22 22 07 -8.39 0.00 0.00
2022 04 22 22 08 -8.28 0.00 0.00
2022 04 22 22 09 -8.16 0.00 0.00
2022 04 22 22 10 -8.04 0.00 0.00
2022 04 22 22 11 -7.93 0.00 0.00
2022 04 22 22 12 -7.81 0.00 0.00
2022 04 22 22 13 -7.69 0.00 0.00
2022 04 22 22 14 -7.57 0.00 0.00
2022 04 22 22 15 -7.45 0.00 0.00
2022 04 22 22 16 -7.33 0.00 0.00
2022 04 22 22 17 -7.21 0.00 0.00
2022 04 22 22 18 -7.09 0.00 0.00
2022 04 22 22 19 -6.97 0.00 0.00
2022 04 22 22 20 -6.85 0.00 0.00
2022 04 22 22 21 -6.73 0.00 0.00
2022 04 22 22 22 -6.61 0.00 0.00
2022 04 22 22 23 -6.49 0.00 0.00
2022 04 22 22 24 -6.36 0.00 0.00
2022 04 22 22 25 -6.24 0.00 0.00
2022 04 22 22 26 -6.12 0.00 0.00
2022 04 22 22 27 -5.99 0.00 0.00
2022 04 22 22 28 -5.87 0.00 0.00
2022 04 22 22 29 -5.74 0.00 0.00
2022 04 22 22 30 -5.62 0.00 0.00
2022 04 22 22 31 -5.49 0.00 0.00
2022 04 22 22 32 -5.37 0.00 0.00
2022 04 22 22 33 -5.24 0.00 0.00
2022 04 22 22 34 -5.12 0.00 0.00
2022 04 22 22 35 -4.99 0.00 0.00
2022 04 22 22 36 -4.86 0.00 0.00
2022 04 22 22 37 -4.73 0.00 0.00
2022 04 22 22 38 -4.60 0.00 0.00
2022 04 22 22 39 -4.48 0.00 0.00
2022 04 22 22 40 -4.35 0.00 0.00
2022 04 22 22 41 -4.22 0.00 0.00
2022 04 22 22 42 -4.09 0.00 0.00
2022 04 22 22 43 -3.96 0.00 0.00
2022 04 22 22 44 -3.83 0.00 0.00
2022 04 22 22 45 -3.70 0.00 0.00
2022 04 22 22 46 -3.56 0.00 0.00
2022 04 22 22 47 -3.43 0.00 0.00
2022 04 22 22 48 -3.30 0.00 0.00
2022 04 22 22 49 -3.17 0.00 0.00
2022 04 22 22 50 -3.04 0.00 0.00
2022 04 22 22 51 -2.90 0.00 0.00
2022 04 22 22 52 -2.77 0.00 0.00
2022 04 22 22 53 -2.64 0.00 0.00
2022 04 22 22 54 -2.50 0.00 0.00
2022 04 22 22 55 -2.37 0.00 0.00
2022 04 22 22 56 -2.23 0.00 0.00
2022 04 22 22 57 -2.10 0.00 0.00
2022 04 22 22 58 -1.96 0.00 0.00
2022 04 22 22 59 -1.83 0.00 0.00
2022 04 22 23 00 -1.69 0.00 0.00
2022 04 22 23 01 -1.55 0.00 0.00
2022 04 22 23 02 -1.42 0.00 0.00
2022 04 22 23 03 -1.28 0.00 0.00
2022 04 22 23 04 -1.14 0.00 0.00
2022 04 22 23 05 -1.00 0.00 0.00
2022 04 22 23 06 -0.87 0.00 0.00
2022 04 22 23 07 -0.73 0.00 0.00
2022 04 22 23 08 -0.59 0.00 0.00
2022 04 22 23 09 -0.45 0.00 0.00
2022 04 22 23 10 -0.31 0.00 0.00
2022 04 22 23 11 -0.17 0.00 0.00
2022 04 22 23 12 -0.03 0.00 0.00
2022 04 22 23 13 0.11 0.00 0.00
2022 04 22 23 14 0.25 0.00 0.00
2022 04 22 23 15 0.39 0.00 0.00
2022 04 22 23 16 0.53 0.00 0.00
2022 04 22 23 17 0.68 0.00 0.00
2022 04 22 23 18 0.82 0.00 0.00
2022 04 22 23 19 0.96 0.00 0.00
2022 04 22 23 20 1.10 0.00 0.00
2022 04 22 23 21 1.25 0.00 0.00
2022 04 22 23 22 1.39 0.00 0.00
2022 04 22 23 23 1.53 0.00 0.00
2022 04 22 23 24 1.68 0.00 0.00
2022 04 22 23 25 1.82 0.00 0.00
2022 04 22 23 26 1.97 0.00 0.00
2022 04 22 23 27 2.11 0.00 0.00
2022 04 22 23 28 2.25 0.00 0.00
2022 04 22 23 29 2.40 0.00 0.00
2022 04 22 23 30 2.55 0.00 0.00
2022 04 22 23 31 2.69 0.00 0.00
2022 04 22 23 32 2.84 0.00 0.00
2022 04 22 23 33 2.98 0.00 0.00
2022 04 22 23 34 3.13 0.00 0.00
2022 04 22 23 35 3.28 0.00 0.00
2022 04 22 23 36 3.42 0.00 0.00
2022 04 22 23 37 3.57 0.00 0.00
2022 04 22 23 38 3.72 0.00 0.00
2022 04 22 23 39 3.87 0.00 0.00
2022 04 22 23 40 4.02 0.00 0.00
2022 04 22 23 41 4.16 0.00 0.00
2022 04 22 23 42 4.31 0.00 0.00
2022 04 22 23 43 4.46 0.00 0.00
2022 04 22 23 44 4.61 0.00 0.00
2022 04 22 23 45 4.76 0.00 0.00
2022 04 22 23 46 4.91 0.00 0.00
2022 04 22 23 47 5.06 0.00 0.00
2022 04 22 23 48 5.21 0.00 0.00
2022 04 22 23 49 5.36 0.00 0.00
2022 04 22 23 50 5.51 0.00 0.00
2022 04 22 23 51 5.66 0.00 0.00
2022 04 22 23 52 5.82 0.00 0.00
2022 04 22 23 53 5.97 0.00 0.00
2022 04 22 23 54 6.12 0.00 0.00
2022 04 22 23 55 6.27 0.00 0.00
2022 04 22 23 56 6.42 0.00 0.00
2022 04 22 23 57 6.58 0.00 0.00
2022 04 22 23 58 6.73 0.00 0.00
2022 04 22 23 59 6.88 0.00 0.00
2022 04 23 00 00 7.04 0.00 0.00
2022 04 23 00 01 7.19 0.00 0.00
2022 04 23 00 02 7.34 0.00 0.00
2022 04 23 00 03 7.50 0.00 0.00
2022 04 23 00 04 7.65 0.00 0.00
2022 04 23 00 05 7.81 0.00 0.00
2022 04 23 00 06 7.96 0.00 0.00
2022 04 23 00 07 8.12 0.00 0.00
2022 04 23 00 08 8.27 0.00 0.00
2022 04 23 00 09 8.43 0.00 0.00
2022 04 23 00 10 8.58 0.00 0.00
2022 04 23 00 11 8.74 0.00 0.00
2022 04 23 00 12 8.89 0.00 0.00
2022 04 23 00 13 9.05 0.00 0.00
2022 04 23 00 14 9.21 0.00 0.00
2022 04 23 00 15 9.36 0.00 0.00
2022 04 23 00 16 9.52 0.00 0.00
2022 04 23 00 17 9.68 0.00 0.00
2022 04 23 00 18 9.83 0.00 0.00
2022 04 23 00 19 9.99 0.00 0.00
2022 04 23 00 20 10.15 21.24 20.51
2022 04 23 00 21 10.31 21.54 20.60
2022 04 23 00 22 10.47 21.84 20.69
2022 04 23 00 23 10.62 22.15 20.77
2022 04 23 00 24 10.78 22.45 20.86
2022 04 23 00 25 10.94 22.76 20.95
2022 04 23 00 26 11.10 23.07 21.04
2022 04 23 00 27 11.26 23.38 21.13
2022 04 23 00 28 11.42 23.69 21.22
2022 04 23 00 29 11.58 24.00 21.31
2022 04 23 00 30 11.74 24.32 21.39
2022 04 23 00 31 11.90 24.63 21.48
2022 04 23 00 32 12.06 24.95 21.57
2022 04 23 00 33 12.22 25.27 21.66
2022 04 23 00 34 12.38 25.59 21.75
2022 04 23 00 35 12.54 25.91 21.84
2022 04 23 00 36 12.70 26.23 21.93
2022 04 23 00 37 12.86 26.56 22.02
2022 04 23 00 38 13.02 26.88 22.11
2022 04 23 00 39 13.18 27.20 22.19
2022 04 23 00 40 13.34 27.53 22.28
2022 04 23 00 41 13.51 27.86 22.37
2022 04 23 00 42 13.67 28.18 22.46
2022 04 23 00 43 13.83 28.51 22.55
2022 04 23 00 44 13.99 28.84 22.64
2022 04 23 00 45 14.15 29.17 22.73
2022 04 23 00 46 14.32 29.50 22.82
2022 04 23 00 47 14.48 29.83 22.91
2022 04 23 00 48 14.64 30.16 23.00
2022 04 23 00 49 14.80 30.49 23.09
2022 04 23 00 50 14.97 30.82 23.18
2022 04 23 00 51 15.13 31.16 23.26
2022 04 23 00 52 15.29 31.49 23.35
2022 04 23 00 53 15.46 31.82 23.44
2022 04 23 00 54 15.62 32.16 23.53
2022 04 23 00 55 15.78 32.49 23.62
2022 04 23 00 56 15.95 32.82 23.71
2022 04 23 00 57 16.11 33.16 23.80
2022 04 23 00 58 16.28 33.49 23.89
2022 04 23 00 59 16.44 33.83 23.98
2022 04 23 01 00 16.61 34.16 24.07
2022 04 23 01 01 16.77 34.50 24.16
2022 04 23 01 02 16.94 34.83 24.25
2022 04 23 01 03 17.10 35.17 24.34
2022 04 23 01 04 17.27 35.50 24.43
2022 04 23 01 05 17.43 35.84 24.52
2022 04 23 01 06 17.60 36.17 24.61
2022 04 23 01 07 17.76 36.51 24.70
2022 04 23 01 08 17.93 36.85 24.79
2022 04 23 01 09 18.09 37.18 24.88
2022 04 23 01 10 18.26 37.52 24.97
2022 04 23 01 11 18.43 37.85 25.06
2022 04 23 01 12 18.59 38.19 25.15
2022 04 23 01 13 18.76 38.52 25.24
2022 04 23 01 14 18.93 38.86 25.33
2022 04 23 01 15 19.09 39.20 25.42
2022 04 23 01 16 19.26 39.53 25.51
2022 04 23 01 17 19.43 39.87 25.60
2022 04 23 01 18 19.59 40.20 25.70
2022 04 23 01 19 19.76 40.54 25.79
2022 04 23 01 20 19.93 40.87 25.88
2022 04 23 01 21 20.09 41.21 25.97
2022 04 23 01 22 20.26 41.54 26.06
2022 04 23 01 23 20.43 41.88 26.15
2022 04 23 01 24 20.60 42.21 26.24
2022 04 23 01 25 20.76 42.55 26.33
2022 04 23 01 26 20.93 42.88 26.42
2022 04 23 01 27 21.10 43.21 26.51
2022 04 23 01 28 21.27 43.55 26.61
2022 04 23 01 29 21.44 43.88 26.70
2022 04 23 01 30 21.61 44.21 26.79
2022 04 23 01 31 21.77 44.55 26.88
2022 04 23 01 32 21.94 44.88 26.97
2022 04 23 01 33 22.11 45.21 27.06
2022 04 23 01 34 22.28 45.54 27.16
2022 04 23 01 35 22.45 45.88 27.25
2022 04 23 01 36 22.62 46.21 27.34
2022 04 23 01 37 22.79 46.54 27.43
2022 04 23 01 38 22.95 46.87 27.52
2022 04 23 01 39 23.12 47.20 27.62
2022 04 23 01 40 23.29 47.53 27.71
2022 04 23 01 41 23.46 47.86 27.80
2022 04 23 01 42 23.63 48.19 27.89
2022 04 23 01 43 23.80 48.52 27.99
2022 04 23 01 44 23.97 48.85 28.08
2022 04 23 01 45 24.14 49.18 28.17
2022 04 23 01 46 24.31 49.50 28.27
2022 04 23 01 47 24.48 49.83 28.36
2022 04 23 01 48 24.65 50.16 28.45
2022 04 23 01 49 24.82 50.49 28.55
2022 04 23 01 50 24.99 50.81 28.64
2022 04 23 01 51 25.16 51.14 28.73
2022 04 23 01 52 25.33 51.46 28.83
2022 04 23 01 53 25.50 51.79 28.92
2022 04 23 01 54 25.67 52.11 29.01
2022 04 23 01 55 25.84 52.44 29.11
2022 04 23 01 56 26.01 52.76 29.20
2022 04 23 01 57 26.18 53.09 29.29
2022 04 23 01 58 26.35 53.41 29.39
2022 04 23 01 59 26.52 53.73 29.48
2022 04 23 02 00 26.69 54.05 29.58
2022 04 23 02 01 26.87 54.37 29.67
2022 04 23 02 02 27.04 54.70 29.77
2022 04 23 02 03 27.21 55.02 29.86
2022 04 23 02 04 27.38 55.34 29.96
2022 04 23 02 05 27.55 55.65 30.05
2022 04 23 02 06 27.72 55.97 30.15
2022 04 23 02 07 27.89 56.29 30.24
2022 04 23 02 08 28.06 56.61 30.34
2022 04 23 02 09 28.23 56.93 30.43
2022 04 23 02 10 28.40 57.24 30.53
2022 04 23 02 11 28.58 57.56 30.62
2022 04 23 02 12 28.75 57.88 30.72
2022 04 23 02 13 28.92 58.19 30.82
2022 04 23 02 14 29.09 58.51 30.91
2022 04 23 02 15 29.26 58.82 31.01
2022 04 23 02 16 29.43 59.13 31.10
2022 04 23 02 17 29.60 59.45 31.20
2022 04 23 02 18 29.78 59.76 31.30
2022 04 23 02 19 29.95 60.07 31.39
2022 04 23 02 20 30.12 60.38 31.49
2022 04 23 02 21 30.29 60.69 31.59
2022 04 23 02 22 30.46 61.00 31.69
2022 04 23 02 23 30.63 61.31 31.78
2022 04 23 02 24 30.81 61.62 31.88
2022 04 23 02 25 30.98 61.93 31.98
2022 04 23 02 26 31.15 62.23 32.08
2022 04 23 02 27 31.32 62.54 32.17
2022 04 23 02 28 31.49 62.85 32.27
2022 04 23 02 29 31.66 63.15 32.37
2022 04 23 02 30 31.84 63.46 32.47
2022 04 23 02 31 32.01 63.76 32.57
2022 04 23 02 32 32.18 64.07 32.67
2022 04 23 02 33 32.35 64.37 32.76
2022 04 23 02 34 32.52 64.67 32.86
2022 04 23 02 35 32.69 64.97 32.96
2022 04 23 02 36 32.87 65.27 33.06
2022 04 23 02 37 33.04 65.57 33.16
2022 04 23 02 38 33.21 65.87 33.26
2022 04 23 02 39 33.38 66.17 33.36
2022 04 23 02 40 33.55 66.47 33.46
2022 04 23 02 41 33.72 66.77 33.56
2022 04 23 02 42 33.90 67.07 33.66
2022 04 23 02 43 34.07 67.36 33.76
2022 04 23 02 44 34.24 67.66 33.86
2022 04 23 02 45 34.41 67.95 33.96
2022 04 23 02 46 34.58 68.25 34.06
2022 04 23 02 47 34.76 68.54 34.16
2022 04 23 02 48 34.93 68.83 34.26
2022 04 23 02 49 35.10 69.13 34.36
2022 04 23 02 50 35.27 69.42 34.46
2022 04 23 02 51 35.44 69.71 34.56
2022 04 23 02 52 35.61 70.00 34.66
2022 04 23 02 53 35.78 70.29 34.77
2022 04 23 02 54 35.96 70.57 34.87
2022 04 23 02 55 36.13 70.86 34.97
2022 04 23 02 56 36.30 71.15 35.07
2022 04 23 02 57 36.47 71.44 35.17
2022 04 23 02 58 36.64 71.72 35.27
2022 04 23 02 59 36.81 72.01 35.38
2022 04 23 03 00 36.98 72.29 35.48
2022 04 23 03 01 37.16 72.57 35.58
2022 04 23 03 02 37.33 72.86 35.68
2022 04 23 03 03 37.50 73.14 35.78
2022 04 23 03 04 37.67 73.42 35.89
2022 04 23 03 05 37.84 73.70 35.99
2022 04 23 03 06 38.01 73.98 36.09
2022 04 23 03 07 38.18 74.26 36.20
2022 04 23 03 08 38.35 74.53 36.30
2022 04 23 03 09 38.52 74.81 36.40
2022 04 23 03 10 38.69 75.09 36.50
2022 04 23 03 11 38.87 75.36 36.61
2022 04 23 03 12 39.04 75.64 36.71
2022 04 23 03 13 39.21 75.91 36.81
2022 04 23 03 14 39.38 76.19 36.91
2022 04 23 03 15 39.55 76.46 37.02
2022 04 23 03 16 39.72 76.73 37.12
2022 04 23 03 17 39.89 77.00 37.22
2022 04 23 03 18 40.06 77.27 37.33
2022 04 23 03 19 40.23 77.54 37.43
2022 04 23 03 20 40.40 77.81 37.53
2022 04 23 03 21 40.57 78.08 37.64
2022 04 23 03 22 40.74 78.34 37.74
2022 04 23 03 23 40.91 78.61 37.84
2022 04 23 03 24 41.08 78.87 37.94
2022 04 23 03 25 41.25 79.14 38.05
2022 04 23 03 26 41.42 79.40 38.15
2022 04 23 03 27 41.59 79.66 38.25
2022 04 23 03 28 41.75 79.93 38.35
2022 04 23 03 29 41.92 80.19 38.45
2022 04 23 03 30 42.09 80.45 38.56
2022 04 23 03 31 42.26 80.71 38.66
2022 04 23 03 32 42.43 80.97 38.76
2022 04 23 03 33 42.60 81.22 38.86
2022 04 23 03 34 42.77 81.48 38.96
2022 04 23 03 35 42.94 81.74 39.06
2022 04 23 03 36 43.10 81.99 39.16
2022 04 23 03 37 43.27 82.25 39.26
2022 04 23 03 38 43.44 82.50 39.36
2022 04 23 03 39 43.61 82.75 39.46
2022 04 23 03 40 43.77 83.00 39.55
2022 04 23 03 41 43.94 83.25 39.65
2022 04 23 03 42 44.11 83.50 39.75
2022 04 23 03 43 44.28 83.75 39.85
2022 04 23 03 44 44.44 84.00 39.94
2022 04 23 03 45 44.61 84.25 40.04
2022 04 23 03 46 44.78 84.50 40.13
2022 04 23 03 47 44.94 84.74 40.22
2022 04 23 03 48 45.11 84.99 40.32
2022 04 23 03 49 45.28 85.23 40.41
2022 04 23 03 50 45.44 85.47 40.50
2022 04 23 03 51 45.61 85.72 40.59
2022 04 23 03 52 45.77 85.96 40.68
2022 04 23 03 53 45.94 86.20 40.77
2022 04 23 03 54 46.11 86.44 40.85
2022 04 23 03 55 46.27 86.68 40.94
2022 04 23 03 56 46.44 86.91 41.02
2022 04 23 03 57 46.60 87.15 41.10
2022 04 23 03 58 46.77 87.39 41.18
2022 04 23 03 59 46.93 87.62 41.26
2022 04 23 04 00 47.09 87.86 41.34
2022 04 23 04 01 47.26 88.09 41.41
2022 04 23 04 02 47.42 88.32 41.48
2022 04 23 04 03 47.58 88.55 41.55
2022 04 23 04 04 47.75 88.78 41.62
2022 04 23 04 05 47.91 89.01 41.69
2022 04 23 04 06 48.07 89.24 41.75
2022 04 23 04 07 48.24 89.47 41.81
2022 04 23 04 08 48.40 89.70 41.86
2022 04 23 04 09 48.56 89.92 41.92
2022 04 23 04 10 48.72 90.15 41.97
2022 04 23 04 11 48.88 90.37 42.01
2022 04 23 04 12 49.05 90.60 42.05
2022 04 23 04 13 49.21 90.82 42.09
2022 04 23 04 14 49.37 91.04 42.12
2022 04 23 04 15 49.53 91.26 42.15
2022 04 23 04 16 49.69 91.48 42.17
2022 04 23 04 17 49.85 91.70 42.18
2022 04 23 04 18 50.01 91.92 42.19
2022 04 23 04 19 50.17 92.14 42.19
2022 04 23 04 20 50.33 92.35 42.19
2022 04 23 04 21 50.49 92.57 42.17
2022 04 23 04 22 50.64 92.78 42.15
2022 04 23 04 23 50.80 93.00 42.12
2022 04 23 04 24 50.96 93.21 42.08
2022 04 23 04 25 51.12 93.42 42.03
2022 04 23 04 26 51.28 93.63 41.96
2022 04 23 04 27 51.43 93.84 41.89
2022 04 23 04 28 51.59 94.05 41.80
2022 04 23 04 29 51.75 94.26 41.69
2022 04 23 04 30 51.90 0.00 0.00
2022 04 23 04 31 52.06 0.00 0.00
2022 04 23 04 32 52.21 0.00 0.00
2022 04 23 04 33 52.37 0.00 0.00
2022 04 23 04 34 52.52 0.00 0.00
2022 04 23 04 35 52.68 0.00 0.00
2022 04 23 04 36 52.83 0.00 0.00
2022 04 23 04 37 52.98 0.00 0.00
2022 04 23 04 38 53.14 0.00 0.00
2022 04 23 04 39 53.29 0.00 0.00
2022 04 23 04 40 53.44 0.00 0.00
2022 04 23 04 41 53.59 0.00 0.00
2022 04 23 04 42 53.75 0.00 0.00
2022 04 23 04 43 53.90 0.00 0.00
2022 04 23 04 44 54.05 0.00 0.00
2022 04 23 04 45 54.20 0.00 0.00
2022 04 23 04 46 54.35 0.00 0.00
2022 04 23 04 47 54.50 0.00 0.00
2022 04 23 04 48 54.65 0.00 0.00
2022 04 23 04 49 54.79 0.00 0.00
2022 04 23 04 50 54.94 0.00 0.00
2022 04 23 04 51 55.09 0.00 0.00
2022 04 23 04 52 55.24 0.00 0.00
2022 04 23 04 53 55.38 0.00 0.00
2022 04 23 04 54 55.53 0.00 0.00
2022 04 23 04 55 55.67 0.00 0.00
2022 04 23 04 56 55.82 0.00 0.00
2022 04 23 04 57 55.96 0.00 0.00
2022 04 23 04 58 56.11 0.00 0.00
2022 04 23 04 59 56.25 0.00 0.00
