# Time, baseline, baseline error
4.466654822717094794e+04 1.161525769230769356e+02 1.398030683818990982e-01
4.466657230129644449e+04 1.165049230769230775e+02 6.545105221985611510e-02
4.466659637538822426e+04 1.166105961538461173e+02 9.991842086626059535e-03
4.466662045914882037e+04 1.164784615384615449e+02 7.367769246429832497e-02
4.466664454123840551e+04 1.160966923076923081e+02 1.478585002449117614e-01
4.466732024662585172e+04 9.306318949343341274e+01 3.647152369828432050e+00
4.466735246107323474e+04 9.935084427767354498e+01 1.247733494956850375e+00
4.466737714057227276e+04 1.033522138836772939e+02 1.064517425938247053e+00
4.466740184470678651e+04 1.067281988742964387e+02 8.884734794443955863e-01
4.466742725606226304e+04 1.095778236397748628e+02 7.169911534411216314e-01
4.466745195403281832e+04 1.117871294559099340e+02 5.629160676234368221e-01
4.466747663006048242e+04 1.134946153846153862e+02 4.274204799786172071e-01
4.466750130611191707e+04 1.147682551594746911e+02 3.107567393134499922e-01
4.466752598805916932e+04 1.156678799249530840e+02 2.115603795902659956e-01
4.466755067795119248e+04 1.162493621013133236e+02 1.268582929143295124e-01
4.466757538018430932e+04 1.165520075046904367e+02 5.066447719552379103e-02
4.466760006182722282e+04 1.165983489681050287e+02 2.436230178916271721e-02
4.466762477269783994e+04 1.163930956848030007e+02 9.716615158209170044e-02
4.466764949335282290e+04 1.159185928705440887e+02 1.785865110749239315e-01
4.466767418815485144e+04 1.151420075046904401e+02 2.718360612967917755e-01
4.466826257513983728e+04 8.037041304347826554e+01 5.295965326778354409e+00
4.466829334939557884e+04 8.789906521739131051e+01 1.416574172802482767e+00
4.466831467346515274e+04 9.259382608695651129e+01 1.293979929021609632e+00
4.466833599836331268e+04 9.685545652173915698e+01 1.167211470846161836e+00
