2022 04 22 17 00 31.80 69.28 0.00
2022 04 22 17 01 31.91 69.46 0.00
2022 04 22 17 02 32.02 69.64 0.00
2022 04 22 17 03 32.13 69.83 0.00
2022 04 22 17 04 32.24 70.01 0.00
2022 04 22 17 05 32.35 70.19 0.00
2022 04 22 17 06 32.46 70.38 0.00
2022 04 22 17 07 32.57 70.56 0.00
2022 04 22 17 08 32.68 70.75 0.00
2022 04 22 17 09 32.79 70.93 0.00
2022 04 22 17 10 32.90 71.11 0.00
2022 04 22 17 11 33.00 71.30 0.00
2022 04 22 17 12 33.11 71.48 0.00
2022 04 22 17 13 33.22 71.66 0.00
2022 04 22 17 14 33.33 71.85 0.00
2022 04 22 17 15 33.44 72.03 0.00
2022 04 22 17 16 33.55 72.22 0.00
2022 04 22 17 17 33.66 72.40 0.00
2022 04 22 17 18 33.76 72.58 0.00
2022 04 22 17 19 33.87 72.77 0.00
2022 04 22 17 20 33.98 72.95 0.00
2022 04 22 17 21 34.09 73.13 0.00
2022 04 22 17 22 34.20 73.32 0.00
2022 04 22 17 23 34.30 73.50 0.00
2022 04 22 17 24 34.41 73.68 0.00
2022 04 22 17 25 34.52 73.86 0.00
2022 04 22 17 26 34.63 74.05 0.00
2022 04 22 17 27 34.73 74.23 0.00
2022 04 22 17 28 34.84 74.41 0.00
2022 04 22 17 29 34.95 74.59 0.00
2022 04 22 17 30 35.05 74.78 0.00
2022 04 22 17 31 35.16 74.96 0.00
2022 04 22 17 32 35.27 75.14 0.00
2022 04 22 17 33 35.37 75.32 0.00
2022 04 22 17 34 35.48 75.50 0.00
2022 04 22 17 35 35.58 75.68 0.00
2022 04 22 17 36 35.69 75.86 0.00
2022 04 22 17 37 35.79 76.05 0.00
2022 04 22 17 38 35.90 76.23 0.00
2022 04 22 17 39 36.00 76.41 0.00
2022 04 22 17 40 36.11 76.59 0.00
2022 04 22 17 41 36.21 76.77 0.00
2022 04 22 17 42 36.32 76.95 0.00
2022 04 22 17 43 36.42 77.13 0.00
2022 04 22 17 44 36.53 77.31 0.00
2022 04 22 17 45 36.63 77.49 0.00
2022 04 22 17 46 36.73 77.67 0.00
2022 04 22 17 47 36.84 77.84 0.00
2022 04 22 17 48 36.94 78.02 0.00
2022 04 22 17 49 37.04 78.20 0.00
2022 04 22 17 50 37.15 78.38 0.00
2022 04 22 17 51 37.25 78.56 0.00
2022 04 22 17 52 37.35 78.74 0.00
2022 04 22 17 53 37.46 78.91 0.00
2022 04 22 17 54 37.56 79.09 0.00
2022 04 22 17 55 37.66 79.27 0.00
2022 04 22 17 56 37.76 79.44 0.00
2022 04 22 17 57 37.86 79.62 0.00
2022 04 22 17 58 37.96 79.80 0.00
2022 04 22 17 59 38.06 79.97 0.00
2022 04 22 18 00 38.17 80.15 0.00
2022 04 22 18 01 38.27 80.32 0.00
2022 04 22 18 02 38.37 80.50 0.00
2022 04 22 18 03 38.47 80.68 0.00
2022 04 22 18 04 38.57 80.85 0.00
2022 04 22 18 05 38.67 81.02 0.00
2022 04 22 18 06 38.77 81.20 0.00
2022 04 22 18 07 38.86 81.37 0.00
2022 04 22 18 08 38.96 81.55 0.00
2022 04 22 18 09 39.06 81.72 0.00
2022 04 22 18 10 39.16 81.89 0.00
2022 04 22 18 11 39.26 82.06 0.00
2022 04 22 18 12 39.36 82.24 0.00
2022 04 22 18 13 39.45 82.41 0.00
2022 04 22 18 14 39.55 82.58 0.00
2022 04 22 18 15 39.65 82.75 0.00
2022 04 22 18 16 39.74 82.92 0.00
2022 04 22 18 17 39.84 83.09 0.00
2022 04 22 18 18 39.94 83.26 0.00
2022 04 22 18 19 40.03 83.43 0.00
2022 04 22 18 20 40.13 83.60 0.00
2022 04 22 18 21 40.22 83.77 0.00
2022 04 22 18 22 40.32 83.94 0.00
2022 04 22 18 23 40.41 84.11 0.00
2022 04 22 18 24 40.51 84.28 0.00
2022 04 22 18 25 40.60 84.45 0.00
2022 04 22 18 26 40.70 84.61 0.00
2022 04 22 18 27 40.79 84.78 0.00
2022 04 22 18 28 40.88 84.95 0.00
2022 04 22 18 29 40.98 85.11 0.00
2022 04 22 18 30 41.07 85.28 0.00
2022 04 22 18 31 41.16 85.44 0.00
2022 04 22 18 32 41.25 85.61 0.00
2022 04 22 18 33 41.35 85.77 0.00
2022 04 22 18 34 41.44 85.94 0.00
2022 04 22 18 35 41.53 86.10 0.00
2022 04 22 18 36 41.62 86.27 0.00
2022 04 22 18 37 41.71 86.43 0.00
2022 04 22 18 38 41.80 86.59 0.00
2022 04 22 18 39 41.89 86.76 0.00
2022 04 22 18 40 41.98 86.92 0.00
2022 04 22 18 41 42.07 87.08 0.00
2022 04 22 18 42 42.16 87.24 0.00
2022 04 22 18 43 42.25 87.40 0.00
2022 04 22 18 44 42.33 87.56 0.00
2022 04 22 18 45 42.42 87.72 0.00
2022 04 22 18 46 42.51 87.88 0.00
2022 04 22 18 47 42.60 88.04 0.00
2022 04 22 18 48 42.68 88.20 0.00
2022 04 22 18 49 42.77 88.36 0.00
2022 04 22 18 50 42.85 88.52 0.00
2022 04 22 18 51 42.94 88.68 0.00
2022 04 22 18 52 43.03 88.83 0.00
2022 04 22 18 53 43.11 88.99 0.00
2022 04 22 18 54 43.19 89.15 0.00
2022 04 22 18 55 43.28 89.30 0.00
2022 04 22 18 56 43.36 89.46 0.00
2022 04 22 18 57 43.45 89.61 0.00
2022 04 22 18 58 43.53 89.77 0.00
2022 04 22 18 59 43.61 89.92 0.00
2022 04 22 19 00 43.69 90.08 0.00
2022 04 22 19 01 43.77 90.23 0.00
2022 04 22 19 02 43.86 90.38 0.00
2022 04 22 19 03 43.94 90.54 0.00
2022 04 22 19 04 44.02 90.69 0.00
2022 04 22 19 05 44.10 90.84 0.00
2022 04 22 19 06 44.18 90.99 0.00
2022 04 22 19 07 44.26 91.14 0.00
2022 04 22 19 08 44.34 91.29 0.00
2022 04 22 19 09 44.41 91.44 0.00
2022 04 22 19 10 44.49 91.59 0.00
2022 04 22 19 11 44.57 91.74 0.00
2022 04 22 19 12 44.65 91.89 0.00
2022 04 22 19 13 44.72 92.04 0.00
2022 04 22 19 14 44.80 92.19 0.00
2022 04 22 19 15 44.87 92.33 0.00
2022 04 22 19 16 44.95 92.48 0.00
2022 04 22 19 17 45.02 92.63 0.00
2022 04 22 19 18 45.10 92.77 0.00
2022 04 22 19 19 45.17 92.92 0.00
2022 04 22 19 20 45.25 93.06 0.00
2022 04 22 19 21 45.32 93.21 0.00
2022 04 22 19 22 45.39 93.35 0.00
2022 04 22 19 23 45.46 93.49 0.00
2022 04 22 19 24 45.54 93.64 0.00
2022 04 22 19 25 45.61 93.78 0.00
2022 04 22 19 26 45.68 93.92 0.00
2022 04 22 19 27 45.75 94.06 0.00
2022 04 22 19 28 45.82 94.20 0.00
2022 04 22 19 29 45.89 94.34 0.00
2022 04 22 19 30 45.96 94.48 0.00
2022 04 22 19 31 46.02 94.62 0.00
2022 04 22 19 32 46.09 94.76 0.00
2022 04 22 19 33 46.16 94.90 0.00
2022 04 22 19 34 46.23 95.04 0.00
2022 04 22 19 35 46.29 95.18 0.00
2022 04 22 19 36 46.36 95.32 0.00
2022 04 22 19 37 46.42 95.45 0.00
2022 04 22 19 38 46.49 95.59 0.00
2022 04 22 19 39 46.55 95.72 0.00
2022 04 22 19 40 46.62 95.86 0.00
2022 04 22 19 41 46.68 95.99 0.00
2022 04 22 19 42 46.74 96.13 0.00
2022 04 22 19 43 46.80 96.26 0.00
2022 04 22 19 44 46.87 96.40 0.00
2022 04 22 19 45 46.93 96.53 0.00
2022 04 22 19 46 46.99 96.66 0.00
2022 04 22 19 47 47.05 96.79 0.00
2022 04 22 19 48 47.11 96.92 0.00
2022 04 22 19 49 47.16 97.06 0.00
2022 04 22 19 50 47.22 97.19 0.00
2022 04 22 19 51 47.28 97.32 0.00
2022 04 22 19 52 47.34 97.45 0.00
2022 04 22 19 53 47.39 97.57 0.00
2022 04 22 19 54 47.45 97.70 0.00
2022 04 22 19 55 47.51 97.83 0.00
2022 04 22 19 56 47.56 97.96 0.00
2022 04 22 19 57 47.62 98.09 0.00
2022 04 22 19 58 47.67 98.21 0.00
2022 04 22 19 59 47.72 98.34 0.00
2022 04 22 20 00 47.78 98.46 0.00
2022 04 22 20 01 47.83 98.59 0.00
2022 04 22 20 02 47.88 98.71 0.00
2022 04 22 20 03 47.93 98.84 0.00
2022 04 22 20 04 47.98 98.96 0.00
2022 04 22 20 05 48.03 99.08 0.00
2022 04 22 20 06 48.08 99.21 0.00
2022 04 22 20 07 48.13 99.33 0.00
2022 04 22 20 08 48.18 99.45 0.00
2022 04 22 20 09 48.22 99.57 0.00
2022 04 22 20 10 48.27 99.69 0.00
2022 04 22 20 11 48.32 99.81 0.00
2022 04 22 20 12 48.36 99.93 0.00
2022 04 22 20 13 48.41 100.05 0.00
2022 04 22 20 14 48.45 100.17 0.00
2022 04 22 20 15 48.49 100.29 0.00
2022 04 22 20 16 48.54 100.40 0.00
2022 04 22 20 17 48.58 100.52 0.00
2022 04 22 20 18 48.62 100.64 0.00
2022 04 22 20 19 48.66 100.75 0.00
2022 04 22 20 20 48.70 100.87 0.00
2022 04 22 20 21 48.74 100.98 0.00
2022 04 22 20 22 48.78 101.10 0.00
2022 04 22 20 23 48.82 101.21 0.00
2022 04 22 20 24 48.86 101.32 0.00
2022 04 22 20 25 48.90 101.44 0.00
2022 04 22 20 26 48.93 101.55 0.00
2022 04 22 20 27 48.97 101.66 0.00
2022 04 22 20 28 49.01 101.77 0.00
2022 04 22 20 29 49.04 101.88 0.00
2022 04 22 20 30 49.08 101.99 0.00
2022 04 22 20 31 49.11 102.10 0.00
2022 04 22 20 32 49.14 102.21 0.00
2022 04 22 20 33 49.17 102.32 0.00
2022 04 22 20 34 49.21 102.43 0.00
2022 04 22 20 35 49.24 102.54 0.00
2022 04 22 20 36 49.27 102.65 0.00
2022 04 22 20 37 49.30 102.75 0.00
2022 04 22 20 38 49.33 102.86 0.00
2022 04 22 20 39 49.35 102.97 0.00
2022 04 22 20 40 49.38 103.07 0.00
2022 04 22 20 41 49.41 103.18 0.00
2022 04 22 20 42 49.43 103.28 0.00
2022 04 22 20 43 49.46 103.38 0.00
2022 04 22 20 44 49.49 103.49 0.00
2022 04 22 20 45 49.51 103.59 0.00
2022 04 22 20 46 49.53 103.69 0.00
2022 04 22 20 47 49.56 103.80 0.00
2022 04 22 20 48 49.58 103.90 0.00
2022 04 22 20 49 49.60 104.00 0.00
2022 04 22 20 50 49.62 104.10 0.00
2022 04 22 20 51 49.64 104.20 0.00
2022 04 22 20 52 49.66 104.30 0.00
2022 04 22 20 53 49.68 104.40 0.00
2022 04 22 20 54 49.70 104.49 0.00
2022 04 22 20 55 49.71 104.59 0.00
2022 04 22 20 56 49.73 104.69 0.00
2022 04 22 20 57 49.75 104.79 0.00
2022 04 22 20 58 49.76 104.88 0.00
2022 04 22 20 59 49.78 104.98 0.00
2022 04 22 21 00 49.79 105.08 0.00
2022 04 22 21 01 49.80 105.17 0.00
2022 04 22 21 02 49.82 105.27 0.00
2022 04 22 21 03 49.83 105.36 0.00
2022 04 22 21 04 49.84 105.45 0.00
2022 04 22 21 05 49.85 105.55 0.00
2022 04 22 21 06 49.86 105.64 0.00
2022 04 22 21 07 49.87 105.73 0.00
2022 04 22 21 08 49.88 105.82 0.00
2022 04 22 21 09 49.89 105.91 0.00
2022 04 22 21 10 49.89 106.00 0.00
2022 04 22 21 11 49.90 106.09 0.00
2022 04 22 21 12 49.90 106.18 0.00
2022 04 22 21 13 49.91 106.27 0.00
2022 04 22 21 14 49.91 106.36 0.00
2022 04 22 21 15 49.92 106.45 0.00
2022 04 22 21 16 49.92 106.54 0.00
2022 04 22 21 17 49.92 106.62 0.00
2022 04 22 21 18 49.92 106.71 0.00
2022 04 22 21 19 49.92 106.80 0.00
2022 04 22 21 20 49.92 106.88 0.00
2022 04 22 21 21 49.92 106.97 0.00
2022 04 22 21 22 49.92 107.05 0.00
2022 04 22 21 23 49.92 107.14 0.00
2022 04 22 21 24 49.92 107.22 0.00
2022 04 22 21 25 49.91 107.31 0.00
2022 04 22 21 26 49.91 107.39 0.00
2022 04 22 21 27 49.90 107.47 0.00
2022 04 22 21 28 49.90 107.55 0.00
2022 04 22 21 29 49.89 107.64 0.00
2022 04 22 21 30 49.89 107.72 0.00
2022 04 22 21 31 49.88 107.80 0.00
2022 04 22 21 32 49.87 107.88 0.00
2022 04 22 21 33 49.86 107.96 0.00
2022 04 22 21 34 49.85 108.04 0.00
2022 04 22 21 35 49.84 108.12 0.00
2022 04 22 21 36 49.83 108.19 0.00
2022 04 22 21 37 49.82 108.27 0.00
2022 04 22 21 38 49.80 108.35 0.00
2022 04 22 21 39 49.79 108.43 0.00
2022 04 22 21 40 49.78 108.50 0.00
2022 04 22 21 41 49.76 108.58 0.00
2022 04 22 21 42 49.75 108.65 0.00
2022 04 22 21 43 49.73 108.73 0.00
2022 04 22 21 44 49.71 108.80 0.00
2022 04 22 21 45 49.70 108.88 0.00
2022 04 22 21 46 49.68 108.95 0.00
2022 04 22 21 47 49.66 109.03 0.00
2022 04 22 21 48 49.64 109.10 0.00
2022 04 22 21 49 49.62 109.17 0.00
2022 04 22 21 50 49.60 109.24 0.00
2022 04 22 21 51 49.58 109.31 0.00
2022 04 22 21 52 49.56 109.39 0.00
2022 04 22 21 53 49.53 109.46 0.00
2022 04 22 21 54 49.51 109.53 0.00
2022 04 22 21 55 49.49 109.60 0.00
2022 04 22 21 56 49.46 109.67 0.00
2022 04 22 21 57 49.43 109.73 0.00
2022 04 22 21 58 49.41 109.80 0.00
2022 04 22 21 59 49.38 109.87 0.00
2022 04 22 22 00 49.35 109.94 49.31
2022 04 22 22 01 49.33 110.01 49.21
2022 04 22 22 02 49.30 110.07 49.12
2022 04 22 22 03 49.27 110.14 49.03
2022 04 22 22 04 49.24 110.20 48.94
2022 04 22 22 05 49.21 110.27 48.85
2022 04 22 22 06 49.17 110.34 48.76
2022 04 22 22 07 49.14 110.40 48.67
2022 04 22 22 08 49.11 110.46 48.59
2022 04 22 22 09 49.08 110.53 48.51
2022 04 22 22 10 49.04 110.59 48.42
2022 04 22 22 11 49.01 110.65 48.34
2022 04 22 22 12 48.97 110.72 48.27
2022 04 22 22 13 48.93 110.78 48.19
2022 04 22 22 14 48.90 110.84 48.11
2022 04 22 22 15 48.86 110.90 48.04
2022 04 22 22 16 48.82 110.96 47.97
2022 04 22 22 17 48.78 111.02 47.90
2022 04 22 22 18 48.74 111.08 47.83
2022 04 22 22 19 48.70 111.14 47.76
2022 04 22 22 20 48.66 111.20 47.69
2022 04 22 22 21 48.62 111.26 47.63
2022 04 22 22 22 48.58 111.32 47.57
2022 04 22 22 23 48.54 111.38 47.51
2022 04 22 22 24 48.50 111.43 47.45
2022 04 22 22 25 48.45 111.49 47.39
2022 04 22 22 26 48.41 111.55 47.33
2022 04 22 22 27 48.36 111.60 47.28
2022 04 22 22 28 48.32 111.66 47.23
2022 04 22 22 29 48.27 111.72 47.18
2022 04 22 22 30 48.22 111.77 47.13
2022 04 22 22 31 48.18 111.83 47.08
2022 04 22 22 32 48.13 111.88 47.03
2022 04 22 22 33 48.08 111.93 46.99
2022 04 22 22 34 48.03 111.99 46.94
2022 04 22 22 35 47.98 112.04 46.90
2022 04 22 22 36 47.93 112.09 46.86
2022 04 22 22 37 47.88 112.15 46.83
2022 04 22 22 38 47.83 112.20 46.79
2022 04 22 22 39 47.78 112.25 46.76
2022 04 22 22 40 47.72 112.30 46.72
2022 04 22 22 41 47.67 112.35 46.69
2022 04 22 22 42 47.62 112.40 46.66
2022 04 22 22 43 47.56 112.45 46.63
2022 04 22 22 44 47.51 112.50 46.61
2022 04 22 22 45 47.45 112.55 46.58
2022 04 22 22 46 47.40 112.60 46.56
2022 04 22 22 47 47.34 112.65 46.54
2022 04 22 22 48 47.28 112.70 46.52
2022 04 22 22 49 47.22 112.75 46.50
2022 04 22 22 50 47.17 112.79 46.49
2022 04 22 22 51 47.11 112.84 46.47
2022 04 22 22 52 47.05 112.89 46.46
2022 04 22 22 53 46.99 112.93 46.45
2022 04 22 22 54 46.93 112.98 46.44
2022 04 22 22 55 46.87 113.02 46.43
2022 04 22 22 56 46.80 113.07 46.43
2022 04 22 22 57 46.74 113.12 46.42
2022 04 22 22 58 46.68 113.16 46.42
2022 04 22 22 59 46.62 113.20 46.42
2022 04 22 23 00 46.55 113.25 46.42
2022 04 22 23 01 46.49 113.29 46.42
2022 04 22 23 02 46.42 113.33 46.42
2022 04 22 23 03 46.36 113.38 46.43
2022 04 22 23 04 46.29 113.42 46.43
2022 04 22 23 05 46.23 113.46 46.44
2022 04 22 23 06 46.16 113.50 46.45
2022 04 22 23 07 46.09 113.55 46.46
2022 04 22 23 08 46.02 113.59 46.48
2022 04 22 23 09 45.96 113.63 46.49
2022 04 22 23 10 45.89 113.67 46.51
2022 04 22 23 11 45.82 113.71 46.52
2022 04 22 23 12 45.75 113.75 46.54
2022 04 22 23 13 45.68 113.79 46.56
2022 04 22 23 14 45.61 113.83 46.59
2022 04 22 23 15 45.54 113.87 46.61
2022 04 22 23 16 45.46 113.90 46.64
2022 04 22 23 17 45.39 113.94 46.66
2022 04 22 23 18 45.32 113.98 46.69
2022 04 22 23 19 45.25 114.02 46.72
2022 04 22 23 20 45.17 114.05 46.75
2022 04 22 23 21 45.10 114.09 46.78
2022 04 22 23 22 45.03 114.13 46.82
2022 04 22 23 23 44.95 114.16 46.85
2022 04 22 23 24 44.88 114.20 46.89
2022 04 22 23 25 44.80 114.23 46.93
2022 04 22 23 26 44.72 114.27 46.97
2022 04 22 23 27 44.65 114.30 47.01
2022 04 22 23 28 44.57 114.34 47.05
2022 04 22 23 29 44.49 114.37 47.09
2022 04 22 23 30 44.41 114.41 47.14
2022 04 22 23 31 44.34 114.44 47.19
2022 04 22 23 32 44.26 114.47 47.23
2022 04 22 23 33 44.18 114.51 47.28
2022 04 22 23 34 44.10 114.54 47.33
2022 04 22 23 35 44.02 114.57 47.38
2022 04 22 23 36 43.94 114.60 47.44
2022 04 22 23 37 43.86 114.64 47.49
2022 04 22 23 38 43.78 114.67 47.55
2022 04 22 23 39 43.69 114.70 47.60
2022 04 22 23 40 43.61 114.73 47.66
2022 04 22 23 41 43.53 114.76 47.72
2022 04 22 23 42 43.45 114.79 47.78
2022 04 22 23 43 43.36 114.82 47.84
2022 04 22 23 44 43.28 114.85 47.91
2022 04 22 23 45 43.20 114.88 47.97
2022 04 22 23 46 43.11 114.91 48.04
2022 04 22 23 47 43.03 114.94 48.10
2022 04 22 23 48 42.94 114.97 48.17
2022 04 22 23 49 42.86 115.00 48.24
2022 04 22 23 50 42.77 115.02 48.31
2022 04 22 23 51 42.68 115.05 48.38
2022 04 22 23 52 42.60 115.08 48.45
2022 04 22 23 53 42.51 115.11 48.53
2022 04 22 23 54 42.42 115.13 48.60
2022 04 22 23 55 42.33 115.16 48.67
2022 04 22 23 56 42.25 115.19 48.75
2022 04 22 23 57 42.16 115.21 48.83
2022 04 22 23 58 42.07 115.24 48.91
2022 04 22 23 59 41.98 115.26 48.99
2022 04 23 00 00 41.89 115.29 49.07
2022 04 23 00 01 41.80 115.31 49.15
2022 04 23 00 02 41.71 115.34 49.23
2022 04 23 00 03 41.62 115.36 49.32
2022 04 23 00 04 41.53 115.39 49.40
2022 04 23 00 05 41.44 115.41 49.49
2022 04 23 00 06 41.35 115.43 49.57
2022 04 23 00 07 41.25 115.46 49.66
2022 04 23 00 08 41.16 115.48 49.75
2022 04 23 00 09 41.07 115.50 49.84
2022 04 23 00 10 40.98 115.53 49.93
2022 04 23 00 11 40.88 115.55 50.02
2022 04 23 00 12 40.79 115.57 50.11
2022 04 23 00 13 40.70 115.59 50.20
2022 04 23 00 14 40.60 115.61 50.30
2022 04 23 00 15 40.51 115.63 50.39
2022 04 23 00 16 40.41 115.65 50.49
2022 04 23 00 17 40.32 115.68 50.58
2022 04 23 00 18 40.23 115.70 50.68
2022 04 23 00 19 40.13 115.72 50.78
2022 04 23 00 20 40.03 115.74 50.88
2022 04 23 00 21 39.94 115.76 50.98
2022 04 23 00 22 39.84 115.78 51.08
2022 04 23 00 23 39.75 115.79 51.18
2022 04 23 00 24 39.65 115.81 51.28
2022 04 23 00 25 39.55 115.83 51.38
2022 04 23 00 26 39.45 115.85 51.49
2022 04 23 00 27 39.36 115.87 51.59
2022 04 23 00 28 39.26 115.89 51.70
2022 04 23 00 29 39.16 115.91 51.80
2022 04 23 00 30 39.06 115.92 51.91
2022 04 23 00 31 38.96 115.94 52.02
2022 04 23 00 32 38.86 115.96 52.12
2022 04 23 00 33 38.77 115.97 52.23
2022 04 23 00 34 38.67 115.99 52.34
2022 04 23 00 35 38.57 116.01 52.45
2022 04 23 00 36 38.47 116.02 52.56
2022 04 23 00 37 38.37 116.04 52.67
2022 04 23 00 38 38.27 116.05 52.78
2022 04 23 00 39 38.17 116.07 52.90
2022 04 23 00 40 38.07 116.09 53.01
2022 04 23 00 41 37.96 116.10 53.12
2022 04 23 00 42 37.86 116.12 53.24
2022 04 23 00 43 37.76 116.13 53.35
2022 04 23 00 44 37.66 116.14 53.47
2022 04 23 00 45 37.56 116.16 53.58
2022 04 23 00 46 37.46 116.17 53.70
2022 04 23 00 47 37.35 116.19 53.82
2022 04 23 00 48 37.25 116.20 53.94
2022 04 23 00 49 37.15 116.21 54.05
2022 04 23 00 50 37.05 116.23 54.17
2022 04 23 00 51 36.94 116.24 54.29
2022 04 23 00 52 36.84 116.25 54.41
2022 04 23 00 53 36.74 116.26 54.53
2022 04 23 00 54 36.63 116.27 54.65
2022 04 23 00 55 36.53 116.29 54.78
2022 04 23 00 56 36.42 116.30 54.90
2022 04 23 00 57 36.32 116.31 55.02
2022 04 23 00 58 36.21 116.32 55.14
2022 04 23 00 59 36.11 116.33 55.27
2022 04 23 01 00 36.01 116.34 55.39
2022 04 23 01 01 35.90 116.35 55.52
2022 04 23 01 02 35.79 116.36 55.64
2022 04 23 01 03 35.69 116.37 55.77
2022 04 23 01 04 35.58 116.38 55.89
2022 04 23 01 05 35.48 116.39 56.02
2022 04 23 01 06 35.37 116.40 56.15
2022 04 23 01 07 35.27 116.41 56.27
2022 04 23 01 08 35.16 116.42 56.40
2022 04 23 01 09 35.05 116.43 56.53
2022 04 23 01 10 34.95 116.44 56.66
2022 04 23 01 11 34.84 116.45 56.79
2022 04 23 01 12 34.73 116.46 56.92
2022 04 23 01 13 34.63 116.46 57.05
2022 04 23 01 14 34.52 116.47 57.18
2022 04 23 01 15 34.41 116.48 57.31
2022 04 23 01 16 34.30 116.49 57.44
2022 04 23 01 17 34.20 116.49 57.57
2022 04 23 01 18 34.09 116.50 57.70
2022 04 23 01 19 33.98 116.51 57.84
2022 04 23 01 20 33.87 116.51 57.97
2022 04 23 01 21 33.77 116.52 58.10
2022 04 23 01 22 33.66 116.53 58.23
2022 04 23 01 23 33.55 116.53 58.37
2022 04 23 01 24 33.44 116.54 58.50
2022 04 23 01 25 33.33 116.54 58.64
2022 04 23 01 26 33.22 116.55 58.77
2022 04 23 01 27 33.11 116.55 58.91
2022 04 23 01 28 33.00 116.56 59.04
2022 04 23 01 29 32.90 116.56 59.18
2022 04 23 01 30 32.79 116.57 59.31
2022 04 23 01 31 32.68 116.57 59.45
2022 04 23 01 32 32.57 116.58 59.59
2022 04 23 01 33 32.46 116.58 59.73
2022 04 23 01 34 32.35 116.59 59.86
2022 04 23 01 35 32.24 116.59 60.00
2022 04 23 01 36 32.13 116.59 60.14
2022 04 23 01 37 32.02 116.60 60.28
2022 04 23 01 38 31.91 116.60 60.42
2022 04 23 01 39 31.80 116.60 60.55
2022 04 23 01 40 31.69 116.60 60.69
2022 04 23 01 41 31.58 116.61 60.83
2022 04 23 01 42 31.47 116.61 60.97
2022 04 23 01 43 31.36 116.61 61.11
2022 04 23 01 44 31.25 116.61 61.25
2022 04 23 01 45 31.14 116.61 61.39
2022 04 23 01 46 31.03 116.62 61.54
2022 04 23 01 47 30.91 116.62 61.68
2022 04 23 01 48 30.80 116.62 61.82
2022 04 23 01 49 30.69 116.62 61.96
2022 04 23 01 50 30.58 116.62 62.10
2022 04 23 01 51 30.47 116.62 62.24
2022 04 23 01 52 30.36 116.62 62.39
2022 04 23 01 53 30.25 116.62 62.53
2022 04 23 01 54 30.14 116.62 62.67
2022 04 23 01 55 30.03 116.62 62.82
2022 04 23 01 56 29.91 116.62 62.96
2022 04 23 01 57 29.80 116.62 63.10
2022 04 23 01 58 29.69 116.62 63.25
2022 04 23 01 59 29.58 116.62 63.39
2022 04 23 02 00 29.47 116.62 63.54
2022 04 23 02 01 29.36 116.61 63.68
2022 04 23 02 02 29.24 116.61 63.82
2022 04 23 02 03 29.13 116.61 63.97
2022 04 23 02 04 29.02 116.61 64.12
2022 04 23 02 05 28.91 116.61 64.26
2022 04 23 02 06 28.80 116.60 64.41
2022 04 23 02 07 28.68 116.60 64.55
2022 04 23 02 08 28.57 116.60 64.70
2022 04 23 02 09 28.46 116.59 64.84
2022 04 23 02 10 28.35 116.59 64.99
2022 04 23 02 11 28.24 116.59 65.14
2022 04 23 02 12 28.12 116.58 65.28
2022 04 23 02 13 28.01 116.58 65.43
2022 04 23 02 14 27.90 116.58 65.58
2022 04 23 02 15 27.79 116.57 65.73
2022 04 23 02 16 27.67 116.57 65.87
2022 04 23 02 17 27.56 116.56 66.02
2022 04 23 02 18 27.45 116.56 66.17
2022 04 23 02 19 27.34 116.55 66.32
2022 04 23 02 20 27.22 116.55 66.47
2022 04 23 02 21 27.11 116.54 66.62
2022 04 23 02 22 27.00 116.54 66.76
2022 04 23 02 23 26.89 116.53 66.91
2022 04 23 02 24 26.78 116.52 67.06
2022 04 23 02 25 26.66 116.52 67.21
2022 04 23 02 26 26.55 116.51 67.36
2022 04 23 02 27 26.44 116.50 67.51
2022 04 23 02 28 26.33 116.50 67.66
2022 04 23 02 29 26.21 116.49 67.81
2022 04 23 02 30 26.10 116.48 67.96
2022 04 23 02 31 25.99 116.48 68.11
2022 04 23 02 32 25.88 116.47 68.26
2022 04 23 02 33 25.76 116.46 68.41
2022 04 23 02 34 25.65 116.45 68.56
2022 04 23 02 35 25.54 116.44 68.71
2022 04 23 02 36 25.43 116.44 68.86
2022 04 23 02 37 25.31 116.43 69.01
2022 04 23 02 38 25.20 116.42 69.17
2022 04 23 02 39 25.09 116.41 69.32
2022 04 23 02 40 24.98 116.40 69.47
2022 04 23 02 41 24.86 116.39 69.62
2022 04 23 02 42 24.75 116.38 69.77
2022 04 23 02 43 24.64 116.37 69.92
2022 04 23 02 44 24.53 116.36 70.08
2022 04 23 02 45 24.42 116.35 70.23
2022 04 23 02 46 24.30 116.34 70.38
2022 04 23 02 47 24.19 116.33 70.53
2022 04 23 02 48 24.08 116.32 70.69
2022 04 23 02 49 23.97 116.30 70.84
2022 04 23 02 50 23.85 116.29 70.99
2022 04 23 02 51 23.74 116.28 71.14
2022 04 23 02 52 23.63 116.27 71.30
2022 04 23 02 53 23.52 116.26 71.45
2022 04 23 02 54 23.41 116.24 71.60
2022 04 23 02 55 23.29 116.23 71.76
2022 04 23 02 56 23.18 116.22 71.91
2022 04 23 02 57 23.07 116.21 72.06
2022 04 23 02 58 22.96 116.19 72.22
2022 04 23 02 59 22.85 116.18 72.37
2022 04 23 03 00 22.74 116.17 72.52
2022 04 23 03 01 22.62 116.15 72.68
2022 04 23 03 02 22.51 116.14 72.83
2022 04 23 03 03 22.40 116.12 72.98
2022 04 23 03 04 22.29 116.11 73.14
2022 04 23 03 05 22.18 116.09 73.29
2022 04 23 03 06 22.07 116.08 73.45
2022 04 23 03 07 21.96 116.06 73.60
2022 04 23 03 08 21.84 116.05 73.75
2022 04 23 03 09 21.73 116.03 73.91
2022 04 23 03 10 21.62 116.02 74.06
2022 04 23 03 11 21.51 116.00 74.22
2022 04 23 03 12 21.40 115.98 74.37
2022 04 23 03 13 21.29 115.97 74.53
2022 04 23 03 14 21.18 115.95 74.68
2022 04 23 03 15 21.07 115.93 74.83
2022 04 23 03 16 20.96 115.92 74.99
2022 04 23 03 17 20.85 115.90 75.14
2022 04 23 03 18 20.74 115.88 75.30
2022 04 23 03 19 20.63 115.86 75.45
2022 04 23 03 20 20.52 115.84 75.61
2022 04 23 03 21 20.41 115.82 75.76
2022 04 23 03 22 20.30 115.81 75.92
2022 04 23 03 23 20.18 115.79 76.07
2022 04 23 03 24 20.07 115.77 76.22
2022 04 23 03 25 19.97 115.75 76.38
2022 04 23 03 26 19.86 115.73 76.53
2022 04 23 03 27 19.75 115.71 76.69
2022 04 23 03 28 19.64 115.69 76.84
2022 04 23 03 29 19.53 115.67 77.00
2022 04 23 03 30 19.42 115.65 77.15
2022 04 23 03 31 19.31 115.62 77.30
2022 04 23 03 32 19.20 115.60 77.46
2022 04 23 03 33 19.09 115.58 77.61
2022 04 23 03 34 18.98 115.56 77.77
2022 04 23 03 35 18.87 115.54 77.92
2022 04 23 03 36 18.76 115.52 78.07
2022 04 23 03 37 18.65 115.49 78.23
2022 04 23 03 38 18.55 115.47 78.38
2022 04 23 03 39 18.44 115.45 78.53
2022 04 23 03 40 18.33 115.42 78.69
2022 04 23 03 41 18.22 115.40 78.84
2022 04 23 03 42 18.11 115.38 78.99
2022 04 23 03 43 18.00 115.35 79.14
2022 04 23 03 44 17.90 115.33 79.30
2022 04 23 03 45 17.79 115.30 79.45
2022 04 23 03 46 17.68 115.28 79.60
2022 04 23 03 47 17.57 115.25 79.75
2022 04 23 03 48 17.47 115.23 79.90
2022 04 23 03 49 17.36 115.20 80.05
2022 04 23 03 50 17.25 115.17 80.21
2022 04 23 03 51 17.14 115.15 80.36
2022 04 23 03 52 17.04 115.12 80.51
2022 04 23 03 53 16.93 115.09 80.65
2022 04 23 03 54 16.82 115.07 80.80
2022 04 23 03 55 16.72 115.04 80.95
2022 04 23 03 56 16.61 115.01 81.10
2022 04 23 03 57 16.50 114.98 81.25
2022 04 23 03 58 16.40 114.95 81.40
2022 04 23 03 59 16.29 114.93 81.54
2022 04 23 04 00 16.19 114.90 81.69
2022 04 23 04 01 16.08 114.87 81.83
2022 04 23 04 02 15.97 114.84 81.98
2022 04 23 04 03 15.87 114.81 82.12
2022 04 23 04 04 15.76 114.78 82.27
2022 04 23 04 05 15.66 114.75 82.41
2022 04 23 04 06 15.55 114.72 82.55
2022 04 23 04 07 15.45 114.69 82.69
2022 04 23 04 08 15.34 114.65 82.83
2022 04 23 04 09 15.24 114.62 82.97
2022 04 23 04 10 15.14 114.59 83.10
2022 04 23 04 11 15.03 114.56 83.24
2022 04 23 04 12 14.93 114.53 83.38
2022 04 23 04 13 14.82 114.49 83.51
2022 04 23 04 14 14.72 114.46 83.64
2022 04 23 04 15 14.62 114.43 83.77
2022 04 23 04 16 14.51 114.39 83.90
2022 04 23 04 17 14.41 114.36 84.03
2022 04 23 04 18 14.31 114.32 84.15
2022 04 23 04 19 14.20 114.29 84.27
2022 04 23 04 20 14.10 114.25 84.39
2022 04 23 04 21 14.00 114.22 84.51
2022 04 23 04 22 13.90 114.18 84.62
2022 04 23 04 23 13.79 114.15 84.74
2022 04 23 04 24 13.69 114.11 84.84
2022 04 23 04 25 13.59 114.07 84.95
2022 04 23 04 26 13.49 114.04 85.05
2022 04 23 04 27 13.39 114.00 85.15
2022 04 23 04 28 13.28 113.96 85.24
2022 04 23 04 29 13.18 113.92 85.33
2022 04 23 04 30 13.08 113.89 85.41
2022 04 23 04 31 12.98 113.85 85.48
2022 04 23 04 32 12.88 113.81 85.55
2022 04 23 04 33 12.78 113.77 85.61
2022 04 23 04 34 12.68 113.73 85.67
2022 04 23 04 35 12.58 113.69 85.71
2022 04 23 04 36 12.48 113.65 85.75
2022 04 23 04 37 12.38 113.61 85.77
2022 04 23 04 38 12.28 113.57 85.78
2022 04 23 04 39 12.18 113.53 85.78
2022 04 23 04 40 12.08 113.49 85.76
2022 04 23 04 41 11.98 113.44 85.72
2022 04 23 04 42 11.88 113.40 85.66
2022 04 23 04 43 11.79 113.36 85.58
2022 04 23 04 44 11.69 113.32 85.47
2022 04 23 04 45 11.59 113.27 85.34
2022 04 23 04 46 11.49 113.23 85.17
2022 04 23 04 47 11.39 113.18 84.96
2022 04 23 04 48 11.30 113.14 84.70
2022 04 23 04 49 11.20 113.10 84.40
2022 04 23 04 50 11.10 113.05 84.04
2022 04 23 04 51 11.01 113.00 83.63
2022 04 23 04 52 10.91 0.00 0.00
2022 04 23 04 53 10.81 0.00 0.00
2022 04 23 04 54 10.72 0.00 0.00
2022 04 23 04 55 10.62 0.00 0.00
2022 04 23 04 56 10.52 0.00 0.00
2022 04 23 04 57 10.43 0.00 0.00
2022 04 23 04 58 10.33 0.00 0.00
2022 04 23 04 59 10.24 0.00 0.00
