2022 04 23 17 00 32.23 70.00 0.00
2022 04 23 17 01 32.34 70.18 0.00
2022 04 23 17 02 32.45 70.37 0.00
2022 04 23 17 03 32.56 70.55 0.00
2022 04 23 17 04 32.67 70.73 0.00
2022 04 23 17 05 32.78 70.92 0.00
2022 04 23 17 06 32.89 71.10 0.00
2022 04 23 17 07 33.00 71.29 0.00
2022 04 23 17 08 33.11 71.47 0.00
2022 04 23 17 09 33.21 71.65 0.00
2022 04 23 17 10 33.32 71.84 0.00
2022 04 23 17 11 33.43 72.02 0.00
2022 04 23 17 12 33.54 72.20 0.00
2022 04 23 17 13 33.65 72.39 0.00
2022 04 23 17 14 33.76 72.57 0.00
2022 04 23 17 15 33.87 72.75 0.00
2022 04 23 17 16 33.97 72.94 0.00
2022 04 23 17 17 34.08 73.12 0.00
2022 04 23 17 18 34.19 73.30 0.00
2022 04 23 17 19 34.30 73.49 0.00
2022 04 23 17 20 34.40 73.67 0.00
2022 04 23 17 21 34.51 73.85 0.00
2022 04 23 17 22 34.62 74.03 0.00
2022 04 23 17 23 34.73 74.22 0.00
2022 04 23 17 24 34.83 74.40 0.00
2022 04 23 17 25 34.94 74.58 0.00
2022 04 23 17 26 35.05 74.76 0.00
2022 04 23 17 27 35.15 74.94 0.00
2022 04 23 17 28 35.26 75.13 0.00
2022 04 23 17 29 35.36 75.31 0.00
2022 04 23 17 30 35.47 75.49 0.00
2022 04 23 17 31 35.58 75.67 0.00
2022 04 23 17 32 35.68 75.85 0.00
2022 04 23 17 33 35.79 76.03 0.00
2022 04 23 17 34 35.89 76.21 0.00
2022 04 23 17 35 36.00 76.39 0.00
2022 04 23 17 36 36.10 76.57 0.00
2022 04 23 17 37 36.21 76.76 0.00
2022 04 23 17 38 36.31 76.94 0.00
2022 04 23 17 39 36.42 77.12 0.00
2022 04 23 17 40 36.52 77.29 0.00
2022 04 23 17 41 36.62 77.47 0.00
2022 04 23 17 42 36.73 77.65 0.00
2022 04 23 17 43 36.83 77.83 0.00
2022 04 23 17 44 36.93 78.01 0.00
2022 04 23 17 45 37.04 78.19 0.00
2022 04 23 17 46 37.14 78.37 0.00
2022 04 23 17 47 37.24 78.55 0.00
2022 04 23 17 48 37.35 78.72 0.00
2022 04 23 17 49 37.45 78.90 0.00
2022 04 23 17 50 37.55 79.08 0.00
2022 04 23 17 51 37.65 79.26 0.00
2022 04 23 17 52 37.75 79.43 0.00
2022 04 23 17 53 37.86 79.61 0.00
2022 04 23 17 54 37.96 79.79 0.00
2022 04 23 17 55 38.06 79.96 0.00
2022 04 23 17 56 38.16 80.14 0.00
2022 04 23 17 57 38.26 80.31 0.00
2022 04 23 17 58 38.36 80.49 0.00
2022 04 23 17 59 38.46 80.66 0.00
2022 04 23 18 00 38.56 80.84 0.00
2022 04 23 18 01 38.66 81.01 0.00
2022 04 23 18 02 38.76 81.19 0.00
2022 04 23 18 03 38.86 81.36 0.00
2022 04 23 18 04 38.96 81.53 0.00
2022 04 23 18 05 39.06 81.71 0.00
2022 04 23 18 06 39.15 81.88 0.00
2022 04 23 18 07 39.25 82.05 0.00
2022 04 23 18 08 39.35 82.22 0.00
2022 04 23 18 09 39.45 82.40 0.00
2022 04 23 18 10 39.54 82.57 0.00
2022 04 23 18 11 39.64 82.74 0.00
2022 04 23 18 12 39.74 82.91 0.00
2022 04 23 18 13 39.83 83.08 0.00
2022 04 23 18 14 39.93 83.25 0.00
2022 04 23 18 15 40.03 83.42 0.00
2022 04 23 18 16 40.12 83.59 0.00
2022 04 23 18 17 40.22 83.76 0.00
2022 04 23 18 18 40.31 83.93 0.00
2022 04 23 18 19 40.41 84.10 0.00
2022 04 23 18 20 40.50 84.27 0.00
2022 04 23 18 21 40.60 84.43 0.00
2022 04 23 18 22 40.69 84.60 0.00
2022 04 23 18 23 40.78 84.77 0.00
2022 04 23 18 24 40.88 84.94 0.00
2022 04 23 18 25 40.97 85.10 0.00
2022 04 23 18 26 41.06 85.27 0.00
2022 04 23 18 27 41.16 85.43 0.00
2022 04 23 18 28 41.25 85.60 0.00
2022 04 23 18 29 41.34 85.76 0.00
2022 04 23 18 30 41.43 85.93 0.00
2022 04 23 18 31 41.52 86.09 0.00
2022 04 23 18 32 41.61 86.26 0.00
2022 04 23 18 33 41.70 86.42 0.00
2022 04 23 18 34 41.79 86.58 0.00
2022 04 23 18 35 41.88 86.75 0.00
2022 04 23 18 36 41.97 86.91 0.00
2022 04 23 18 37 42.06 87.07 0.00
2022 04 23 18 38 42.15 87.23 0.00
2022 04 23 18 39 42.24 87.39 0.00
2022 04 23 18 40 42.33 87.55 0.00
2022 04 23 18 41 42.42 87.71 0.00
2022 04 23 18 42 42.50 87.87 0.00
2022 04 23 18 43 42.59 88.03 0.00
2022 04 23 18 44 42.68 88.19 0.00
2022 04 23 18 45 42.76 88.35 0.00
2022 04 23 18 46 42.85 88.51 0.00
2022 04 23 18 47 42.93 88.67 0.00
2022 04 23 18 48 43.02 88.82 0.00
2022 04 23 18 49 43.10 88.98 0.00
2022 04 23 18 50 43.19 89.14 0.00
2022 04 23 18 51 43.27 89.29 0.00
2022 04 23 18 52 43.36 89.45 0.00
2022 04 23 18 53 43.44 89.60 0.00
2022 04 23 18 54 43.52 89.76 0.00
2022 04 23 18 55 43.61 89.91 0.00
2022 04 23 18 56 43.69 90.07 0.00
2022 04 23 18 57 43.77 90.22 0.00
2022 04 23 18 58 43.85 90.37 0.00
2022 04 23 18 59 43.93 90.53 0.00
2022 04 23 19 00 44.01 90.68 0.00
2022 04 23 19 01 44.09 90.83 0.00
2022 04 23 19 02 44.17 90.98 0.00
2022 04 23 19 03 44.25 91.13 0.00
2022 04 23 19 04 44.33 91.28 0.00
2022 04 23 19 05 44.41 91.43 0.00
2022 04 23 19 06 44.49 91.58 0.00
2022 04 23 19 07 44.56 91.73 0.00
2022 04 23 19 08 44.64 91.88 0.00
2022 04 23 19 09 44.72 92.03 0.00
2022 04 23 19 10 44.79 92.18 0.00
2022 04 23 19 11 44.87 92.32 0.00
2022 04 23 19 12 44.94 92.47 0.00
2022 04 23 19 13 45.02 92.62 0.00
2022 04 23 19 14 45.09 92.76 0.00
2022 04 23 19 15 45.17 92.91 0.00
2022 04 23 19 16 45.24 93.05 0.00
2022 04 23 19 17 45.31 93.20 0.00
2022 04 23 19 18 45.39 93.34 0.00
2022 04 23 19 19 45.46 93.48 0.00
2022 04 23 19 20 45.53 93.63 0.00
2022 04 23 19 21 45.60 93.77 0.00
2022 04 23 19 22 45.67 93.91 0.00
2022 04 23 19 23 45.74 94.05 0.00
2022 04 23 19 24 45.81 94.19 0.00
2022 04 23 19 25 45.88 94.33 0.00
2022 04 23 19 26 45.95 94.47 0.00
2022 04 23 19 27 46.02 94.61 0.00
2022 04 23 19 28 46.09 94.75 0.00
2022 04 23 19 29 46.15 94.89 0.00
2022 04 23 19 30 46.22 95.03 0.00
2022 04 23 19 31 46.29 95.17 0.00
2022 04 23 19 32 46.35 95.31 0.00
2022 04 23 19 33 46.42 95.44 0.00
2022 04 23 19 34 46.48 95.58 0.00
2022 04 23 19 35 46.55 95.71 0.00
2022 04 23 19 36 46.61 95.85 0.00
2022 04 23 19 37 46.67 95.99 0.00
2022 04 23 19 38 46.74 96.12 0.00
2022 04 23 19 39 46.80 96.25 0.00
2022 04 23 19 40 46.86 96.39 0.00
2022 04 23 19 41 46.92 96.52 0.00
2022 04 23 19 42 46.98 96.65 0.00
2022 04 23 19 43 47.04 96.78 0.00
2022 04 23 19 44 47.10 96.92 0.00
2022 04 23 19 45 47.16 97.05 0.00
2022 04 23 19 46 47.22 97.18 0.00
2022 04 23 19 47 47.28 97.31 0.00
2022 04 23 19 48 47.33 97.44 0.00
2022 04 23 19 49 47.39 97.57 0.00
2022 04 23 19 50 47.45 97.69 0.00
2022 04 23 19 51 47.50 97.82 0.00
2022 04 23 19 52 47.56 97.95 0.00
2022 04 23 19 53 47.61 98.08 0.00
2022 04 23 19 54 47.67 98.20 0.00
2022 04 23 19 55 47.72 98.33 0.00
2022 04 23 19 56 47.77 98.45 0.00
2022 04 23 19 57 47.82 98.58 0.00
2022 04 23 19 58 47.88 98.70 0.00
2022 04 23 19 59 47.93 98.83 0.00
2022 04 23 20 00 47.98 98.95 0.00
2022 04 23 20 01 48.03 99.07 0.00
2022 04 23 20 02 48.08 99.20 0.00
2022 04 23 20 03 48.12 99.32 0.00
2022 04 23 20 04 48.17 99.44 0.00
2022 04 23 20 05 48.22 99.56 0.00
2022 04 23 20 06 48.27 99.68 0.00
2022 04 23 20 07 48.31 99.80 0.00
2022 04 23 20 08 48.36 99.92 0.00
2022 04 23 20 09 48.40 100.04 0.00
2022 04 23 20 10 48.45 100.16 0.00
2022 04 23 20 11 48.49 100.28 0.00
2022 04 23 20 12 48.54 100.39 0.00
2022 04 23 20 13 48.58 100.51 0.00
2022 04 23 20 14 48.62 100.63 0.00
2022 04 23 20 15 48.66 100.74 0.00
2022 04 23 20 16 48.70 100.86 0.00
2022 04 23 20 17 48.74 100.97 0.00
2022 04 23 20 18 48.78 101.09 0.00
2022 04 23 20 19 48.82 101.20 0.00
2022 04 23 20 20 48.86 101.32 0.00
2022 04 23 20 21 48.90 101.43 0.00
2022 04 23 20 22 48.93 101.54 0.00
2022 04 23 20 23 48.97 101.65 0.00
2022 04 23 20 24 49.00 101.77 0.00
2022 04 23 20 25 49.04 101.88 0.00
2022 04 23 20 26 49.07 101.99 0.00
2022 04 23 20 27 49.11 102.10 0.00
2022 04 23 20 28 49.14 102.21 0.00
2022 04 23 20 29 49.17 102.32 0.00
2022 04 23 20 30 49.20 102.42 0.00
2022 04 23 20 31 49.23 102.53 0.00
2022 04 23 20 32 49.26 102.64 0.00
2022 04 23 20 33 49.29 102.75 0.00
2022 04 23 20 34 49.32 102.85 0.00
2022 04 23 20 35 49.35 102.96 0.00
2022 04 23 20 36 49.38 103.06 0.00
2022 04 23 20 37 49.41 103.17 0.00
2022 04 23 20 38 49.43 103.27 0.00
2022 04 23 20 39 49.46 103.38 0.00
2022 04 23 20 40 49.48 103.48 0.00
2022 04 23 20 41 49.51 103.58 0.00
2022 04 23 20 42 49.53 103.69 0.00
2022 04 23 20 43 49.55 103.79 0.00
2022 04 23 20 44 49.58 103.89 0.00
2022 04 23 20 45 49.60 103.99 0.00
2022 04 23 20 46 49.62 104.09 0.00
2022 04 23 20 47 49.64 104.19 0.00
2022 04 23 20 48 49.66 104.29 0.00
2022 04 23 20 49 49.68 104.39 0.00
2022 04 23 20 50 49.70 104.49 0.00
2022 04 23 20 51 49.71 104.59 0.00
2022 04 23 20 52 49.73 104.68 0.00
2022 04 23 20 53 49.75 104.78 0.00
2022 04 23 20 54 49.76 104.88 0.00
2022 04 23 20 55 49.78 104.97 0.00
2022 04 23 20 56 49.79 105.07 0.00
2022 04 23 20 57 49.80 105.16 0.00
2022 04 23 20 58 49.82 105.26 0.00
2022 04 23 20 59 49.83 105.35 0.00
2022 04 23 21 00 49.84 105.45 0.00
2022 04 23 21 01 49.85 105.54 0.00
2022 04 23 21 02 49.86 105.63 0.00
2022 04 23 21 03 49.87 105.72 0.00
2022 04 23 21 04 49.88 105.82 0.00
2022 04 23 21 05 49.89 105.91 0.00
2022 04 23 21 06 49.89 106.00 0.00
2022 04 23 21 07 49.90 106.09 0.00
2022 04 23 21 08 49.90 106.18 0.00
2022 04 23 21 09 49.91 106.27 0.00
2022 04 23 21 10 49.91 106.36 0.00
2022 04 23 21 11 49.92 106.44 0.00
2022 04 23 21 12 49.92 106.53 0.00
2022 04 23 21 13 49.92 106.62 0.00
2022 04 23 21 14 49.92 106.71 0.00
2022 04 23 21 15 49.92 106.79 0.00
2022 04 23 21 16 49.92 106.88 0.00
2022 04 23 21 17 49.92 106.96 0.00
2022 04 23 21 18 49.92 107.05 0.00
2022 04 23 21 19 49.92 107.13 0.00
2022 04 23 21 20 49.92 107.22 0.00
2022 04 23 21 21 49.91 107.30 0.00
2022 04 23 21 22 49.91 107.38 0.00
2022 04 23 21 23 49.91 107.47 0.00
2022 04 23 21 24 49.90 107.55 0.00
2022 04 23 21 25 49.89 107.63 0.00
2022 04 23 21 26 49.89 107.71 0.00
2022 04 23 21 27 49.88 107.79 0.00
2022 04 23 21 28 49.87 107.87 0.00
2022 04 23 21 29 49.86 107.95 0.00
2022 04 23 21 30 49.85 108.03 0.00
2022 04 23 21 31 49.84 108.11 0.00
2022 04 23 21 32 49.83 108.19 0.00
2022 04 23 21 33 49.82 108.27 0.00
2022 04 23 21 34 49.81 108.34 0.00
2022 04 23 21 35 49.79 108.42 0.00
2022 04 23 21 36 49.78 108.50 0.00
2022 04 23 21 37 49.76 108.57 0.00
2022 04 23 21 38 49.75 108.65 0.00
2022 04 23 21 39 49.73 108.72 0.00
2022 04 23 21 40 49.72 108.80 0.00
2022 04 23 21 41 49.70 108.87 0.00
2022 04 23 21 42 49.68 108.95 0.00
2022 04 23 21 43 49.66 109.02 0.00
2022 04 23 21 44 49.64 109.09 0.00
2022 04 23 21 45 49.62 109.17 0.00
2022 04 23 21 46 49.60 109.24 0.00
2022 04 23 21 47 49.58 109.31 0.00
2022 04 23 21 48 49.56 109.38 0.00
2022 04 23 21 49 49.53 109.45 0.00
2022 04 23 21 50 49.51 109.52 0.00
2022 04 23 21 51 49.49 109.59 0.00
2022 04 23 21 52 49.46 109.66 0.00
2022 04 23 21 53 49.44 109.73 0.00
2022 04 23 21 54 49.41 109.80 0.00
2022 04 23 21 55 49.38 109.87 0.00
2022 04 23 21 56 49.36 109.93 0.00
2022 04 23 21 57 49.33 110.00 0.00
2022 04 23 21 58 49.30 110.07 0.00
2022 04 23 21 59 49.27 110.13 0.00
2022 04 23 22 00 49.24 110.20 0.00
2022 04 23 22 01 49.21 110.27 0.00
2022 04 23 22 02 49.18 110.33 0.00
2022 04 23 22 03 49.14 110.40 0.00
2022 04 23 22 04 49.11 110.46 0.00
2022 04 23 22 05 49.08 110.52 0.00
2022 04 23 22 06 49.04 110.59 0.00
2022 04 23 22 07 49.01 110.65 0.00
2022 04 23 22 08 48.97 110.71 0.00
2022 04 23 22 09 48.94 110.77 0.00
2022 04 23 22 10 48.90 110.84 0.00
2022 04 23 22 11 48.86 110.90 0.00
2022 04 23 22 12 48.82 110.96 0.00
2022 04 23 22 13 48.79 111.02 0.00
2022 04 23 22 14 48.75 111.08 0.00
2022 04 23 22 15 48.71 111.14 0.00
2022 04 23 22 16 48.67 111.20 0.00
2022 04 23 22 17 48.63 111.26 0.00
2022 04 23 22 18 48.58 111.31 0.00
2022 04 23 22 19 48.54 111.37 0.00
2022 04 23 22 20 48.50 111.43 0.00
2022 04 23 22 21 48.45 111.49 0.00
2022 04 23 22 22 48.41 111.54 0.00
2022 04 23 22 23 48.37 111.60 0.00
2022 04 23 22 24 48.32 111.66 0.00
2022 04 23 22 25 48.27 111.71 0.00
2022 04 23 22 26 48.23 111.77 0.00
2022 04 23 22 27 48.18 111.82 0.00
2022 04 23 22 28 48.13 111.88 0.00
2022 04 23 22 29 48.08 111.93 0.00
2022 04 23 22 30 48.03 111.98 0.00
2022 04 23 22 31 47.98 112.04 0.00
2022 04 23 22 32 47.93 112.09 0.00
2022 04 23 22 33 47.88 112.14 0.00
2022 04 23 22 34 47.83 112.19 0.00
2022 04 23 22 35 47.78 112.25 0.00
2022 04 23 22 36 47.73 112.30 0.00
2022 04 23 22 37 47.67 112.35 0.00
2022 04 23 22 38 47.62 112.40 0.00
2022 04 23 22 39 47.57 112.45 0.00
2022 04 23 22 40 47.51 112.50 0.00
2022 04 23 22 41 47.45 112.55 0.00
2022 04 23 22 42 47.40 112.60 0.00
2022 04 23 22 43 47.34 112.65 0.00
2022 04 23 22 44 47.29 112.69 0.00
2022 04 23 22 45 47.23 112.74 0.00
2022 04 23 22 46 47.17 112.79 0.00
2022 04 23 22 47 47.11 112.84 0.00
2022 04 23 22 48 47.05 112.88 0.00
2022 04 23 22 49 46.99 112.93 0.00
2022 04 23 22 50 46.93 112.98 0.00
2022 04 23 22 51 46.87 113.02 0.00
2022 04 23 22 52 46.81 113.07 0.00
2022 04 23 22 53 46.75 113.11 0.00
2022 04 23 22 54 46.68 113.16 0.00
2022 04 23 22 55 46.62 113.20 0.00
2022 04 23 22 56 46.56 113.24 0.00
2022 04 23 22 57 46.49 113.29 0.00
2022 04 23 22 58 46.43 113.33 0.00
2022 04 23 22 59 46.36 113.37 0.00
2022 04 23 23 00 46.30 113.42 0.00
2022 04 23 23 01 46.23 113.46 0.00
2022 04 23 23 02 46.16 113.50 0.00
2022 04 23 23 03 46.10 113.54 0.00
2022 04 23 23 04 46.03 113.58 0.00
2022 04 23 23 05 45.96 113.62 45.94
2022 04 23 23 06 45.89 113.67 45.85
2022 04 23 23 07 45.82 113.71 45.76
2022 04 23 23 08 45.75 113.75 45.67
2022 04 23 23 09 45.68 113.78 45.59
2022 04 23 23 10 45.61 113.82 45.50
2022 04 23 23 11 45.54 113.86 45.42
2022 04 23 23 12 45.47 113.90 45.34
2022 04 23 23 13 45.40 113.94 45.26
2022 04 23 23 14 45.32 113.98 45.18
2022 04 23 23 15 45.25 114.01 45.11
2022 04 23 23 16 45.18 114.05 45.04
2022 04 23 23 17 45.10 114.09 44.96
2022 04 23 23 18 45.03 114.12 44.89
2022 04 23 23 19 44.96 114.16 44.82
2022 04 23 23 20 44.88 114.20 44.76
2022 04 23 23 21 44.80 114.23 44.69
2022 04 23 23 22 44.73 114.27 44.63
2022 04 23 23 23 44.65 114.30 44.57
2022 04 23 23 24 44.57 114.34 44.51
2022 04 23 23 25 44.50 114.37 44.45
2022 04 23 23 26 44.42 114.41 44.39
2022 04 23 23 27 44.34 114.44 44.34
2022 04 23 23 28 44.26 114.47 44.29
2022 04 23 23 29 44.18 114.51 44.24
2022 04 23 23 30 44.10 114.54 44.19
2022 04 23 23 31 44.02 114.57 44.14
2022 04 23 23 32 43.94 114.60 44.09
2022 04 23 23 33 43.86 114.63 44.05
2022 04 23 23 34 43.78 114.67 44.01
2022 04 23 23 35 43.70 114.70 43.97
2022 04 23 23 36 43.62 114.73 43.93
2022 04 23 23 37 43.53 114.76 43.89
2022 04 23 23 38 43.45 114.79 43.86
2022 04 23 23 39 43.37 114.82 43.82
2022 04 23 23 40 43.28 114.85 43.79
2022 04 23 23 41 43.20 114.88 43.76
2022 04 23 23 42 43.12 114.91 43.73
2022 04 23 23 43 43.03 114.94 43.71
2022 04 23 23 44 42.95 114.97 43.68
2022 04 23 23 45 42.86 114.99 43.66
2022 04 23 23 46 42.78 115.02 43.64
2022 04 23 23 47 42.69 115.05 43.62
2022 04 23 23 48 42.60 115.08 43.60
2022 04 23 23 49 42.52 115.10 43.58
2022 04 23 23 50 42.43 115.13 43.57
2022 04 23 23 51 42.34 115.16 43.56
2022 04 23 23 52 42.25 115.18 43.55
2022 04 23 23 53 42.16 115.21 43.54
2022 04 23 23 54 42.07 115.24 43.53
2022 04 23 23 55 41.99 115.26 43.52
2022 04 23 23 56 41.90 115.29 43.52
2022 04 23 23 57 41.81 115.31 43.51
2022 04 23 23 58 41.72 115.34 43.51
2022 04 23 23 59 41.63 115.36 43.51
2022 04 24 00 00 41.54 115.38 43.52
2022 04 24 00 01 41.44 115.41 43.52
2022 04 24 00 02 41.35 115.43 43.52
2022 04 24 00 03 41.26 115.46 43.53
2022 04 24 00 04 41.17 115.48 43.54
2022 04 24 00 05 41.08 115.50 43.55
2022 04 24 00 06 40.98 115.52 43.56
2022 04 24 00 07 40.89 115.55 43.57
2022 04 24 00 08 40.80 115.57 43.59
2022 04 24 00 09 40.70 115.59 43.60
2022 04 24 00 10 40.61 115.61 43.62
2022 04 24 00 11 40.52 115.63 43.64
2022 04 24 00 12 40.42 115.65 43.66
2022 04 24 00 13 40.33 115.67 43.68
2022 04 24 00 14 40.23 115.69 43.71
2022 04 24 00 15 40.14 115.72 43.73
2022 04 24 00 16 40.04 115.74 43.76
2022 04 24 00 17 39.94 115.75 43.79
2022 04 24 00 18 39.85 115.77 43.82
2022 04 24 00 19 39.75 115.79 43.85
2022 04 24 00 20 39.66 115.81 43.88
2022 04 24 00 21 39.56 115.83 43.92
2022 04 24 00 22 39.46 115.85 43.95
2022 04 24 00 23 39.36 115.87 43.99
2022 04 24 00 24 39.27 115.89 44.03
2022 04 24 00 25 39.17 115.90 44.06
2022 04 24 00 26 39.07 115.92 44.11
2022 04 24 00 27 38.97 115.94 44.15
2022 04 24 00 28 38.87 115.96 44.19
2022 04 24 00 29 38.77 115.97 44.24
2022 04 24 00 30 38.67 115.99 44.28
2022 04 24 00 31 38.57 116.01 44.33
2022 04 24 00 32 38.47 116.02 44.38
2022 04 24 00 33 38.37 116.04 44.43
2022 04 24 00 34 38.27 116.05 44.48
2022 04 24 00 35 38.17 116.07 44.53
2022 04 24 00 36 38.07 116.08 44.59
2022 04 24 00 37 37.97 116.10 44.64
2022 04 24 00 38 37.87 116.11 44.70
2022 04 24 00 39 37.77 116.13 44.76
2022 04 24 00 40 37.67 116.14 44.82
2022 04 24 00 41 37.56 116.16 44.88
2022 04 24 00 42 37.46 116.17 44.94
2022 04 24 00 43 37.36 116.18 45.00
2022 04 24 00 44 37.26 116.20 45.07
2022 04 24 00 45 37.16 116.21 45.13
2022 04 24 00 46 37.05 116.22 45.20
2022 04 24 00 47 36.95 116.24 45.27
2022 04 24 00 48 36.85 116.25 45.34
2022 04 24 00 49 36.74 116.26 45.41
2022 04 24 00 50 36.64 116.27 45.48
2022 04 24 00 51 36.53 116.29 45.55
2022 04 24 00 52 36.43 116.30 45.62
2022 04 24 00 53 36.33 116.31 45.70
2022 04 24 00 54 36.22 116.32 45.77
2022 04 24 00 55 36.12 116.33 45.85
2022 04 24 00 56 36.01 116.34 45.93
2022 04 24 00 57 35.91 116.35 46.00
2022 04 24 00 58 35.80 116.36 46.08
2022 04 24 00 59 35.70 116.37 46.16
2022 04 24 01 00 35.59 116.38 46.25
2022 04 24 01 01 35.49 116.39 46.33
2022 04 24 01 02 35.38 116.40 46.41
2022 04 24 01 03 35.27 116.41 46.50
2022 04 24 01 04 35.17 116.42 46.58
2022 04 24 01 05 35.06 116.43 46.67
2022 04 24 01 06 34.95 116.44 46.76
2022 04 24 01 07 34.85 116.45 46.85
2022 04 24 01 08 34.74 116.46 46.94
2022 04 24 01 09 34.63 116.46 47.03
2022 04 24 01 10 34.53 116.47 47.12
2022 04 24 01 11 34.42 116.48 47.21
2022 04 24 01 12 34.31 116.49 47.30
2022 04 24 01 13 34.20 116.49 47.40
2022 04 24 01 14 34.10 116.50 47.49
2022 04 24 01 15 33.99 116.51 47.59
2022 04 24 01 16 33.88 116.51 47.69
2022 04 24 01 17 33.77 116.52 47.78
2022 04 24 01 18 33.66 116.53 47.88
2022 04 24 01 19 33.56 116.53 47.98
2022 04 24 01 20 33.45 116.54 48.08
2022 04 24 01 21 33.34 116.54 48.18
2022 04 24 01 22 33.23 116.55 48.28
2022 04 24 01 23 33.12 116.55 48.39
2022 04 24 01 24 33.01 116.56 48.49
2022 04 24 01 25 32.90 116.56 48.60
2022 04 24 01 26 32.79 116.57 48.70
2022 04 24 01 27 32.68 116.57 48.81
2022 04 24 01 28 32.58 116.58 48.91
2022 04 24 01 29 32.47 116.58 49.02
2022 04 24 01 30 32.36 116.59 49.13
2022 04 24 01 31 32.25 116.59 49.24
2022 04 24 01 32 32.14 116.59 49.35
2022 04 24 01 33 32.03 116.60 49.46
2022 04 24 01 34 31.92 116.60 49.57
2022 04 24 01 35 31.81 116.60 49.68
2022 04 24 01 36 31.70 116.60 49.79
2022 04 24 01 37 31.59 116.61 49.91
2022 04 24 01 38 31.48 116.61 50.02
2022 04 24 01 39 31.36 116.61 50.14
2022 04 24 01 40 31.25 116.61 50.25
2022 04 24 01 41 31.14 116.61 50.37
2022 04 24 01 42 31.03 116.62 50.49
2022 04 24 01 43 30.92 116.62 50.60
2022 04 24 01 44 30.81 116.62 50.72
2022 04 24 01 45 30.70 116.62 50.84
2022 04 24 01 46 30.59 116.62 50.96
2022 04 24 01 47 30.48 116.62 51.08
2022 04 24 01 48 30.37 116.62 51.20
2022 04 24 01 49 30.26 116.62 51.32
2022 04 24 01 50 30.14 116.62 51.44
2022 04 24 01 51 30.03 116.62 51.57
2022 04 24 01 52 29.92 116.62 51.69
2022 04 24 01 53 29.81 116.62 51.81
2022 04 24 01 54 29.70 116.62 51.94
2022 04 24 01 55 29.59 116.62 52.06
2022 04 24 01 56 29.47 116.62 52.19
2022 04 24 01 57 29.36 116.61 52.31
2022 04 24 01 58 29.25 116.61 52.44
2022 04 24 01 59 29.14 116.61 52.57
2022 04 24 02 00 29.03 116.61 52.70
2022 04 24 02 01 28.92 116.61 52.82
2022 04 24 02 02 28.80 116.60 52.95
2022 04 24 02 03 28.69 116.60 53.08
2022 04 24 02 04 28.58 116.60 53.21
2022 04 24 02 05 28.47 116.59 53.34
2022 04 24 02 06 28.36 116.59 53.47
2022 04 24 02 07 28.24 116.59 53.61
2022 04 24 02 08 28.13 116.58 53.74
2022 04 24 02 09 28.02 116.58 53.87
2022 04 24 02 10 27.91 116.58 54.00
2022 04 24 02 11 27.79 116.57 54.14
2022 04 24 02 12 27.68 116.57 54.27
2022 04 24 02 13 27.57 116.56 54.41
2022 04 24 02 14 27.46 116.56 54.54
2022 04 24 02 15 27.34 116.55 54.68
2022 04 24 02 16 27.23 116.55 54.81
2022 04 24 02 17 27.12 116.54 54.95
2022 04 24 02 18 27.01 116.54 55.09
2022 04 24 02 19 26.90 116.53 55.23
2022 04 24 02 20 26.78 116.52 55.36
2022 04 24 02 21 26.67 116.52 55.50
2022 04 24 02 22 26.56 116.51 55.64
2022 04 24 02 23 26.45 116.51 55.78
2022 04 24 02 24 26.33 116.50 55.92
2022 04 24 02 25 26.22 116.49 56.06
2022 04 24 02 26 26.11 116.48 56.20
2022 04 24 02 27 26.00 116.48 56.34
2022 04 24 02 28 25.88 116.47 56.48
2022 04 24 02 29 25.77 116.46 56.63
2022 04 24 02 30 25.66 116.45 56.77
2022 04 24 02 31 25.55 116.44 56.91
2022 04 24 02 32 25.43 116.44 57.05
2022 04 24 02 33 25.32 116.43 57.20
2022 04 24 02 34 25.21 116.42 57.34
2022 04 24 02 35 25.10 116.41 57.49
2022 04 24 02 36 24.98 116.40 57.63
2022 04 24 02 37 24.87 116.39 57.78
2022 04 24 02 38 24.76 116.38 57.92
2022 04 24 02 39 24.65 116.37 58.07
2022 04 24 02 40 24.54 116.36 58.22
2022 04 24 02 41 24.42 116.35 58.36
2022 04 24 02 42 24.31 116.34 58.51
2022 04 24 02 43 24.20 116.33 58.66
2022 04 24 02 44 24.09 116.32 58.80
2022 04 24 02 45 23.97 116.31 58.95
2022 04 24 02 46 23.86 116.29 59.10
2022 04 24 02 47 23.75 116.28 59.25
2022 04 24 02 48 23.64 116.27 59.40
2022 04 24 02 49 23.53 116.26 59.55
2022 04 24 02 50 23.41 116.25 59.70
2022 04 24 02 51 23.30 116.23 59.85
2022 04 24 02 52 23.19 116.22 60.00
2022 04 24 02 53 23.08 116.21 60.15
2022 04 24 02 54 22.97 116.19 60.31
2022 04 24 02 55 22.86 116.18 60.46
2022 04 24 02 56 22.74 116.17 60.61
2022 04 24 02 57 22.63 116.15 60.76
2022 04 24 02 58 22.52 116.14 60.92
2022 04 24 02 59 22.41 116.12 61.07
2022 04 24 03 00 22.30 116.11 61.22
2022 04 24 03 01 22.19 116.09 61.38
2022 04 24 03 02 22.07 116.08 61.53
2022 04 24 03 03 21.96 116.06 61.69
2022 04 24 03 04 21.85 116.05 61.84
2022 04 24 03 05 21.74 116.03 62.00
2022 04 24 03 06 21.63 116.02 62.15
2022 04 24 03 07 21.52 116.00 62.31
2022 04 24 03 08 21.41 115.98 62.47
2022 04 24 03 09 21.30 115.97 62.62
2022 04 24 03 10 21.19 115.95 62.78
2022 04 24 03 11 21.08 115.93 62.94
2022 04 24 03 12 20.96 115.92 63.10
2022 04 24 03 13 20.85 115.90 63.25
2022 04 24 03 14 20.74 115.88 63.41
2022 04 24 03 15 20.63 115.86 63.57
2022 04 24 03 16 20.52 115.84 63.73
2022 04 24 03 17 20.41 115.83 63.89
2022 04 24 03 18 20.30 115.81 64.05
2022 04 24 03 19 20.19 115.79 64.21
2022 04 24 03 20 20.08 115.77 64.37
2022 04 24 03 21 19.97 115.75 64.53
2022 04 24 03 22 19.86 115.73 64.69
2022 04 24 03 23 19.75 115.71 64.85
2022 04 24 03 24 19.64 115.69 65.01
2022 04 24 03 25 19.53 115.67 65.18
2022 04 24 03 26 19.42 115.65 65.34
2022 04 24 03 27 19.32 115.63 65.50
2022 04 24 03 28 19.21 115.60 65.66
2022 04 24 03 29 19.10 115.58 65.83
2022 04 24 03 30 18.99 115.56 65.99
2022 04 24 03 31 18.88 115.54 66.15
2022 04 24 03 32 18.77 115.52 66.32
2022 04 24 03 33 18.66 115.49 66.48
2022 04 24 03 34 18.55 115.47 66.64
2022 04 24 03 35 18.44 115.45 66.81
2022 04 24 03 36 18.34 115.42 66.97
2022 04 24 03 37 18.23 115.40 67.14
2022 04 24 03 38 18.12 115.38 67.31
2022 04 24 03 39 18.01 115.35 67.47
2022 04 24 03 40 17.90 115.33 67.64
2022 04 24 03 41 17.80 115.30 67.80
2022 04 24 03 42 17.69 115.28 67.97
2022 04 24 03 43 17.58 115.25 68.14
2022 04 24 03 44 17.47 115.23 68.30
2022 04 24 03 45 17.37 115.20 68.47
2022 04 24 03 46 17.26 115.18 68.64
2022 04 24 03 47 17.15 115.15 68.81
2022 04 24 03 48 17.04 115.12 68.98
2022 04 24 03 49 16.94 115.10 69.15
2022 04 24 03 50 16.83 115.07 69.31
2022 04 24 03 51 16.72 115.04 69.48
2022 04 24 03 52 16.62 115.01 69.65
2022 04 24 03 53 16.51 114.98 69.82
2022 04 24 03 54 16.40 114.96 69.99
2022 04 24 03 55 16.30 114.93 70.16
2022 04 24 03 56 16.19 114.90 70.33
2022 04 24 03 57 16.09 114.87 70.51
2022 04 24 03 58 15.98 114.84 70.68
2022 04 24 03 59 15.88 114.81 70.85
2022 04 24 04 00 15.77 114.78 71.02
2022 04 24 04 01 15.67 114.75 71.19
2022 04 24 04 02 15.56 114.72 71.37
2022 04 24 04 03 15.46 114.69 71.54
2022 04 24 04 04 15.35 114.66 71.71
2022 04 24 04 05 15.25 114.62 71.88
2022 04 24 04 06 15.14 114.59 72.06
2022 04 24 04 07 15.04 114.56 72.23
2022 04 24 04 08 14.93 114.53 72.41
2022 04 24 04 09 14.83 114.50 72.58
2022 04 24 04 10 14.73 114.46 72.75
2022 04 24 04 11 14.62 114.43 72.93
2022 04 24 04 12 14.52 114.39 73.10
2022 04 24 04 13 14.42 114.36 73.28
2022 04 24 04 14 14.31 114.33 73.46
2022 04 24 04 15 14.21 114.29 73.63
2022 04 24 04 16 14.11 114.26 73.81
2022 04 24 04 17 14.00 114.22 73.98
2022 04 24 04 18 13.90 114.19 74.16
2022 04 24 04 19 13.80 114.15 74.34
2022 04 24 04 20 13.70 114.11 74.52
2022 04 24 04 21 13.60 114.08 74.69
2022 04 24 04 22 13.49 114.04 74.87
2022 04 24 04 23 13.39 114.00 75.05
2022 04 24 04 24 13.29 113.97 75.23
2022 04 24 04 25 13.19 113.93 75.41
2022 04 24 04 26 13.09 113.89 75.59
2022 04 24 04 27 12.99 113.85 75.77
2022 04 24 04 28 12.89 113.81 75.95
2022 04 24 04 29 12.79 113.77 76.13
2022 04 24 04 30 12.69 113.73 76.31
2022 04 24 04 31 12.59 113.69 76.49
2022 04 24 04 32 12.49 113.65 76.67
2022 04 24 04 33 12.39 113.61 76.85
2022 04 24 04 34 12.29 113.57 77.03
2022 04 24 04 35 12.19 113.53 77.21
2022 04 24 04 36 12.09 113.49 77.40
2022 04 24 04 37 11.99 113.45 77.58
2022 04 24 04 38 11.89 113.40 77.76
2022 04 24 04 39 11.79 113.36 77.95
2022 04 24 04 40 11.69 113.32 78.13
2022 04 24 04 41 11.60 113.28 78.31
2022 04 24 04 42 11.50 113.23 78.50
2022 04 24 04 43 11.40 113.19 78.68
2022 04 24 04 44 11.30 113.14 78.87
2022 04 24 04 45 11.21 113.10 79.05
2022 04 24 04 46 11.11 113.05 79.24
2022 04 24 04 47 11.01 113.01 79.42
2022 04 24 04 48 10.92 112.96 79.61
2022 04 24 04 49 10.82 112.92 79.80
2022 04 24 04 50 10.72 112.87 79.99
2022 04 24 04 51 10.63 112.82 80.17
2022 04 24 04 52 10.53 112.77 80.36
2022 04 24 04 53 10.44 0.00 0.00
2022 04 24 04 54 10.34 0.00 0.00
2022 04 24 04 55 10.25 0.00 0.00
2022 04 24 04 56 10.15 0.00 0.00
2022 04 24 04 57 10.06 0.00 0.00
2022 04 24 04 58 9.96 0.00 0.00
2022 04 24 04 59 9.87 0.00 0.00
