2022 04 08 17 00 25.65 0.00 0.00
2022 04 08 17 01 25.76 0.00 0.00
2022 04 08 17 02 25.87 0.00 0.00
2022 04 08 17 03 25.98 0.00 0.00
2022 04 08 17 04 26.09 0.00 0.00
2022 04 08 17 05 26.21 0.00 0.00
2022 04 08 17 06 26.32 0.00 0.00
2022 04 08 17 07 26.43 0.00 0.00
2022 04 08 17 08 26.54 0.00 0.00
2022 04 08 17 09 26.66 0.00 0.00
2022 04 08 17 10 26.77 0.00 0.00
2022 04 08 17 11 26.88 0.00 0.00
2022 04 08 17 12 26.99 0.00 0.00
2022 04 08 17 13 27.11 0.00 0.00
2022 04 08 17 14 27.22 0.00 0.00
2022 04 08 17 15 27.33 0.00 0.00
2022 04 08 17 16 27.44 0.00 0.00
2022 04 08 17 17 27.56 0.00 0.00
2022 04 08 17 18 27.67 0.00 0.00
2022 04 08 17 19 27.78 0.00 0.00
2022 04 08 17 20 27.89 0.00 0.00
2022 04 08 17 21 28.01 0.00 0.00
2022 04 08 17 22 28.12 0.00 0.00
2022 04 08 17 23 28.23 0.00 0.00
2022 04 08 17 24 28.34 0.00 0.00
2022 04 08 17 25 28.45 0.00 0.00
2022 04 08 17 26 28.57 0.00 0.00
2022 04 08 17 27 28.68 64.16 66.04
2022 04 08 17 28 28.79 64.34 66.13
2022 04 08 17 29 28.90 64.52 66.21
2022 04 08 17 30 29.01 64.70 66.30
2022 04 08 17 31 29.13 64.88 66.38
2022 04 08 17 32 29.24 65.07 66.46
2022 04 08 17 33 29.35 65.25 66.55
2022 04 08 17 34 29.46 65.43 66.63
2022 04 08 17 35 29.57 65.61 66.70
2022 04 08 17 36 29.68 65.79 66.78
2022 04 08 17 37 29.80 65.97 66.85
2022 04 08 17 38 29.91 66.16 66.93
2022 04 08 17 39 30.02 66.34 67.00
2022 04 08 17 40 30.13 66.52 67.07
2022 04 08 17 41 30.24 66.70 67.14
2022 04 08 17 42 30.35 66.88 67.21
2022 04 08 17 43 30.46 67.07 67.28
2022 04 08 17 44 30.58 67.25 67.34
2022 04 08 17 45 30.69 67.43 67.41
2022 04 08 17 46 30.80 67.62 67.47
2022 04 08 17 47 30.91 67.80 67.53
2022 04 08 17 48 31.02 67.98 67.59
2022 04 08 17 49 31.13 68.17 67.65
2022 04 08 17 50 31.24 68.35 67.70
2022 04 08 17 51 31.35 68.53 67.76
2022 04 08 17 52 31.46 68.72 67.81
2022 04 08 17 53 31.57 68.90 67.86
2022 04 08 17 54 31.68 69.08 67.92
2022 04 08 17 55 31.79 69.27 67.96
2022 04 08 17 56 31.90 69.45 68.01
2022 04 08 17 57 32.01 69.64 68.06
2022 04 08 17 58 32.12 69.82 68.10
2022 04 08 17 59 32.23 70.00 68.15
2022 04 08 18 00 32.34 70.19 68.19
2022 04 08 18 01 32.45 70.37 68.23
2022 04 08 18 02 32.56 70.55 68.27
2022 04 08 18 03 32.67 70.74 68.31
2022 04 08 18 04 32.78 70.92 68.34
2022 04 08 18 05 32.89 71.11 68.38
2022 04 08 18 06 33.00 71.29 68.41
2022 04 08 18 07 33.11 71.47 68.44
2022 04 08 18 08 33.22 71.66 68.48
2022 04 08 18 09 33.33 71.84 68.50
2022 04 08 18 10 33.43 72.02 68.53
2022 04 08 18 11 33.54 72.21 68.56
2022 04 08 18 12 33.65 72.39 68.58
2022 04 08 18 13 33.76 72.57 68.61
2022 04 08 18 14 33.87 72.76 68.63
2022 04 08 18 15 33.98 72.94 68.65
2022 04 08 18 16 34.08 73.12 68.67
2022 04 08 18 17 34.19 73.31 68.69
2022 04 08 18 18 34.30 73.49 68.70
2022 04 08 18 19 34.41 73.67 68.72
2022 04 08 18 20 34.51 73.86 68.73
2022 04 08 18 21 34.62 74.04 68.74
2022 04 08 18 22 34.73 74.22 68.75
2022 04 08 18 23 34.83 74.40 68.76
2022 04 08 18 24 34.94 74.59 68.77
2022 04 08 18 25 35.05 74.77 68.77
2022 04 08 18 26 35.15 74.95 68.78
2022 04 08 18 27 35.26 75.13 68.78
2022 04 08 18 28 35.37 75.31 68.79
2022 04 08 18 29 35.47 75.49 68.79
2022 04 08 18 30 35.58 75.68 68.78
2022 04 08 18 31 35.68 75.86 68.78
2022 04 08 18 32 35.79 76.04 68.78
2022 04 08 18 33 35.89 76.22 68.77
2022 04 08 18 34 36.00 76.40 68.77
2022 04 08 18 35 36.10 76.58 68.76
2022 04 08 18 36 36.21 76.76 68.75
2022 04 08 18 37 36.31 76.94 68.74
2022 04 08 18 38 36.42 77.12 68.73
2022 04 08 18 39 36.52 77.30 68.72
2022 04 08 18 40 36.63 77.48 68.70
2022 04 08 18 41 36.73 77.66 68.68
2022 04 08 18 42 36.83 77.84 68.67
2022 04 08 18 43 36.94 78.02 68.65
2022 04 08 18 44 37.04 78.19 68.63
2022 04 08 18 45 37.14 78.37 68.61
2022 04 08 18 46 37.25 78.55 68.58
2022 04 08 18 47 37.35 78.73 68.56
2022 04 08 18 48 37.45 78.91 68.54
2022 04 08 18 49 37.55 79.08 68.51
2022 04 08 18 50 37.65 79.26 68.48
2022 04 08 18 51 37.76 79.44 68.45
2022 04 08 18 52 37.86 79.61 68.42
2022 04 08 18 53 37.96 79.79 68.39
2022 04 08 18 54 38.06 79.97 68.36
2022 04 08 18 55 38.16 80.14 68.32
2022 04 08 18 56 38.26 80.32 68.29
2022 04 08 18 57 38.36 80.49 68.25
2022 04 08 18 58 38.46 80.67 68.21
2022 04 08 18 59 38.56 80.84 68.17
2022 04 08 19 00 38.66 81.02 68.13
2022 04 08 19 01 38.76 81.19 68.09
2022 04 08 19 02 38.86 81.36 68.04
2022 04 08 19 03 38.96 81.54 68.00
2022 04 08 19 04 39.06 81.71 67.95
2022 04 08 19 05 39.15 81.88 67.91
2022 04 08 19 06 39.25 82.06 67.86
2022 04 08 19 07 39.35 82.23 67.81
2022 04 08 19 08 39.45 82.40 67.76
2022 04 08 19 09 39.55 82.57 67.71
2022 04 08 19 10 39.64 82.74 67.65
2022 04 08 19 11 39.74 82.91 67.60
2022 04 08 19 12 39.84 83.08 67.54
2022 04 08 19 13 39.93 83.25 67.49
2022 04 08 19 14 40.03 83.42 67.43
2022 04 08 19 15 40.12 83.59 67.37
2022 04 08 19 16 40.22 83.76 67.31
2022 04 08 19 17 40.31 83.93 67.25
2022 04 08 19 18 40.41 84.10 67.19
2022 04 08 19 19 40.50 84.27 67.12
2022 04 08 19 20 40.60 84.44 67.06
2022 04 08 19 21 40.69 84.60 66.99
2022 04 08 19 22 40.79 84.77 66.93
2022 04 08 19 23 40.88 84.94 66.86
2022 04 08 19 24 40.97 85.11 66.79
2022 04 08 19 25 41.06 85.27 66.72
2022 04 08 19 26 41.16 85.44 66.65
2022 04 08 19 27 41.25 85.60 66.58
2022 04 08 19 28 41.34 85.77 66.50
2022 04 08 19 29 41.43 85.93 66.43
2022 04 08 19 30 41.52 86.10 66.35
2022 04 08 19 31 41.61 86.26 66.28
2022 04 08 19 32 41.70 86.42 66.20
2022 04 08 19 33 41.80 86.59 66.12
2022 04 08 19 34 41.88 86.75 66.04
2022 04 08 19 35 41.97 86.91 65.96
2022 04 08 19 36 42.06 87.07 65.88
2022 04 08 19 37 42.15 87.23 65.80
2022 04 08 19 38 42.24 87.40 65.71
2022 04 08 19 39 42.33 87.56 65.63
2022 04 08 19 40 42.42 87.72 65.54
2022 04 08 19 41 42.50 87.88 65.46
2022 04 08 19 42 42.59 88.04 65.37
2022 04 08 19 43 42.68 88.19 65.28
2022 04 08 19 44 42.76 88.35 65.19
2022 04 08 19 45 42.85 88.51 65.10
2022 04 08 19 46 42.94 88.67 65.01
2022 04 08 19 47 43.02 88.83 64.92
2022 04 08 19 48 43.11 88.98 64.83
2022 04 08 19 49 43.19 89.14 64.73
2022 04 08 19 50 43.27 89.30 64.64
2022 04 08 19 51 43.36 89.45 64.54
2022 04 08 19 52 43.44 89.61 64.45
2022 04 08 19 53 43.52 89.76 64.35
2022 04 08 19 54 43.61 89.92 64.25
2022 04 08 19 55 43.69 90.07 64.15
2022 04 08 19 56 43.77 90.22 64.05
2022 04 08 19 57 43.85 90.38 63.95
2022 04 08 19 58 43.93 90.53 63.85
2022 04 08 19 59 44.01 90.68 63.75
2022 04 08 20 00 44.09 90.83 63.65
2022 04 08 20 01 44.17 90.98 63.54
2022 04 08 20 02 44.25 91.13 63.44
2022 04 08 20 03 44.33 91.29 63.33
2022 04 08 20 04 44.41 91.44 63.23
2022 04 08 20 05 44.49 91.58 63.12
2022 04 08 20 06 44.56 91.73 63.01
2022 04 08 20 07 44.64 91.88 62.91
2022 04 08 20 08 44.72 92.03 62.80
2022 04 08 20 09 44.79 92.18 62.69
2022 04 08 20 10 44.87 92.33 62.58
2022 04 08 20 11 44.95 92.47 62.47
2022 04 08 20 12 45.02 92.62 62.36
2022 04 08 20 13 45.09 92.76 62.24
2022 04 08 20 14 45.17 92.91 62.13
2022 04 08 20 15 45.24 93.05 62.02
2022 04 08 20 16 45.32 93.20 61.90
2022 04 08 20 17 45.39 93.34 61.79
2022 04 08 20 18 45.46 93.49 61.68
2022 04 08 20 19 45.53 93.63 61.56
2022 04 08 20 20 45.60 93.77 61.44
2022 04 08 20 21 45.67 93.91 61.33
2022 04 08 20 22 45.74 94.06 61.21
2022 04 08 20 23 45.81 94.20 61.09
2022 04 08 20 24 45.88 94.34 60.98
2022 04 08 20 25 45.95 94.48 60.86
2022 04 08 20 26 46.02 94.62 60.74
2022 04 08 20 27 46.09 94.76 60.62
2022 04 08 20 28 46.15 94.89 60.50
2022 04 08 20 29 46.22 95.03 60.38
2022 04 08 20 30 46.29 95.17 60.26
2022 04 08 20 31 46.35 95.31 60.14
2022 04 08 20 32 46.42 95.45 60.01
2022 04 08 20 33 46.48 95.58 59.89
2022 04 08 20 34 46.55 95.72 59.77
2022 04 08 20 35 46.61 95.85 59.65
2022 04 08 20 36 46.67 95.99 59.53
2022 04 08 20 37 46.74 96.12 59.40
2022 04 08 20 38 46.80 96.26 59.28
2022 04 08 20 39 46.86 96.39 59.15
2022 04 08 20 40 46.92 96.52 59.03
2022 04 08 20 41 46.98 96.65 58.91
2022 04 08 20 42 47.04 96.79 58.78
2022 04 08 20 43 47.10 96.92 58.66
2022 04 08 20 44 47.16 97.05 58.53
2022 04 08 20 45 47.22 97.18 58.41
2022 04 08 20 46 47.28 97.31 58.28
2022 04 08 20 47 47.33 97.44 58.15
2022 04 08 20 48 47.39 97.57 58.03
2022 04 08 20 49 47.45 97.70 57.90
2022 04 08 20 50 47.50 97.82 57.78
2022 04 08 20 51 47.56 97.95 57.65
2022 04 08 20 52 47.61 98.08 57.52
2022 04 08 20 53 47.67 98.21 57.40
2022 04 08 20 54 47.72 98.33 57.27
2022 04 08 20 55 47.77 98.46 57.15
2022 04 08 20 56 47.82 98.58 57.02
2022 04 08 20 57 47.88 98.71 56.89
2022 04 08 20 58 47.93 98.83 56.77
2022 04 08 20 59 47.98 98.95 56.64
2022 04 08 21 00 48.03 99.08 56.51
2022 04 08 21 01 48.08 99.20 56.39
2022 04 08 21 02 48.12 99.32 56.26
2022 04 08 21 03 48.17 99.44 56.13
2022 04 08 21 04 48.22 99.56 56.01
2022 04 08 21 05 48.27 99.68 55.88
2022 04 08 21 06 48.31 99.80 55.76
2022 04 08 21 07 48.36 99.92 55.63
2022 04 08 21 08 48.40 100.04 55.50
2022 04 08 21 09 48.45 100.16 55.38
2022 04 08 21 10 48.49 100.28 55.25
2022 04 08 21 11 48.53 100.40 55.13
2022 04 08 21 12 48.58 100.51 55.00
2022 04 08 21 13 48.62 100.63 54.88
2022 04 08 21 14 48.66 100.75 54.76
2022 04 08 21 15 48.70 100.86 54.63
2022 04 08 21 16 48.74 100.98 54.51
2022 04 08 21 17 48.78 101.09 54.38
2022 04 08 21 18 48.82 101.20 54.26
2022 04 08 21 19 48.86 101.32 54.14
2022 04 08 21 20 48.89 101.43 54.02
2022 04 08 21 21 48.93 101.54 53.90
2022 04 08 21 22 48.97 101.66 53.77
2022 04 08 21 23 49.00 101.77 53.65
2022 04 08 21 24 49.04 101.88 53.53
2022 04 08 21 25 49.07 101.99 53.41
2022 04 08 21 26 49.11 102.10 53.29
2022 04 08 21 27 49.14 102.21 53.18
2022 04 08 21 28 49.17 102.32 53.06
2022 04 08 21 29 49.20 102.43 52.94
2022 04 08 21 30 49.23 102.53 52.82
2022 04 08 21 31 49.26 102.64 52.71
2022 04 08 21 32 49.29 102.75 52.59
2022 04 08 21 33 49.32 102.85 52.48
2022 04 08 21 34 49.35 102.96 52.36
2022 04 08 21 35 49.38 103.07 52.25
2022 04 08 21 36 49.41 103.17 52.13
2022 04 08 21 37 49.43 103.27 52.02
2022 04 08 21 38 49.46 103.38 51.91
2022 04 08 21 39 49.48 103.48 51.80
2022 04 08 21 40 49.51 103.59 51.69
2022 04 08 21 41 49.53 103.69 51.58
2022 04 08 21 42 49.55 103.79 51.47
2022 04 08 21 43 49.58 103.89 51.36
2022 04 08 21 44 49.60 103.99 51.26
2022 04 08 21 45 49.62 104.09 51.15
2022 04 08 21 46 49.64 104.19 51.04
2022 04 08 21 47 49.66 104.29 50.94
2022 04 08 21 48 49.68 104.39 50.84
2022 04 08 21 49 49.69 104.49 50.73
2022 04 08 21 50 49.71 104.59 50.63
2022 04 08 21 51 49.73 104.69 50.53
2022 04 08 21 52 49.75 104.78 50.43
2022 04 08 21 53 49.76 104.88 50.33
2022 04 08 21 54 49.78 104.97 50.24
2022 04 08 21 55 49.79 105.07 50.14
2022 04 08 21 56 49.80 105.17 50.05
2022 04 08 21 57 49.82 105.26 49.95
2022 04 08 21 58 49.83 105.35 49.86
2022 04 08 21 59 49.84 105.45 0.00
2022 04 08 22 00 49.85 105.54 0.00
2022 04 08 22 01 49.86 105.63 0.00
2022 04 08 22 02 49.87 105.73 0.00
2022 04 08 22 03 49.88 105.82 0.00
2022 04 08 22 04 49.88 105.91 0.00
2022 04 08 22 05 49.89 106.00 0.00
2022 04 08 22 06 49.90 106.09 0.00
2022 04 08 22 07 49.90 106.18 0.00
2022 04 08 22 08 49.91 106.27 0.00
2022 04 08 22 09 49.91 106.36 0.00
2022 04 08 22 10 49.92 106.45 0.00
2022 04 08 22 11 49.92 106.53 0.00
2022 04 08 22 12 49.92 106.62 0.00
2022 04 08 22 13 49.92 106.71 0.00
2022 04 08 22 14 49.92 106.79 0.00
2022 04 08 22 15 49.92 106.88 0.00
2022 04 08 22 16 49.92 106.96 0.00
2022 04 08 22 17 49.92 107.05 0.00
2022 04 08 22 18 49.92 107.13 0.00
2022 04 08 22 19 49.92 107.22 0.00
2022 04 08 22 20 49.91 107.30 0.00
2022 04 08 22 21 49.91 107.38 0.00
2022 04 08 22 22 49.90 107.47 0.00
2022 04 08 22 23 49.90 107.55 0.00
2022 04 08 22 24 49.89 107.63 0.00
2022 04 08 22 25 49.88 107.71 0.00
2022 04 08 22 26 49.88 107.79 0.00
2022 04 08 22 27 49.87 107.87 0.00
2022 04 08 22 28 49.86 107.95 0.00
2022 04 08 22 29 49.85 108.03 0.00
2022 04 08 22 30 49.84 108.11 0.00
2022 04 08 22 31 49.83 108.19 0.00
2022 04 08 22 32 49.82 108.27 0.00
2022 04 08 22 33 49.80 108.34 0.00
2022 04 08 22 34 49.79 108.42 0.00
2022 04 08 22 35 49.78 108.50 0.00
2022 04 08 22 36 49.76 108.57 0.00
2022 04 08 22 37 49.75 108.65 0.00
2022 04 08 22 38 49.73 108.72 0.00
2022 04 08 22 39 49.71 108.80 0.00
2022 04 08 22 40 49.70 108.87 0.00
2022 04 08 22 41 49.68 108.95 0.00
2022 04 08 22 42 49.66 109.02 0.00
2022 04 08 22 43 49.64 109.09 0.00
2022 04 08 22 44 49.62 109.17 0.00
2022 04 08 22 45 49.60 109.24 0.00
2022 04 08 22 46 49.58 109.31 0.00
2022 04 08 22 47 49.56 109.38 0.00
2022 04 08 22 48 49.53 109.45 0.00
2022 04 08 22 49 49.51 109.52 0.00
2022 04 08 22 50 49.48 109.59 0.00
2022 04 08 22 51 49.46 109.66 0.00
2022 04 08 22 52 49.43 109.73 0.00
2022 04 08 22 53 49.41 109.80 0.00
2022 04 08 22 54 49.38 109.87 0.00
2022 04 08 22 55 49.35 109.93 0.00
2022 04 08 22 56 49.33 110.00 0.00
2022 04 08 22 57 49.30 110.07 0.00
2022 04 08 22 58 49.27 110.13 0.00
2022 04 08 22 59 49.24 110.20 0.00
2022 04 08 23 00 49.21 110.27 0.00
2022 04 08 23 01 49.17 110.33 0.00
2022 04 08 23 02 49.14 110.40 0.00
2022 04 08 23 03 49.11 110.46 0.00
2022 04 08 23 04 49.08 110.52 0.00
2022 04 08 23 05 49.04 110.59 0.00
2022 04 08 23 06 49.01 110.65 0.00
2022 04 08 23 07 48.97 110.71 0.00
2022 04 08 23 08 48.94 110.77 0.00
2022 04 08 23 09 48.90 110.84 0.00
2022 04 08 23 10 48.86 110.90 0.00
2022 04 08 23 11 48.82 110.96 0.00
2022 04 08 23 12 48.78 111.02 0.00
2022 04 08 23 13 48.74 111.08 0.00
2022 04 08 23 14 48.70 111.14 0.00
2022 04 08 23 15 48.66 111.20 0.00
2022 04 08 23 16 48.62 111.26 0.00
2022 04 08 23 17 48.58 111.31 0.00
2022 04 08 23 18 48.54 111.37 0.00
2022 04 08 23 19 48.50 111.43 0.00
2022 04 08 23 20 48.45 111.49 0.00
2022 04 08 23 21 48.41 111.54 0.00
2022 04 08 23 22 48.36 111.60 0.00
2022 04 08 23 23 48.32 111.66 0.00
2022 04 08 23 24 48.27 111.71 0.00
2022 04 08 23 25 48.22 111.77 0.00
2022 04 08 23 26 48.18 111.82 0.00
2022 04 08 23 27 48.13 111.88 0.00
2022 04 08 23 28 48.08 111.93 0.00
2022 04 08 23 29 48.03 111.98 0.00
2022 04 08 23 30 47.98 112.04 0.00
2022 04 08 23 31 47.93 112.09 0.00
2022 04 08 23 32 47.88 112.14 0.00
2022 04 08 23 33 47.83 112.19 0.00
2022 04 08 23 34 47.78 112.25 0.00
2022 04 08 23 35 47.72 112.30 0.00
2022 04 08 23 36 47.67 112.35 0.00
2022 04 08 23 37 47.62 112.40 0.00
2022 04 08 23 38 47.56 112.45 0.00
2022 04 08 23 39 47.51 112.50 0.00
2022 04 08 23 40 47.45 112.55 0.00
2022 04 08 23 41 47.40 112.60 0.00
2022 04 08 23 42 47.34 112.65 0.00
2022 04 08 23 43 47.28 112.69 0.00
2022 04 08 23 44 47.22 112.74 0.00
2022 04 08 23 45 47.17 112.79 0.00
2022 04 08 23 46 47.11 112.84 0.00
2022 04 08 23 47 47.05 112.88 0.00
2022 04 08 23 48 46.99 112.93 0.00
2022 04 08 23 49 46.93 112.98 0.00
2022 04 08 23 50 46.87 113.02 0.00
2022 04 08 23 51 46.81 113.07 0.00
2022 04 08 23 52 46.74 113.11 0.00
2022 04 08 23 53 46.68 113.16 0.00
2022 04 08 23 54 46.62 113.20 0.00
2022 04 08 23 55 46.55 113.25 0.00
2022 04 08 23 56 46.49 113.29 0.00
2022 04 08 23 57 46.43 113.33 0.00
2022 04 08 23 58 46.36 113.37 0.00
2022 04 08 23 59 46.29 113.42 0.00
2022 04 09 00 00 46.23 113.46 0.00
2022 04 09 00 01 46.16 113.50 0.00
2022 04 09 00 02 46.09 113.54 0.00
2022 04 09 00 03 46.03 113.58 0.00
2022 04 09 00 04 45.96 113.62 0.00
2022 04 09 00 05 45.89 113.67 0.00
2022 04 09 00 06 45.82 113.71 0.00
2022 04 09 00 07 45.75 113.75 0.00
2022 04 09 00 08 45.68 113.78 0.00
2022 04 09 00 09 45.61 113.82 0.00
2022 04 09 00 10 45.54 113.86 0.00
2022 04 09 00 11 45.47 113.90 0.00
2022 04 09 00 12 45.39 113.94 0.00
2022 04 09 00 13 45.32 113.98 0.00
2022 04 09 00 14 45.25 114.01 0.00
2022 04 09 00 15 45.18 114.05 0.00
2022 04 09 00 16 45.10 114.09 0.00
2022 04 09 00 17 45.03 114.12 0.00
2022 04 09 00 18 44.95 114.16 0.00
2022 04 09 00 19 44.88 114.20 0.00
2022 04 09 00 20 44.80 114.23 0.00
2022 04 09 00 21 44.73 114.27 0.00
2022 04 09 00 22 44.65 114.30 0.00
2022 04 09 00 23 44.57 114.34 0.00
2022 04 09 00 24 44.49 114.37 0.00
2022 04 09 00 25 44.42 114.41 0.00
2022 04 09 00 26 44.34 114.44 0.00
2022 04 09 00 27 44.26 114.47 0.00
2022 04 09 00 28 44.18 114.51 0.00
2022 04 09 00 29 44.10 114.54 0.00
2022 04 09 00 30 44.02 114.57 0.00
2022 04 09 00 31 43.94 114.60 0.00
2022 04 09 00 32 43.86 114.63 0.00
2022 04 09 00 33 43.78 114.67 0.00
2022 04 09 00 34 43.70 114.70 0.00
2022 04 09 00 35 43.61 114.73 0.00
2022 04 09 00 36 43.53 114.76 0.00
2022 04 09 00 37 43.45 114.79 0.00
2022 04 09 00 38 43.37 114.82 0.00
2022 04 09 00 39 43.28 114.85 0.00
2022 04 09 00 40 43.20 114.88 0.00
2022 04 09 00 41 43.11 114.91 0.00
2022 04 09 00 42 43.03 114.94 0.00
2022 04 09 00 43 42.94 114.96 0.00
2022 04 09 00 44 42.86 114.99 0.00
2022 04 09 00 45 42.77 115.02 0.00
2022 04 09 00 46 42.69 115.05 0.00
2022 04 09 00 47 42.60 115.08 0.00
2022 04 09 00 48 42.51 115.10 0.00
2022 04 09 00 49 42.43 115.13 0.00
2022 04 09 00 50 42.34 115.16 0.00
2022 04 09 00 51 42.25 115.18 0.00
2022 04 09 00 52 42.16 115.21 0.00
2022 04 09 00 53 42.07 115.24 0.00
2022 04 09 00 54 41.98 115.26 0.00
2022 04 09 00 55 41.89 115.29 0.00
2022 04 09 00 56 41.80 115.31 0.00
2022 04 09 00 57 41.71 115.34 0.00
2022 04 09 00 58 41.62 115.36 0.00
2022 04 09 00 59 41.53 115.38 0.00
2022 04 09 01 00 41.44 115.41 0.00
2022 04 09 01 01 41.35 115.43 0.00
2022 04 09 01 02 41.26 115.45 0.00
2022 04 09 01 03 41.17 115.48 0.00
2022 04 09 01 04 41.07 115.50 0.00
2022 04 09 01 05 40.98 115.52 0.00
2022 04 09 01 06 40.89 115.55 0.00
2022 04 09 01 07 40.79 115.57 0.00
2022 04 09 01 08 40.70 115.59 0.00
2022 04 09 01 09 40.61 115.61 0.00
2022 04 09 01 10 40.51 115.63 0.00
2022 04 09 01 11 40.42 115.65 0.00
2022 04 09 01 12 40.32 115.67 0.00
2022 04 09 01 13 40.23 115.69 0.00
2022 04 09 01 14 40.13 115.71 0.00
2022 04 09 01 15 40.04 115.73 0.00
2022 04 09 01 16 39.94 115.75 0.00
2022 04 09 01 17 39.85 115.77 0.00
2022 04 09 01 18 39.75 115.79 0.00
2022 04 09 01 19 39.65 115.81 0.00
2022 04 09 01 20 39.56 115.83 0.00
2022 04 09 01 21 39.46 115.85 0.00
2022 04 09 01 22 39.36 115.87 0.00
2022 04 09 01 23 39.26 115.89 0.00
2022 04 09 01 24 39.16 115.90 0.00
2022 04 09 01 25 39.07 115.92 0.00
2022 04 09 01 26 38.97 115.94 0.00
2022 04 09 01 27 38.87 115.96 0.00
2022 04 09 01 28 38.77 115.97 0.00
2022 04 09 01 29 38.67 115.99 0.00
2022 04 09 01 30 38.57 116.01 0.00
2022 04 09 01 31 38.47 116.02 0.00
2022 04 09 01 32 38.37 116.04 0.00
2022 04 09 01 33 38.27 116.05 0.00
2022 04 09 01 34 38.17 116.07 0.00
2022 04 09 01 35 38.07 116.08 0.00
2022 04 09 01 36 37.97 116.10 0.00
2022 04 09 01 37 37.87 116.11 0.00
2022 04 09 01 38 37.77 116.13 0.00
2022 04 09 01 39 37.66 116.14 0.00
2022 04 09 01 40 37.56 116.16 0.00
2022 04 09 01 41 37.46 116.17 0.00
2022 04 09 01 42 37.36 116.18 0.00
2022 04 09 01 43 37.26 116.20 0.00
2022 04 09 01 44 37.15 116.21 0.00
2022 04 09 01 45 37.05 116.22 0.00
2022 04 09 01 46 36.95 116.24 0.00
2022 04 09 01 47 36.84 116.25 0.00
2022 04 09 01 48 36.74 116.26 0.00
2022 04 09 01 49 36.64 116.27 0.00
2022 04 09 01 50 36.53 116.29 0.00
2022 04 09 01 51 36.43 116.30 0.00
2022 04 09 01 52 36.32 116.31 0.00
2022 04 09 01 53 36.22 116.32 0.00
2022 04 09 01 54 36.11 116.33 0.00
2022 04 09 01 55 36.01 116.34 0.00
2022 04 09 01 56 35.90 116.35 0.00
2022 04 09 01 57 35.80 116.36 0.00
2022 04 09 01 58 35.69 116.37 0.00
2022 04 09 01 59 35.59 116.38 0.00
2022 04 09 02 00 35.48 116.39 0.00
2022 04 09 02 01 35.38 116.40 0.00
2022 04 09 02 02 35.27 116.41 0.00
2022 04 09 02 03 35.16 116.42 0.00
2022 04 09 02 04 35.06 116.43 0.00
2022 04 09 02 05 34.95 116.44 0.00
2022 04 09 02 06 34.84 116.45 0.00
2022 04 09 02 07 34.74 116.45 0.00
2022 04 09 02 08 34.63 116.46 0.00
2022 04 09 02 09 34.52 116.47 0.00
2022 04 09 02 10 34.42 116.48 0.00
2022 04 09 02 11 34.31 116.49 0.00
2022 04 09 02 12 34.20 116.49 0.00
2022 04 09 02 13 34.09 116.50 0.00
2022 04 09 02 14 33.99 116.51 0.00
2022 04 09 02 15 33.88 116.51 0.00
2022 04 09 02 16 33.77 116.52 0.00
2022 04 09 02 17 33.66 116.53 0.00
2022 04 09 02 18 33.55 116.53 0.00
2022 04 09 02 19 33.44 116.54 0.00
2022 04 09 02 20 33.34 116.54 0.00
2022 04 09 02 21 33.23 116.55 0.00
2022 04 09 02 22 33.12 116.55 0.00
2022 04 09 02 23 33.01 116.56 0.00
2022 04 09 02 24 32.90 116.56 0.00
2022 04 09 02 25 32.79 116.57 0.00
2022 04 09 02 26 32.68 116.57 0.00
2022 04 09 02 27 32.57 116.58 0.00
2022 04 09 02 28 32.46 116.58 0.00
2022 04 09 02 29 32.35 116.58 0.00
2022 04 09 02 30 32.24 116.59 0.00
2022 04 09 02 31 32.13 116.59 0.00
2022 04 09 02 32 32.02 116.59 0.00
2022 04 09 02 33 31.91 116.60 0.00
2022 04 09 02 34 31.80 116.60 0.00
2022 04 09 02 35 31.69 116.60 0.00
2022 04 09 02 36 31.58 116.61 0.00
2022 04 09 02 37 31.47 116.61 0.00
2022 04 09 02 38 31.36 116.61 0.00
2022 04 09 02 39 31.25 116.61 0.00
2022 04 09 02 40 31.14 116.61 0.00
2022 04 09 02 41 31.03 116.62 0.00
2022 04 09 02 42 30.92 116.62 0.00
2022 04 09 02 43 30.81 116.62 0.00
2022 04 09 02 44 30.70 116.62 0.00
2022 04 09 02 45 30.59 116.62 0.00
2022 04 09 02 46 30.48 116.62 0.00
2022 04 09 02 47 30.36 116.62 0.00
2022 04 09 02 48 30.25 116.62 0.00
2022 04 09 02 49 30.14 116.62 0.00
2022 04 09 02 50 30.03 116.62 0.00
2022 04 09 02 51 29.92 116.62 0.00
2022 04 09 02 52 29.81 116.62 0.00
2022 04 09 02 53 29.70 116.62 0.00
2022 04 09 02 54 29.58 116.62 0.00
2022 04 09 02 55 29.47 116.61 0.00
2022 04 09 02 56 29.36 116.61 0.00
2022 04 09 02 57 29.25 116.61 0.00
2022 04 09 02 58 29.14 116.61 0.00
2022 04 09 02 59 29.02 116.61 0.00
2022 04 09 03 00 28.91 116.61 0.00
2022 04 09 03 01 28.80 116.60 0.00
2022 04 09 03 02 28.69 116.60 0.00
2022 04 09 03 03 28.58 116.60 0.00
2022 04 09 03 04 28.46 116.59 0.00
2022 04 09 03 05 28.35 116.59 0.00
2022 04 09 03 06 28.24 116.59 0.00
2022 04 09 03 07 28.13 116.58 0.00
2022 04 09 03 08 28.02 116.58 0.00
2022 04 09 03 09 27.90 116.58 0.00
2022 04 09 03 10 27.79 116.57 0.00
2022 04 09 03 11 27.68 116.57 0.00
2022 04 09 03 12 27.57 116.56 0.00
2022 04 09 03 13 27.45 116.56 0.00
2022 04 09 03 14 27.34 116.55 0.00
2022 04 09 03 15 27.23 116.55 0.00
2022 04 09 03 16 27.12 116.54 0.00
2022 04 09 03 17 27.01 116.54 0.00
2022 04 09 03 18 26.89 116.53 0.00
2022 04 09 03 19 26.78 116.52 0.00
2022 04 09 03 20 26.67 116.52 0.00
2022 04 09 03 21 26.56 116.51 0.00
2022 04 09 03 22 26.44 116.50 0.00
2022 04 09 03 23 26.33 116.50 0.00
2022 04 09 03 24 26.22 116.49 0.00
2022 04 09 03 25 26.11 116.48 0.00
2022 04 09 03 26 25.99 116.48 0.00
2022 04 09 03 27 25.88 116.47 0.00
2022 04 09 03 28 25.77 116.46 0.00
2022 04 09 03 29 25.66 116.45 0.00
2022 04 09 03 30 25.54 116.44 0.00
2022 04 09 03 31 25.43 116.43 0.00
2022 04 09 03 32 25.32 116.43 0.00
2022 04 09 03 33 25.21 116.42 0.00
2022 04 09 03 34 25.09 116.41 0.00
2022 04 09 03 35 24.98 116.40 0.00
2022 04 09 03 36 24.87 116.39 0.00
2022 04 09 03 37 24.76 116.38 0.00
2022 04 09 03 38 24.64 116.37 0.00
2022 04 09 03 39 24.53 116.36 0.00
2022 04 09 03 40 24.42 116.35 0.00
2022 04 09 03 41 24.31 116.34 0.00
2022 04 09 03 42 24.20 116.33 0.00
2022 04 09 03 43 24.08 116.32 0.00
2022 04 09 03 44 23.97 116.30 0.00
2022 04 09 03 45 23.86 116.29 0.00
2022 04 09 03 46 23.75 116.28 0.00
2022 04 09 03 47 23.64 116.27 0.00
2022 04 09 03 48 23.52 116.26 0.00
2022 04 09 03 49 23.41 116.24 0.00
2022 04 09 03 50 23.30 116.23 0.00
2022 04 09 03 51 23.19 116.22 0.00
2022 04 09 03 52 23.08 116.21 0.00
2022 04 09 03 53 22.96 116.19 0.00
2022 04 09 03 54 22.85 116.18 0.00
2022 04 09 03 55 22.74 116.17 0.00
2022 04 09 03 56 22.63 116.15 0.00
2022 04 09 03 57 22.52 116.14 0.00
2022 04 09 03 58 22.41 116.12 0.00
2022 04 09 03 59 22.29 116.11 0.00
2022 04 09 04 00 22.18 116.09 0.00
2022 04 09 04 01 22.07 116.08 0.00
2022 04 09 04 02 21.96 116.06 0.00
2022 04 09 04 03 21.85 116.05 0.00
2022 04 09 04 04 21.74 116.03 0.00
2022 04 09 04 05 21.63 116.02 0.00
2022 04 09 04 06 21.52 116.00 0.00
2022 04 09 04 07 21.41 115.98 0.00
2022 04 09 04 08 21.29 115.97 0.00
2022 04 09 04 09 21.18 115.95 0.00
2022 04 09 04 10 21.07 115.93 0.00
2022 04 09 04 11 20.96 115.92 0.00
2022 04 09 04 12 20.85 115.90 0.00
2022 04 09 04 13 20.74 115.88 0.00
2022 04 09 04 14 20.63 115.86 0.00
2022 04 09 04 15 20.52 115.84 0.00
2022 04 09 04 16 20.41 115.82 0.00
2022 04 09 04 17 20.30 115.81 0.00
2022 04 09 04 18 20.19 115.79 0.00
2022 04 09 04 19 20.08 115.77 0.00
2022 04 09 04 20 19.97 115.75 0.00
2022 04 09 04 21 19.86 115.73 0.00
2022 04 09 04 22 19.75 115.71 0.00
2022 04 09 04 23 19.64 115.69 0.00
2022 04 09 04 24 19.53 115.67 0.00
2022 04 09 04 25 19.42 0.00 0.00
2022 04 09 04 26 19.31 0.00 0.00
2022 04 09 04 27 19.20 0.00 0.00
2022 04 09 04 28 19.09 0.00 0.00
2022 04 09 04 29 18.99 0.00 0.00
2022 04 09 04 30 18.88 0.00 0.00
2022 04 09 04 31 18.77 0.00 0.00
2022 04 09 04 32 18.66 0.00 0.00
2022 04 09 04 33 18.55 0.00 0.00
2022 04 09 04 34 18.44 0.00 0.00
2022 04 09 04 35 18.33 0.00 0.00
2022 04 09 04 36 18.23 0.00 0.00
2022 04 09 04 37 18.12 0.00 0.00
2022 04 09 04 38 18.01 0.00 0.00
2022 04 09 04 39 17.90 0.00 0.00
2022 04 09 04 40 17.79 0.00 0.00
2022 04 09 04 41 17.69 0.00 0.00
2022 04 09 04 42 17.58 0.00 0.00
2022 04 09 04 43 17.47 0.00 0.00
2022 04 09 04 44 17.36 0.00 0.00
2022 04 09 04 45 17.26 0.00 0.00
2022 04 09 04 46 17.15 0.00 0.00
2022 04 09 04 47 17.04 0.00 0.00
2022 04 09 04 48 16.94 0.00 0.00
2022 04 09 04 49 16.83 0.00 0.00
2022 04 09 04 50 16.72 0.00 0.00
2022 04 09 04 51 16.62 0.00 0.00
2022 04 09 04 52 16.51 0.00 0.00
2022 04 09 04 53 16.40 0.00 0.00
2022 04 09 04 54 16.30 0.00 0.00
2022 04 09 04 55 16.19 0.00 0.00
2022 04 09 04 56 16.09 0.00 0.00
2022 04 09 04 57 15.98 0.00 0.00
2022 04 09 04 58 15.87 0.00 0.00
2022 04 09 04 59 15.77 0.00 0.00
