2022 04 17 17 00 29.62 65.68 0.00
2022 04 17 17 01 29.73 65.86 0.00
2022 04 17 17 02 29.84 66.04 0.00
2022 04 17 17 03 29.95 66.22 0.00
2022 04 17 17 04 30.06 66.41 0.00
2022 04 17 17 05 30.17 66.59 0.00
2022 04 17 17 06 30.29 66.77 0.00
2022 04 17 17 07 30.40 66.95 0.00
2022 04 17 17 08 30.51 67.14 0.00
2022 04 17 17 09 30.62 67.32 0.00
2022 04 17 17 10 30.73 67.50 0.00
2022 04 17 17 11 30.84 67.69 0.00
2022 04 17 17 12 30.95 67.87 0.00
2022 04 17 17 13 31.06 68.05 0.00
2022 04 17 17 14 31.17 68.24 0.00
2022 04 17 17 15 31.28 68.42 0.00
2022 04 17 17 16 31.39 68.60 0.00
2022 04 17 17 17 31.50 68.79 0.00
2022 04 17 17 18 31.62 68.97 0.00
2022 04 17 17 19 31.73 69.15 0.00
2022 04 17 17 20 31.84 69.34 0.00
2022 04 17 17 21 31.95 69.52 0.00
2022 04 17 17 22 32.06 69.71 0.00
2022 04 17 17 23 32.17 69.89 0.00
2022 04 17 17 24 32.28 70.07 32.19
2022 04 17 17 25 32.39 70.26 32.15
2022 04 17 17 26 32.50 70.44 32.12
2022 04 17 17 27 32.60 70.62 32.08
2022 04 17 17 28 32.71 70.81 32.05
2022 04 17 17 29 32.82 70.99 32.02
2022 04 17 17 30 32.93 71.18 31.99
2022 04 17 17 31 33.04 71.36 31.96
2022 04 17 17 32 33.15 71.54 31.93
2022 04 17 17 33 33.26 71.73 31.90
2022 04 17 17 34 33.37 71.91 31.88
2022 04 17 17 35 33.48 72.09 31.86
2022 04 17 17 36 33.59 72.28 31.83
2022 04 17 17 37 33.69 72.46 31.81
2022 04 17 17 38 33.80 72.64 31.79
2022 04 17 17 39 33.91 72.83 31.77
2022 04 17 17 40 34.02 73.01 31.76
2022 04 17 17 41 34.13 73.19 31.74
2022 04 17 17 42 34.23 73.38 31.73
2022 04 17 17 43 34.34 73.56 31.71
2022 04 17 17 44 34.45 73.74 31.70
2022 04 17 17 45 34.56 73.93 31.69
2022 04 17 17 46 34.66 74.11 31.68
2022 04 17 17 47 34.77 74.29 31.68
2022 04 17 17 48 34.88 74.47 31.67
2022 04 17 17 49 34.98 74.65 31.67
2022 04 17 17 50 35.09 74.84 31.67
2022 04 17 17 51 35.20 75.02 31.66
2022 04 17 17 52 35.30 75.20 31.67
2022 04 17 17 53 35.41 75.38 31.67
2022 04 17 17 54 35.51 75.56 31.67
2022 04 17 17 55 35.62 75.74 31.68
2022 04 17 17 56 35.73 75.93 31.68
2022 04 17 17 57 35.83 76.11 31.69
2022 04 17 17 58 35.94 76.29 31.70
2022 04 17 17 59 36.04 76.47 31.71
2022 04 17 18 00 36.15 76.65 31.73
2022 04 17 18 01 36.25 76.83 31.74
2022 04 17 18 02 36.35 77.01 31.76
2022 04 17 18 03 36.46 77.19 31.78
2022 04 17 18 04 36.56 77.37 31.80
2022 04 17 18 05 36.67 77.55 31.82
2022 04 17 18 06 36.77 77.73 31.84
2022 04 17 18 07 36.87 77.91 31.87
2022 04 17 18 08 36.98 78.08 31.89
2022 04 17 18 09 37.08 78.26 31.92
2022 04 17 18 10 37.18 78.44 31.95
2022 04 17 18 11 37.29 78.62 31.99
2022 04 17 18 12 37.39 78.80 32.02
2022 04 17 18 13 37.49 78.97 32.05
2022 04 17 18 14 37.59 79.15 32.09
2022 04 17 18 15 37.69 79.33 32.13
2022 04 17 18 16 37.80 79.50 32.17
2022 04 17 18 17 37.90 79.68 32.21
2022 04 17 18 18 38.00 79.86 32.26
2022 04 17 18 19 38.10 80.03 32.30
2022 04 17 18 20 38.20 80.21 32.35
2022 04 17 18 21 38.30 80.38 32.40
2022 04 17 18 22 38.40 80.56 32.45
2022 04 17 18 23 38.50 80.73 32.51
2022 04 17 18 24 38.60 80.91 32.56
2022 04 17 18 25 38.70 81.08 32.62
2022 04 17 18 26 38.80 81.26 32.68
2022 04 17 18 27 38.90 81.43 32.74
2022 04 17 18 28 39.00 81.60 32.80
2022 04 17 18 29 39.10 81.78 32.87
2022 04 17 18 30 39.19 81.95 32.93
2022 04 17 18 31 39.29 82.12 33.00
2022 04 17 18 32 39.39 82.29 33.07
2022 04 17 18 33 39.49 82.47 33.14
2022 04 17 18 34 39.58 82.64 33.22
2022 04 17 18 35 39.68 82.81 33.29
2022 04 17 18 36 39.78 82.98 33.37
2022 04 17 18 37 39.87 83.15 33.45
2022 04 17 18 38 39.97 83.32 33.53
2022 04 17 18 39 40.07 83.49 33.62
2022 04 17 18 40 40.16 83.66 33.70
2022 04 17 18 41 40.26 83.83 33.79
2022 04 17 18 42 40.35 84.00 33.88
2022 04 17 18 43 40.45 84.17 33.97
2022 04 17 18 44 40.54 84.33 34.06
2022 04 17 18 45 40.64 84.50 34.16
2022 04 17 18 46 40.73 84.67 34.25
2022 04 17 18 47 40.82 84.84 34.35
2022 04 17 18 48 40.92 85.00 34.45
2022 04 17 18 49 41.01 85.17 34.55
2022 04 17 18 50 41.10 85.34 34.66
2022 04 17 18 51 41.19 85.50 34.76
2022 04 17 18 52 41.29 85.67 34.87
2022 04 17 18 53 41.38 85.83 34.98
2022 04 17 18 54 41.47 86.00 35.09
2022 04 17 18 55 41.56 86.16 35.21
2022 04 17 18 56 41.65 86.32 35.32
2022 04 17 18 57 41.74 86.49 35.44
2022 04 17 18 58 41.83 86.65 35.56
2022 04 17 18 59 41.92 86.81 35.68
2022 04 17 19 00 42.01 86.97 35.80
2022 04 17 19 01 42.10 87.14 35.93
2022 04 17 19 02 42.19 87.30 36.06
2022 04 17 19 03 42.28 87.46 36.18
2022 04 17 19 04 42.36 87.62 36.32
2022 04 17 19 05 42.45 87.78 36.45
2022 04 17 19 06 42.54 87.94 36.58
2022 04 17 19 07 42.63 88.10 36.72
2022 04 17 19 08 42.71 88.26 36.86
2022 04 17 19 09 42.80 88.41 37.00
2022 04 17 19 10 42.88 88.57 37.14
2022 04 17 19 11 42.97 88.73 37.28
2022 04 17 19 12 43.05 88.89 37.43
2022 04 17 19 13 43.14 89.04 37.58
2022 04 17 19 14 43.22 89.20 37.72
2022 04 17 19 15 43.31 89.36 37.88
2022 04 17 19 16 43.39 89.51 38.03
2022 04 17 19 17 43.47 89.67 38.18
2022 04 17 19 18 43.56 89.82 38.34
2022 04 17 19 19 43.64 89.98 38.50
2022 04 17 19 20 43.72 90.13 38.66
2022 04 17 19 21 43.80 90.28 38.82
2022 04 17 19 22 43.88 90.44 38.98
2022 04 17 19 23 43.96 90.59 39.15
2022 04 17 19 24 44.05 90.74 39.32
2022 04 17 19 25 44.12 90.89 39.49
2022 04 17 19 26 44.20 91.04 39.66
2022 04 17 19 27 44.28 91.19 39.83
2022 04 17 19 28 44.36 91.34 40.00
2022 04 17 19 29 44.44 91.49 40.18
2022 04 17 19 30 44.52 91.64 40.36
2022 04 17 19 31 44.60 91.79 40.54
2022 04 17 19 32 44.67 91.94 40.72
2022 04 17 19 33 44.75 92.09 40.90
2022 04 17 19 34 44.83 92.24 41.09
2022 04 17 19 35 44.90 92.38 41.28
2022 04 17 19 36 44.98 92.53 41.46
2022 04 17 19 37 45.05 92.68 41.65
2022 04 17 19 38 45.12 92.82 41.85
2022 04 17 19 39 45.20 92.97 42.04
2022 04 17 19 40 45.27 93.11 42.23
2022 04 17 19 41 45.34 93.26 42.43
2022 04 17 19 42 45.42 93.40 42.63
2022 04 17 19 43 45.49 93.54 42.83
2022 04 17 19 44 45.56 93.69 43.03
2022 04 17 19 45 45.63 93.83 43.24
2022 04 17 19 46 45.70 93.97 43.44
2022 04 17 19 47 45.77 94.11 43.65
2022 04 17 19 48 45.84 94.25 43.86
2022 04 17 19 49 45.91 94.39 44.07
2022 04 17 19 50 45.98 94.53 44.28
2022 04 17 19 51 46.05 94.67 44.49
2022 04 17 19 52 46.12 94.81 44.71
2022 04 17 19 53 46.18 94.95 44.92
2022 04 17 19 54 46.25 95.09 45.14
2022 04 17 19 55 46.31 95.22 45.36
2022 04 17 19 56 46.38 95.36 45.58
2022 04 17 19 57 46.45 95.50 45.81
2022 04 17 19 58 46.51 95.63 46.03
2022 04 17 19 59 46.57 95.77 46.26
2022 04 17 20 00 46.64 95.91 46.48
2022 04 17 20 01 46.70 96.04 46.71
2022 04 17 20 02 46.76 96.17 46.94
2022 04 17 20 03 46.82 96.31 47.18
2022 04 17 20 04 46.89 96.44 47.41
2022 04 17 20 05 46.95 96.57 47.64
2022 04 17 20 06 47.01 96.71 47.88
2022 04 17 20 07 47.07 96.84 48.12
2022 04 17 20 08 47.13 96.97 48.36
2022 04 17 20 09 47.19 97.10 48.60
2022 04 17 20 10 47.24 97.23 48.84
2022 04 17 20 11 47.30 97.36 49.09
2022 04 17 20 12 47.36 97.49 49.33
2022 04 17 20 13 47.41 97.62 49.58
2022 04 17 20 14 47.47 97.75 49.83
2022 04 17 20 15 47.53 97.87 50.08
2022 04 17 20 16 47.58 98.00 50.33
2022 04 17 20 17 47.63 98.13 50.58
2022 04 17 20 18 47.69 98.25 50.84
2022 04 17 20 19 47.74 98.38 51.09
2022 04 17 20 20 47.79 98.51 51.35
2022 04 17 20 21 47.85 98.63 51.61
2022 04 17 20 22 47.90 98.75 51.87
2022 04 17 20 23 47.95 98.88 52.13
2022 04 17 20 24 48.00 99.00 52.39
2022 04 17 20 25 48.05 99.12 52.66
2022 04 17 20 26 48.10 99.25 52.92
2022 04 17 20 27 48.14 99.37 53.19
2022 04 17 20 28 48.19 99.49 53.46
2022 04 17 20 29 48.24 99.61 53.72
2022 04 17 20 30 48.29 99.73 54.00
2022 04 17 20 31 48.33 99.85 54.27
2022 04 17 20 32 48.38 99.97 54.54
2022 04 17 20 33 48.42 100.09 54.81
2022 04 17 20 34 48.47 100.21 55.09
2022 04 17 20 35 48.51 100.33 55.37
2022 04 17 20 36 48.55 100.44 55.65
2022 04 17 20 37 48.60 100.56 55.93
2022 04 17 20 38 48.64 100.68 56.21
2022 04 17 20 39 48.68 100.79 56.49
2022 04 17 20 40 48.72 100.91 56.77
2022 04 17 20 41 48.76 101.02 57.06
2022 04 17 20 42 48.80 101.14 57.34
2022 04 17 20 43 48.84 101.25 57.63
2022 04 17 20 44 48.87 101.36 57.92
2022 04 17 20 45 48.91 101.48 58.21
2022 04 17 20 46 48.95 101.59 58.50
2022 04 17 20 47 48.98 101.70 58.79
2022 04 17 20 48 49.02 101.81 59.08
2022 04 17 20 49 49.05 101.92 59.38
2022 04 17 20 50 49.09 102.03 59.68
2022 04 17 20 51 49.12 102.14 59.97
2022 04 17 20 52 49.15 102.25 60.27
2022 04 17 20 53 49.19 102.36 60.57
2022 04 17 20 54 49.22 102.47 60.87
2022 04 17 20 55 49.25 102.58 61.17
2022 04 17 20 56 49.28 102.68 61.47
2022 04 17 20 57 49.31 102.79 61.78
2022 04 17 20 58 49.34 102.90 62.08
2022 04 17 20 59 49.36 103.00 62.39
2022 04 17 21 00 49.39 103.11 62.69
2022 04 17 21 01 49.42 103.21 63.00
2022 04 17 21 02 49.44 103.32 63.31
2022 04 17 21 03 49.47 103.42 63.62
2022 04 17 21 04 49.49 103.52 63.93
2022 04 17 21 05 49.52 103.63 64.25
2022 04 17 21 06 49.54 103.73 64.56
2022 04 17 21 07 49.56 103.83 64.88
2022 04 17 21 08 49.59 103.93 65.19
2022 04 17 21 09 49.61 104.03 65.51
2022 04 17 21 10 49.63 104.13 65.83
2022 04 17 21 11 49.65 104.23 66.14
2022 04 17 21 12 49.67 104.33 66.47
2022 04 17 21 13 49.69 104.43 66.79
2022 04 17 21 14 49.70 104.53 67.11
2022 04 17 21 15 49.72 104.63 67.43
2022 04 17 21 16 49.74 104.72 67.76
2022 04 17 21 17 49.75 104.82 68.08
2022 04 17 21 18 49.77 104.92 68.41
2022 04 17 21 19 49.78 105.01 68.73
2022 04 17 21 20 49.80 105.11 69.06
2022 04 17 21 21 49.81 105.20 69.39
2022 04 17 21 22 49.82 105.30 69.72
2022 04 17 21 23 49.83 105.39 70.05
2022 04 17 21 24 49.84 105.48 70.39
2022 04 17 21 25 49.85 105.58 70.72
2022 04 17 21 26 49.86 105.67 71.05
2022 04 17 21 27 49.87 105.76 71.39
2022 04 17 21 28 49.88 105.85 71.73
2022 04 17 21 29 49.89 105.94 72.06
2022 04 17 21 30 49.90 106.03 72.40
2022 04 17 21 31 49.90 106.12 72.74
2022 04 17 21 32 49.91 106.21 73.08
2022 04 17 21 33 49.91 106.30 73.42
2022 04 17 21 34 49.92 106.39 73.76
2022 04 17 21 35 49.92 106.48 74.11
2022 04 17 21 36 49.92 106.57 74.45
2022 04 17 21 37 49.92 106.65 74.80
2022 04 17 21 38 49.92 106.74 75.14
2022 04 17 21 39 49.93 106.83 75.49
2022 04 17 21 40 49.92 106.91 75.84
2022 04 17 21 41 49.92 107.00 76.19
2022 04 17 21 42 49.92 107.08 76.54
2022 04 17 21 43 49.92 107.17 76.89
2022 04 17 21 44 49.92 107.25 77.24
2022 04 17 21 45 49.91 107.33 77.59
2022 04 17 21 46 49.91 107.42 77.95
2022 04 17 21 47 49.90 107.50 78.30
2022 04 17 21 48 49.90 107.58 78.66
2022 04 17 21 49 49.89 107.66 79.01
2022 04 17 21 50 49.88 107.74 79.37
2022 04 17 21 51 49.88 107.82 79.73
2022 04 17 21 52 49.87 107.90 80.09
2022 04 17 21 53 49.86 107.98 80.45
2022 04 17 21 54 49.85 108.06 80.81
2022 04 17 21 55 49.84 108.14 81.18
2022 04 17 21 56 49.83 108.22 81.54
2022 04 17 21 57 49.81 108.30 81.91
2022 04 17 21 58 49.80 108.38 82.27
2022 04 17 21 59 49.79 108.45 82.64
2022 04 17 22 00 49.77 108.53 83.01
2022 04 17 22 01 49.76 108.60 83.38
2022 04 17 22 02 49.74 108.68 83.75
2022 04 17 22 03 49.73 108.76 84.12
2022 04 17 22 04 49.71 108.83 84.49
2022 04 17 22 05 49.69 108.90 84.87
2022 04 17 22 06 49.67 108.98 85.24
2022 04 17 22 07 49.65 109.05 85.62
2022 04 17 22 08 49.63 109.12 85.99
2022 04 17 22 09 49.61 109.20 86.37
2022 04 17 22 10 49.59 109.27 86.75
2022 04 17 22 11 49.57 109.34 87.13
2022 04 17 22 12 49.55 109.41 87.51
2022 04 17 22 13 49.53 109.48 87.90
2022 04 17 22 14 49.50 109.55 88.28
2022 04 17 22 15 49.48 109.62 88.67
2022 04 17 22 16 49.45 109.69 89.06
2022 04 17 22 17 49.43 109.76 89.44
2022 04 17 22 18 49.40 109.83 89.83
2022 04 17 22 19 49.37 109.89 90.22
2022 04 17 22 20 49.34 109.96 90.62
2022 04 17 22 21 49.32 110.03 91.01
2022 04 17 22 22 49.29 110.10 91.41
2022 04 17 22 23 49.26 110.16 91.80
2022 04 17 22 24 49.23 110.23 92.20
2022 04 17 22 25 49.20 110.29 92.60
2022 04 17 22 26 49.16 110.36 93.00
2022 04 17 22 27 49.13 110.42 93.40
2022 04 17 22 28 49.10 110.49 93.81
2022 04 17 22 29 49.06 110.55 94.21
2022 04 17 22 30 49.03 110.61 94.62
2022 04 17 22 31 48.99 110.68 95.03
2022 04 17 22 32 48.96 110.74 95.44
2022 04 17 22 33 48.92 110.80 95.85
2022 04 17 22 34 48.89 110.86 96.27
2022 04 17 22 35 48.85 110.92 96.68
2022 04 17 22 36 48.81 110.98 97.10
2022 04 17 22 37 48.77 111.04 97.52
2022 04 17 22 38 48.73 111.10 97.94
2022 04 17 22 39 48.69 111.16 98.37
2022 04 17 22 40 48.65 111.22 98.79
2022 04 17 22 41 48.61 111.28 99.22
2022 04 17 22 42 48.57 111.34 99.65
2022 04 17 22 43 48.52 111.40 100.08
2022 04 17 22 44 48.48 111.45 100.51
2022 04 17 22 45 48.44 111.51 100.95
2022 04 17 22 46 48.39 111.57 101.39
2022 04 17 22 47 48.35 111.62 101.83
2022 04 17 22 48 48.30 111.68 102.27
2022 04 17 22 49 48.26 111.73 102.71
2022 04 17 22 50 48.21 111.79 103.16
2022 04 17 22 51 48.16 111.84 103.61
2022 04 17 22 52 48.11 111.90 104.06
2022 04 17 22 53 48.06 111.95 104.51
2022 04 17 22 54 48.01 112.01 104.97
2022 04 17 22 55 47.96 112.06 105.43
2022 04 17 22 56 47.91 112.11 105.89
2022 04 17 22 57 47.86 112.16 106.35
2022 04 17 22 58 47.81 112.22 106.82
2022 04 17 22 59 47.76 112.27 107.28
2022 04 17 23 00 47.71 112.32 107.75
2022 04 17 23 01 47.65 112.37 108.23
2022 04 17 23 02 47.60 112.42 108.70
2022 04 17 23 03 47.54 112.47 109.18
2022 04 17 23 04 47.49 112.52 109.66
2022 04 17 23 05 47.43 112.57 110.14
2022 04 17 23 06 47.38 112.62 110.63
2022 04 17 23 07 47.32 112.67 111.11
2022 04 17 23 08 47.26 112.71 111.60
2022 04 17 23 09 47.20 112.76 112.09
2022 04 17 23 10 47.15 112.81 112.58
2022 04 17 23 11 47.09 112.86 113.08
2022 04 17 23 12 47.03 112.90 113.57
2022 04 17 23 13 46.97 112.95 114.07
2022 04 17 23 14 46.91 112.99 114.56
2022 04 17 23 15 46.84 113.04 115.06
2022 04 17 23 16 46.78 113.09 115.56
2022 04 17 23 17 46.72 113.13 116.06
2022 04 17 23 18 46.66 113.18 116.56
2022 04 17 23 19 46.59 113.22 117.05
2022 04 17 23 20 46.53 113.26 117.55
2022 04 17 23 21 46.47 113.31 118.04
2022 04 17 23 22 46.40 113.35 118.53
2022 04 17 23 23 46.34 113.39 119.02
2022 04 17 23 24 46.27 113.43 119.50
2022 04 17 23 25 46.20 113.48 119.98
2022 04 17 23 26 46.14 113.52 120.45
2022 04 17 23 27 46.07 113.56 120.91
2022 04 17 23 28 46.00 113.60 121.37
2022 04 17 23 29 45.93 113.64 121.82
2022 04 17 23 30 45.86 113.68 122.25
2022 04 17 23 31 45.79 113.72 122.67
2022 04 17 23 32 45.72 113.76 123.08
2022 04 17 23 33 45.65 113.80 123.47
2022 04 17 23 34 45.58 113.84 123.85
2022 04 17 23 35 45.51 113.88 124.20
2022 04 17 23 36 45.44 113.92 124.54
2022 04 17 23 37 45.37 113.95 124.85
2022 04 17 23 38 45.30 113.99 125.13
2022 04 17 23 39 45.22 114.03 125.38
2022 04 17 23 40 45.15 114.07 125.61
2022 04 17 23 41 45.07 114.10 125.80
2022 04 17 23 42 45.00 114.14 125.95
2022 04 17 23 43 44.93 114.18 126.07
2022 04 17 23 44 44.85 114.21 126.14
2022 04 17 23 45 44.77 114.25 126.17
2022 04 17 23 46 44.70 114.28 126.16
2022 04 17 23 47 44.62 114.32 126.10
2022 04 17 23 48 44.54 114.35 125.99
2022 04 17 23 49 44.47 114.39 125.84
2022 04 17 23 50 44.39 114.42 125.63
2022 04 17 23 51 44.31 114.45 125.37
2022 04 17 23 52 44.23 114.49 125.06
2022 04 17 23 53 44.15 114.52 124.70
2022 04 17 23 54 44.07 114.55 124.29
2022 04 17 23 55 43.99 114.58 123.83
2022 04 17 23 56 43.91 114.62 123.32
2022 04 17 23 57 43.83 114.65 122.77
2022 04 17 23 58 43.75 114.68 122.17
2022 04 17 23 59 43.67 114.71 121.53
2022 04 18 00 00 43.58 114.74 120.84
2022 04 18 00 01 43.50 114.77 120.13
2022 04 18 00 02 43.42 114.80 119.37
2022 04 18 00 03 43.33 114.83 118.59
2022 04 18 00 04 43.25 114.86 117.78
2022 04 18 00 05 43.17 114.89 116.94
2022 04 18 00 06 43.08 114.92 116.09
2022 04 18 00 07 43.00 114.95 115.21
2022 04 18 00 08 42.91 114.98 114.32
2022 04 18 00 09 42.83 115.01 113.42
2022 04 18 00 10 42.74 115.03 112.50
2022 04 18 00 11 42.65 115.06 111.58
2022 04 18 00 12 42.57 115.09 110.66
2022 04 18 00 13 42.48 115.11 109.73
2022 04 18 00 14 42.39 115.14 108.81
2022 04 18 00 15 42.30 115.17 107.88
2022 04 18 00 16 42.22 115.19 106.96
2022 04 18 00 17 42.13 115.22 106.05
2022 04 18 00 18 42.04 115.25 105.14
2022 04 18 00 19 41.95 115.27 104.24
2022 04 18 00 20 41.86 115.30 103.34
2022 04 18 00 21 41.77 115.32 102.46
2022 04 18 00 22 41.68 115.35 101.58
2022 04 18 00 23 41.59 115.37 100.72
2022 04 18 00 24 41.50 115.39 99.87
2022 04 18 00 25 41.41 115.42 99.03
2022 04 18 00 26 41.32 115.44 98.21
2022 04 18 00 27 41.22 115.46 97.39
2022 04 18 00 28 41.13 115.49 96.59
2022 04 18 00 29 41.04 115.51 95.80
2022 04 18 00 30 40.95 115.53 95.02
2022 04 18 00 31 40.85 115.56 94.26
2022 04 18 00 32 40.76 115.58 93.51
2022 04 18 00 33 40.67 115.60 92.77
2022 04 18 00 34 40.57 115.62 92.05
2022 04 18 00 35 40.48 115.64 91.33
2022 04 18 00 36 40.38 115.66 90.63
2022 04 18 00 37 40.29 115.68 89.94
2022 04 18 00 38 40.19 115.70 89.26
2022 04 18 00 39 40.10 115.72 88.60
2022 04 18 00 40 40.00 115.74 87.94
2022 04 18 00 41 39.91 115.76 87.30
2022 04 18 00 42 39.81 115.78 86.67
2022 04 18 00 43 39.71 115.80 86.05
2022 04 18 00 44 39.62 115.82 85.43
2022 04 18 00 45 39.52 115.84 84.83
2022 04 18 00 46 39.42 115.86 84.24
2022 04 18 00 47 39.32 115.88 83.66
2022 04 18 00 48 39.23 115.89 83.09
2022 04 18 00 49 39.13 115.91 82.52
2022 04 18 00 50 39.03 115.93 81.97
2022 04 18 00 51 38.93 115.95 81.42
2022 04 18 00 52 38.83 115.96 80.88
2022 04 18 00 53 38.73 115.98 80.35
2022 04 18 00 54 38.63 116.00 79.83
2022 04 18 00 55 38.53 116.01 79.32
2022 04 18 00 56 38.43 116.03 78.81
2022 04 18 00 57 38.33 116.04 78.31
2022 04 18 00 58 38.23 116.06 77.82
2022 04 18 00 59 38.13 116.08 77.33
2022 04 18 01 00 38.03 116.09 76.85
2022 04 18 01 01 37.93 116.11 76.38
2022 04 18 01 02 37.83 116.12 75.91
2022 04 18 01 03 37.73 116.13 75.45
2022 04 18 01 04 37.63 116.15 75.00
2022 04 18 01 05 37.52 116.16 74.55
2022 04 18 01 06 37.42 116.18 74.10
2022 04 18 01 07 37.32 116.19 73.67
2022 04 18 01 08 37.22 116.20 73.23
2022 04 18 01 09 37.11 116.22 72.81
2022 04 18 01 10 37.01 116.23 72.38
2022 04 18 01 11 36.91 116.24 71.97
2022 04 18 01 12 36.80 116.25 71.55
2022 04 18 01 13 36.70 116.27 71.14
2022 04 18 01 14 36.60 116.28 70.74
2022 04 18 01 15 36.49 116.29 70.34
2022 04 18 01 16 36.39 116.30 69.95
2022 04 18 01 17 36.28 116.31 69.55
2022 04 18 01 18 36.18 116.33 69.17
2022 04 18 01 19 36.07 116.34 68.78
2022 04 18 01 20 35.97 116.35 68.41
2022 04 18 01 21 35.86 116.36 68.03
2022 04 18 01 22 35.76 116.37 67.66
2022 04 18 01 23 35.65 116.38 67.29
2022 04 18 01 24 35.55 116.39 66.93
2022 04 18 01 25 35.44 116.40 66.56
2022 04 18 01 26 35.34 116.41 66.21
2022 04 18 01 27 35.23 116.42 65.85
2022 04 18 01 28 35.12 116.42 65.50
2022 04 18 01 29 35.02 116.43 65.15
2022 04 18 01 30 34.91 116.44 64.80
2022 04 18 01 31 34.80 116.45 64.46
2022 04 18 01 32 34.70 116.46 64.12
2022 04 18 01 33 34.59 116.47 63.78
2022 04 18 01 34 34.48 116.47 63.45
2022 04 18 01 35 34.38 116.48 63.12
2022 04 18 01 36 34.27 116.49 62.79
2022 04 18 01 37 34.16 116.50 62.46
2022 04 18 01 38 34.05 116.50 62.14
2022 04 18 01 39 33.94 116.51 61.82
2022 04 18 01 40 33.84 116.52 61.50
2022 04 18 01 41 33.73 116.52 61.18
2022 04 18 01 42 33.62 116.53 60.86
2022 04 18 01 43 33.51 116.54 60.55
2022 04 18 01 44 33.40 116.54 60.24
2022 04 18 01 45 33.29 116.55 59.93
2022 04 18 01 46 33.19 116.55 59.63
2022 04 18 01 47 33.08 116.56 59.32
2022 04 18 01 48 32.97 116.56 59.02
2022 04 18 01 49 32.86 116.57 58.72
2022 04 18 01 50 32.75 116.57 58.42
2022 04 18 01 51 32.64 116.58 58.12
2022 04 18 01 52 32.53 116.58 57.83
2022 04 18 01 53 32.42 116.58 57.54
2022 04 18 01 54 32.31 116.59 57.25
2022 04 18 01 55 32.20 116.59 56.96
2022 04 18 01 56 32.09 116.59 56.67
2022 04 18 01 57 31.98 116.60 56.38
2022 04 18 01 58 31.87 116.60 56.10
2022 04 18 01 59 31.76 116.60 55.82
2022 04 18 02 00 31.65 116.61 55.53
2022 04 18 02 01 31.54 116.61 55.25
2022 04 18 02 02 31.43 116.61 54.98
2022 04 18 02 03 31.32 116.61 54.70
2022 04 18 02 04 31.21 116.61 54.42
2022 04 18 02 05 31.10 116.62 54.15
2022 04 18 02 06 30.99 116.62 53.88
2022 04 18 02 07 30.88 116.62 53.61
2022 04 18 02 08 30.77 116.62 53.34
2022 04 18 02 09 30.65 116.62 53.07
2022 04 18 02 10 30.54 116.62 52.80
2022 04 18 02 11 30.43 116.62 52.54
2022 04 18 02 12 30.32 116.62 52.27
2022 04 18 02 13 30.21 116.62 52.01
2022 04 18 02 14 30.10 116.62 51.75
2022 04 18 02 15 29.99 116.62 51.49
2022 04 18 02 16 29.88 116.62 51.23
2022 04 18 02 17 29.76 116.62 50.97
2022 04 18 02 18 29.65 116.62 50.71
2022 04 18 02 19 29.54 116.62 50.46
2022 04 18 02 20 29.43 116.61 50.20
2022 04 18 02 21 29.32 116.61 49.95
2022 04 18 02 22 29.21 116.61 49.69
2022 04 18 02 23 29.09 116.61 49.44
2022 04 18 02 24 28.98 116.61 49.19
2022 04 18 02 25 28.87 116.61 48.94
2022 04 18 02 26 28.76 116.60 48.69
2022 04 18 02 27 28.65 116.60 48.44
2022 04 18 02 28 28.53 116.60 48.20
2022 04 18 02 29 28.42 116.59 47.95
2022 04 18 02 30 28.31 116.59 47.71
2022 04 18 02 31 28.20 116.59 47.46
2022 04 18 02 32 28.09 116.58 47.22
2022 04 18 02 33 27.97 116.58 46.98
2022 04 18 02 34 27.86 116.57 46.74
2022 04 18 02 35 27.75 116.57 46.50
2022 04 18 02 36 27.64 116.57 46.26
2022 04 18 02 37 27.52 116.56 46.02
2022 04 18 02 38 27.41 116.56 45.78
2022 04 18 02 39 27.30 116.55 45.54
2022 04 18 02 40 27.19 116.55 45.31
2022 04 18 02 41 27.07 116.54 45.07
2022 04 18 02 42 26.96 116.53 44.84
2022 04 18 02 43 26.85 116.53 44.60
2022 04 18 02 44 26.74 116.52 44.37
2022 04 18 02 45 26.62 116.52 44.14
2022 04 18 02 46 26.51 116.51 43.91
2022 04 18 02 47 26.40 116.50 43.67
2022 04 18 02 48 26.29 116.50 43.44
2022 04 18 02 49 26.17 116.49 43.22
2022 04 18 02 50 26.06 116.48 42.99
2022 04 18 02 51 25.95 116.47 42.76
2022 04 18 02 52 25.84 116.47 42.53
2022 04 18 02 53 25.73 116.46 42.30
2022 04 18 02 54 25.61 116.45 42.08
2022 04 18 02 55 25.50 116.44 41.85
2022 04 18 02 56 25.39 116.43 41.63
2022 04 18 02 57 25.28 116.42 41.40
2022 04 18 02 58 25.16 116.41 41.18
2022 04 18 02 59 25.05 116.41 40.96
2022 04 18 03 00 24.94 116.40 40.74
2022 04 18 03 01 24.83 116.39 40.51
2022 04 18 03 02 24.71 116.38 40.29
2022 04 18 03 03 24.60 116.37 40.07
2022 04 18 03 04 24.49 116.36 39.85
2022 04 18 03 05 24.38 116.35 39.63
2022 04 18 03 06 24.26 116.33 39.42
2022 04 18 03 07 24.15 116.32 39.20
2022 04 18 03 08 24.04 116.31 38.98
2022 04 18 03 09 23.93 116.30 38.76
2022 04 18 03 10 23.82 116.29 38.55
2022 04 18 03 11 23.70 116.28 38.33
2022 04 18 03 12 23.59 116.27 38.12
2022 04 18 03 13 23.48 116.25 37.90
2022 04 18 03 14 23.37 116.24 37.69
2022 04 18 03 15 23.26 116.23 37.47
2022 04 18 03 16 23.14 116.22 37.26
2022 04 18 03 17 23.03 116.20 37.05
2022 04 18 03 18 22.92 116.19 36.83
2022 04 18 03 19 22.81 116.18 36.62
2022 04 18 03 20 22.70 116.16 36.41
2022 04 18 03 21 22.59 116.15 36.20
2022 04 18 03 22 22.47 116.13 35.99
2022 04 18 03 23 22.36 116.12 35.78
2022 04 18 03 24 22.25 116.10 35.57
2022 04 18 03 25 22.14 116.09 35.36
2022 04 18 03 26 22.03 116.07 35.15
2022 04 18 03 27 21.92 116.06 34.94
2022 04 18 03 28 21.81 116.04 34.73
2022 04 18 03 29 21.70 116.03 34.53
2022 04 18 03 30 21.58 116.01 34.32
2022 04 18 03 31 21.47 115.99 34.11
2022 04 18 03 32 21.36 115.98 33.91
2022 04 18 03 33 21.25 115.96 33.70
2022 04 18 03 34 21.14 115.94 33.50
2022 04 18 03 35 21.03 115.93 33.29
2022 04 18 03 36 20.92 115.91 33.09
2022 04 18 03 37 20.81 115.89 32.88
2022 04 18 03 38 20.70 115.87 32.68
2022 04 18 03 39 20.59 115.86 32.48
2022 04 18 03 40 20.48 115.84 32.27
2022 04 18 03 41 20.37 115.82 32.07
2022 04 18 03 42 20.26 115.80 31.87
2022 04 18 03 43 20.15 115.78 31.67
2022 04 18 03 44 20.04 115.76 31.46
2022 04 18 03 45 19.93 115.74 31.26
2022 04 18 03 46 19.82 115.72 31.06
2022 04 18 03 47 19.71 115.70 30.86
2022 04 18 03 48 19.60 115.68 30.66
2022 04 18 03 49 19.49 115.66 30.46
2022 04 18 03 50 19.38 115.64 30.26
2022 04 18 03 51 19.27 115.62 30.06
2022 04 18 03 52 19.16 115.60 29.86
2022 04 18 03 53 19.05 115.57 29.66
2022 04 18 03 54 18.94 115.55 29.47
2022 04 18 03 55 18.83 115.53 29.27
2022 04 18 03 56 18.73 115.51 29.07
2022 04 18 03 57 18.62 115.49 28.87
2022 04 18 03 58 18.51 115.46 28.68
2022 04 18 03 59 18.40 115.44 28.48
2022 04 18 04 00 18.29 115.42 28.28
2022 04 18 04 01 18.18 115.39 28.09
2022 04 18 04 02 18.07 115.37 27.89
2022 04 18 04 03 17.97 115.34 27.70
2022 04 18 04 04 17.86 115.32 27.50
2022 04 18 04 05 17.75 115.29 27.31
2022 04 18 04 06 17.64 115.27 27.11
2022 04 18 04 07 17.54 115.24 26.92
2022 04 18 04 08 17.43 115.22 26.72
2022 04 18 04 09 17.32 115.19 26.53
2022 04 18 04 10 17.21 115.17 26.34
2022 04 18 04 11 17.11 115.14 26.14
2022 04 18 04 12 17.00 115.11 25.95
2022 04 18 04 13 16.89 115.08 25.76
2022 04 18 04 14 16.79 115.06 25.56
2022 04 18 04 15 16.68 115.03 25.37
2022 04 18 04 16 16.57 115.00 25.18
2022 04 18 04 17 16.47 114.97 24.99
2022 04 18 04 18 16.36 114.94 24.80
2022 04 18 04 19 16.26 114.92 24.60
2022 04 18 04 20 16.15 114.89 24.41
2022 04 18 04 21 16.04 114.86 24.22
2022 04 18 04 22 15.94 114.83 24.03
2022 04 18 04 23 15.83 114.80 23.84
2022 04 18 04 24 15.73 114.77 23.65
2022 04 18 04 25 15.62 114.74 23.46
2022 04 18 04 26 15.52 114.71 23.27
2022 04 18 04 27 15.41 114.68 23.08
2022 04 18 04 28 15.31 114.64 22.89
2022 04 18 04 29 15.20 114.61 22.71
2022 04 18 04 30 15.10 114.58 22.52
2022 04 18 04 31 15.00 114.55 22.33
2022 04 18 04 32 14.89 114.52 22.14
2022 04 18 04 33 14.79 114.48 21.95
2022 04 18 04 34 14.68 114.45 21.76
2022 04 18 04 35 14.58 114.42 21.58
2022 04 18 04 36 14.48 114.38 21.39
2022 04 18 04 37 14.37 114.35 21.20
2022 04 18 04 38 14.27 114.31 21.02
2022 04 18 04 39 14.17 114.28 20.83
2022 04 18 04 40 14.06 114.24 20.64
2022 04 18 04 41 13.96 114.21 20.46
2022 04 18 04 42 13.86 114.17 20.27
2022 04 18 04 43 13.76 114.14 20.08
2022 04 18 04 44 13.66 114.10 19.90
2022 04 18 04 45 13.55 114.06 19.71
2022 04 18 04 46 13.45 114.03 19.53
2022 04 18 04 47 13.35 113.99 19.34
2022 04 18 04 48 13.25 113.95 19.16
2022 04 18 04 49 13.15 113.91 18.97
2022 04 18 04 50 13.05 113.87 18.79
2022 04 18 04 51 12.95 0.00 0.00
2022 04 18 04 52 12.85 0.00 0.00
2022 04 18 04 53 12.75 0.00 0.00
2022 04 18 04 54 12.65 0.00 0.00
2022 04 18 04 55 12.55 0.00 0.00
2022 04 18 04 56 12.45 0.00 0.00
2022 04 18 04 57 12.35 0.00 0.00
2022 04 18 04 58 12.25 0.00 0.00
2022 04 18 04 59 12.15 0.00 0.00
