2022 04 20 17 00 30.93 0.00 0.00
2022 04 20 17 01 31.04 0.00 0.00
2022 04 20 17 02 31.15 0.00 0.00
2022 04 20 17 03 31.26 0.00 0.00
2022 04 20 17 04 31.37 0.00 0.00
2022 04 20 17 05 31.48 0.00 0.00
2022 04 20 17 06 31.59 0.00 0.00
2022 04 20 17 07 31.70 0.00 0.00
2022 04 20 17 08 31.81 0.00 0.00
2022 04 20 17 09 31.92 0.00 0.00
2022 04 20 17 10 32.03 0.00 0.00
2022 04 20 17 11 32.14 0.00 0.00
2022 04 20 17 12 32.25 0.00 0.00
2022 04 20 17 13 32.36 0.00 0.00
2022 04 20 17 14 32.47 0.00 0.00
2022 04 20 17 15 32.58 0.00 0.00
2022 04 20 17 16 32.69 0.00 0.00
2022 04 20 17 17 32.80 70.95 0.00
2022 04 20 17 18 32.91 71.14 0.00
2022 04 20 17 19 33.02 71.32 0.00
2022 04 20 17 20 33.13 71.51 0.00
2022 04 20 17 21 33.24 71.69 0.00
2022 04 20 17 22 33.35 71.87 0.00
2022 04 20 17 23 33.45 72.06 0.00
2022 04 20 17 24 33.56 72.24 0.00
2022 04 20 17 25 33.67 72.42 0.00
2022 04 20 17 26 33.78 72.61 0.00
2022 04 20 17 27 33.89 72.79 0.00
2022 04 20 17 28 34.00 72.97 0.00
2022 04 20 17 29 34.10 73.16 0.00
2022 04 20 17 30 34.21 73.34 0.00
2022 04 20 17 31 34.32 73.52 0.00
2022 04 20 17 32 34.43 73.71 0.00
2022 04 20 17 33 34.53 73.89 0.00
2022 04 20 17 34 34.64 74.07 0.00
2022 04 20 17 35 34.75 74.25 0.00
2022 04 20 17 36 34.85 74.44 0.00
2022 04 20 17 37 34.96 74.62 0.00
2022 04 20 17 38 35.07 74.80 0.00
2022 04 20 17 39 35.17 74.98 0.00
2022 04 20 17 40 35.28 75.16 0.00
2022 04 20 17 41 35.39 75.35 0.00
2022 04 20 17 42 35.49 75.53 0.00
2022 04 20 17 43 35.60 75.71 0.00
2022 04 20 17 44 35.70 75.89 0.00
2022 04 20 17 45 35.81 76.07 0.00
2022 04 20 17 46 35.91 76.25 0.00
2022 04 20 17 47 36.02 76.43 0.00
2022 04 20 17 48 36.12 76.61 0.00
2022 04 20 17 49 36.23 76.79 0.00
2022 04 20 17 50 36.33 76.97 0.00
2022 04 20 17 51 36.44 77.15 0.00
2022 04 20 17 52 36.54 77.33 0.00
2022 04 20 17 53 36.65 77.51 0.00
2022 04 20 17 54 36.75 77.69 0.00
2022 04 20 17 55 36.85 77.87 0.00
2022 04 20 17 56 36.96 78.05 0.00
2022 04 20 17 57 37.06 78.23 0.00
2022 04 20 17 58 37.16 78.40 0.00
2022 04 20 17 59 37.26 78.58 0.00
2022 04 20 18 00 37.37 78.76 0.00
2022 04 20 18 01 37.47 78.94 0.00
2022 04 20 18 02 37.57 79.11 0.00
2022 04 20 18 03 37.67 79.29 0.00
2022 04 20 18 04 37.77 79.47 0.00
2022 04 20 18 05 37.88 79.65 0.00
2022 04 20 18 06 37.98 79.82 0.00
2022 04 20 18 07 38.08 80.00 0.00
2022 04 20 18 08 38.18 80.17 0.00
2022 04 20 18 09 38.28 80.35 0.00
2022 04 20 18 10 38.38 80.52 0.00
2022 04 20 18 11 38.48 80.70 0.00
2022 04 20 18 12 38.58 80.87 0.00
2022 04 20 18 13 38.68 81.05 0.00
2022 04 20 18 14 38.78 81.22 0.00
2022 04 20 18 15 38.88 81.40 0.00
2022 04 20 18 16 38.98 81.57 0.00
2022 04 20 18 17 39.08 81.74 0.00
2022 04 20 18 18 39.17 81.91 0.00
2022 04 20 18 19 39.27 82.09 0.00
2022 04 20 18 20 39.37 82.26 0.00
2022 04 20 18 21 39.47 82.43 0.00
2022 04 20 18 22 39.56 82.60 0.00
2022 04 20 18 23 39.66 82.77 0.00
2022 04 20 18 24 39.76 82.95 0.00
2022 04 20 18 25 39.85 83.12 0.00
2022 04 20 18 26 39.95 83.29 0.00
2022 04 20 18 27 40.05 83.46 0.00
2022 04 20 18 28 40.14 83.63 0.00
2022 04 20 18 29 40.24 83.79 0.00
2022 04 20 18 30 40.33 83.96 0.00
2022 04 20 18 31 40.43 84.13 0.00
2022 04 20 18 32 40.52 84.30 0.00
2022 04 20 18 33 40.62 84.47 0.00
2022 04 20 18 34 40.71 84.64 0.00
2022 04 20 18 35 40.80 84.80 0.00
2022 04 20 18 36 40.90 84.97 0.00
2022 04 20 18 37 40.99 85.14 0.00
2022 04 20 18 38 41.08 85.30 0.00
2022 04 20 18 39 41.17 85.47 0.00
2022 04 20 18 40 41.27 85.63 0.00
2022 04 20 18 41 41.36 85.80 0.00
2022 04 20 18 42 41.45 85.96 0.00
2022 04 20 18 43 41.54 86.13 0.00
2022 04 20 18 44 41.63 86.29 0.00
2022 04 20 18 45 41.72 86.45 0.00
2022 04 20 18 46 41.81 86.62 0.00
2022 04 20 18 47 41.90 86.78 0.00
2022 04 20 18 48 41.99 86.94 0.00
2022 04 20 18 49 42.08 87.10 0.00
2022 04 20 18 50 42.17 87.26 0.00
2022 04 20 18 51 42.26 87.42 0.00
2022 04 20 18 52 42.35 87.59 0.00
2022 04 20 18 53 42.43 87.75 0.00
2022 04 20 18 54 42.52 87.91 0.00
2022 04 20 18 55 42.61 88.06 0.00
2022 04 20 18 56 42.69 88.22 0.00
2022 04 20 18 57 42.78 88.38 0.00
2022 04 20 18 58 42.87 88.54 0.00
2022 04 20 18 59 42.95 88.70 0.00
2022 04 20 19 00 43.04 88.86 0.00
2022 04 20 19 01 43.12 89.01 0.00
2022 04 20 19 02 43.21 89.17 0.00
2022 04 20 19 03 43.29 89.32 0.00
2022 04 20 19 04 43.37 89.48 0.00
2022 04 20 19 05 43.46 89.64 0.00
2022 04 20 19 06 43.54 89.79 0.00
2022 04 20 19 07 43.62 89.94 0.00
2022 04 20 19 08 43.70 90.10 0.00
2022 04 20 19 09 43.79 90.25 0.00
2022 04 20 19 10 43.87 90.40 0.00
2022 04 20 19 11 43.95 90.56 0.00
2022 04 20 19 12 44.03 90.71 0.00
2022 04 20 19 13 44.11 90.86 0.00
2022 04 20 19 14 44.19 91.01 0.00
2022 04 20 19 15 44.27 91.16 0.00
2022 04 20 19 16 44.35 91.31 0.00
2022 04 20 19 17 44.42 91.46 0.00
2022 04 20 19 18 44.50 91.61 0.00
2022 04 20 19 19 44.58 91.76 0.00
2022 04 20 19 20 44.66 91.91 0.00
2022 04 20 19 21 44.73 92.06 0.00
2022 04 20 19 22 44.81 92.21 0.00
2022 04 20 19 23 44.89 92.35 0.00
2022 04 20 19 24 44.96 92.50 0.00
2022 04 20 19 25 45.04 92.65 0.00
2022 04 20 19 26 45.11 92.79 0.00
2022 04 20 19 27 45.18 92.94 0.00
2022 04 20 19 28 45.26 93.08 0.00
2022 04 20 19 29 45.33 93.23 0.00
2022 04 20 19 30 45.40 93.37 0.00
2022 04 20 19 31 45.47 93.51 0.00
2022 04 20 19 32 45.55 93.66 0.00
2022 04 20 19 33 45.62 93.80 0.00
2022 04 20 19 34 45.69 93.94 0.00
2022 04 20 19 35 45.76 94.08 0.00
2022 04 20 19 36 45.83 94.22 0.00
2022 04 20 19 37 45.90 94.36 0.00
2022 04 20 19 38 45.97 94.50 0.00
2022 04 20 19 39 46.03 94.64 0.00
2022 04 20 19 40 46.10 94.78 0.00
2022 04 20 19 41 46.17 94.92 0.00
2022 04 20 19 42 46.23 95.06 0.00
2022 04 20 19 43 46.30 95.20 0.00
2022 04 20 19 44 46.37 95.33 0.00
2022 04 20 19 45 46.43 95.47 0.00
2022 04 20 19 46 46.50 95.61 0.00
2022 04 20 19 47 46.56 95.74 0.00
2022 04 20 19 48 46.62 95.88 0.00
2022 04 20 19 49 46.69 96.01 0.00
2022 04 20 19 50 46.75 96.15 0.00
2022 04 20 19 51 46.81 96.28 0.00
2022 04 20 19 52 46.87 96.41 0.00
2022 04 20 19 53 46.93 96.55 0.00
2022 04 20 19 54 46.99 96.68 46.88
2022 04 20 19 55 47.05 96.81 46.81
2022 04 20 19 56 47.11 96.94 46.74
2022 04 20 19 57 47.17 97.07 46.67
2022 04 20 19 58 47.23 97.20 46.60
2022 04 20 19 59 47.29 97.33 46.53
2022 04 20 20 00 47.35 97.46 46.46
2022 04 20 20 01 47.40 97.59 46.40
2022 04 20 20 02 47.46 97.72 46.33
2022 04 20 20 03 47.51 97.85 46.27
2022 04 20 20 04 47.57 97.98 46.20
2022 04 20 20 05 47.62 98.10 46.14
2022 04 20 20 06 47.68 98.23 46.08
2022 04 20 20 07 47.73 98.35 46.02
2022 04 20 20 08 47.78 98.48 45.96
2022 04 20 20 09 47.83 98.61 45.90
2022 04 20 20 10 47.89 98.73 45.84
2022 04 20 20 11 47.94 98.85 45.78
2022 04 20 20 12 47.99 98.98 45.73
2022 04 20 20 13 48.04 99.10 45.67
2022 04 20 20 14 48.09 99.22 45.62
2022 04 20 20 15 48.13 99.34 45.57
2022 04 20 20 16 48.18 99.47 45.52
2022 04 20 20 17 48.23 99.59 45.47
2022 04 20 20 18 48.28 99.71 45.42
2022 04 20 20 19 48.32 99.83 45.37
2022 04 20 20 20 48.37 99.95 45.33
2022 04 20 20 21 48.41 100.06 45.28
2022 04 20 20 22 48.46 100.18 45.24
2022 04 20 20 23 48.50 100.30 45.20
2022 04 20 20 24 48.54 100.42 45.15
2022 04 20 20 25 48.59 100.54 45.11
2022 04 20 20 26 48.63 100.65 45.08
2022 04 20 20 27 48.67 100.77 45.04
2022 04 20 20 28 48.71 100.88 45.00
2022 04 20 20 29 48.75 101.00 44.97
2022 04 20 20 30 48.79 101.11 44.94
2022 04 20 20 31 48.83 101.23 44.91
2022 04 20 20 32 48.87 101.34 44.88
2022 04 20 20 33 48.90 101.45 44.85
2022 04 20 20 34 48.94 101.56 44.82
2022 04 20 20 35 48.98 101.68 44.80
2022 04 20 20 36 49.01 101.79 44.77
2022 04 20 20 37 49.05 101.90 44.75
2022 04 20 20 38 49.08 102.01 44.73
2022 04 20 20 39 49.11 102.12 44.71
2022 04 20 20 40 49.15 102.23 44.69
2022 04 20 20 41 49.18 102.34 44.67
2022 04 20 20 42 49.21 102.45 44.66
2022 04 20 20 43 49.24 102.55 44.65
2022 04 20 20 44 49.27 102.66 44.64
2022 04 20 20 45 49.30 102.77 44.63
2022 04 20 20 46 49.33 102.87 44.62
2022 04 20 20 47 49.36 102.98 44.61
2022 04 20 20 48 49.39 103.09 44.61
2022 04 20 20 49 49.41 103.19 44.60
2022 04 20 20 50 49.44 103.29 44.60
2022 04 20 20 51 49.46 103.40 44.60
2022 04 20 20 52 49.49 103.50 44.60
2022 04 20 20 53 49.51 103.60 44.60
2022 04 20 20 54 49.54 103.71 44.61
2022 04 20 20 55 49.56 103.81 44.62
2022 04 20 20 56 49.58 103.91 44.62
2022 04 20 20 57 49.60 104.01 44.63
2022 04 20 20 58 49.62 104.11 44.65
2022 04 20 20 59 49.64 104.21 44.66
2022 04 20 21 00 49.66 104.31 44.67
2022 04 20 21 01 49.68 104.41 44.69
2022 04 20 21 02 49.70 104.51 44.71
2022 04 20 21 03 49.72 104.61 44.73
2022 04 20 21 04 49.73 104.70 44.75
2022 04 20 21 05 49.75 104.80 44.78
2022 04 20 21 06 49.76 104.90 44.80
2022 04 20 21 07 49.78 104.99 44.83
2022 04 20 21 08 49.79 105.09 44.86
2022 04 20 21 09 49.81 105.18 44.89
2022 04 20 21 10 49.82 105.28 44.92
2022 04 20 21 11 49.83 105.37 44.95
2022 04 20 21 12 49.84 105.47 44.99
2022 04 20 21 13 49.85 105.56 45.03
2022 04 20 21 14 49.86 105.65 45.07
2022 04 20 21 15 49.87 105.74 45.11
2022 04 20 21 16 49.88 105.83 45.15
2022 04 20 21 17 49.89 105.93 45.20
2022 04 20 21 18 49.89 106.02 45.24
2022 04 20 21 19 49.90 106.11 45.29
2022 04 20 21 20 49.91 106.20 45.34
2022 04 20 21 21 49.91 106.29 45.39
2022 04 20 21 22 49.91 106.37 45.45
2022 04 20 21 23 49.92 106.46 45.50
2022 04 20 21 24 49.92 106.55 45.56
2022 04 20 21 25 49.92 106.64 45.62
2022 04 20 21 26 49.92 106.72 45.68
2022 04 20 21 27 49.92 106.81 45.74
2022 04 20 21 28 49.92 106.90 45.80
2022 04 20 21 29 49.92 106.98 45.87
2022 04 20 21 30 49.92 107.07 45.94
2022 04 20 21 31 49.92 107.15 46.00
2022 04 20 21 32 49.92 107.23 46.08
2022 04 20 21 33 49.91 107.32 46.15
2022 04 20 21 34 49.91 107.40 46.22
2022 04 20 21 35 49.90 107.48 46.30
2022 04 20 21 36 49.90 107.57 46.37
2022 04 20 21 37 49.89 107.65 46.45
2022 04 20 21 38 49.89 107.73 46.53
2022 04 20 21 39 49.88 107.81 46.61
2022 04 20 21 40 49.87 107.89 46.70
2022 04 20 21 41 49.86 107.97 46.78
2022 04 20 21 42 49.85 108.05 46.87
2022 04 20 21 43 49.84 108.13 46.96
2022 04 20 21 44 49.83 108.20 47.05
2022 04 20 21 45 49.82 108.28 47.14
2022 04 20 21 46 49.80 108.36 47.23
2022 04 20 21 47 49.79 108.44 47.33
2022 04 20 21 48 49.78 108.51 47.42
2022 04 20 21 49 49.76 108.59 47.52
2022 04 20 21 50 49.75 108.66 47.62
2022 04 20 21 51 49.73 108.74 47.72
2022 04 20 21 52 49.71 108.81 47.82
2022 04 20 21 53 49.69 108.89 47.92
2022 04 20 21 54 49.68 108.96 48.03
2022 04 20 21 55 49.66 109.04 48.14
2022 04 20 21 56 49.64 109.11 48.24
2022 04 20 21 57 49.62 109.18 48.35
2022 04 20 21 58 49.60 109.25 48.46
2022 04 20 21 59 49.58 109.32 48.57
2022 04 20 22 00 49.55 109.40 48.69
2022 04 20 22 01 49.53 109.47 48.80
2022 04 20 22 02 49.51 109.54 48.92
2022 04 20 22 03 49.48 109.61 49.03
2022 04 20 22 04 49.46 109.67 49.15
2022 04 20 22 05 49.43 109.74 49.27
2022 04 20 22 06 49.40 109.81 49.39
2022 04 20 22 07 49.38 109.88 49.51
2022 04 20 22 08 49.35 109.95 49.64
2022 04 20 22 09 49.32 110.01 49.76
2022 04 20 22 10 49.29 110.08 49.89
2022 04 20 22 11 49.26 110.15 50.01
2022 04 20 22 12 49.23 110.21 50.14
2022 04 20 22 13 49.20 110.28 50.27
2022 04 20 22 14 49.17 110.34 50.40
2022 04 20 22 15 49.14 110.41 50.53
2022 04 20 22 16 49.10 110.47 50.66
2022 04 20 22 17 49.07 110.54 50.80
2022 04 20 22 18 49.04 110.60 50.93
2022 04 20 22 19 49.00 110.66 51.07
2022 04 20 22 20 48.97 110.72 51.20
2022 04 20 22 21 48.93 110.79 51.34
2022 04 20 22 22 48.89 110.85 51.48
2022 04 20 22 23 48.86 110.91 51.62
2022 04 20 22 24 48.82 110.97 51.76
2022 04 20 22 25 48.78 111.03 51.90
2022 04 20 22 26 48.74 111.09 52.04
2022 04 20 22 27 48.70 111.15 52.19
2022 04 20 22 28 48.66 111.21 52.33
2022 04 20 22 29 48.62 111.27 52.48
2022 04 20 22 30 48.58 111.33 52.62
2022 04 20 22 31 48.53 111.38 52.77
2022 04 20 22 32 48.49 111.44 52.92
2022 04 20 22 33 48.45 111.50 53.07
2022 04 20 22 34 48.40 111.56 53.22
2022 04 20 22 35 48.36 111.61 53.37
2022 04 20 22 36 48.31 111.67 53.52
2022 04 20 22 37 48.26 111.72 53.67
2022 04 20 22 38 48.22 111.78 53.82
2022 04 20 22 39 48.17 111.83 53.97
2022 04 20 22 40 48.12 111.89 54.13
2022 04 20 22 41 48.07 111.94 54.28
2022 04 20 22 42 48.02 111.99 54.44
2022 04 20 22 43 47.97 112.05 54.59
2022 04 20 22 44 47.92 112.10 54.75
2022 04 20 22 45 47.87 112.15 54.91
2022 04 20 22 46 47.82 112.20 55.06
2022 04 20 22 47 47.77 112.26 55.22
2022 04 20 22 48 47.72 112.31 55.38
2022 04 20 22 49 47.66 112.36 55.54
2022 04 20 22 50 47.61 112.41 55.70
2022 04 20 22 51 47.55 112.46 55.86
2022 04 20 22 52 47.50 112.51 56.02
2022 04 20 22 53 47.44 112.56 56.18
2022 04 20 22 54 47.39 112.61 56.35
2022 04 20 22 55 47.33 112.66 56.51
2022 04 20 22 56 47.27 112.70 56.67
2022 04 20 22 57 47.22 112.75 56.84
2022 04 20 22 58 47.16 112.80 57.00
2022 04 20 22 59 47.10 112.85 57.16
2022 04 20 23 00 47.04 112.89 57.33
2022 04 20 23 01 46.98 112.94 57.49
2022 04 20 23 02 46.92 112.99 57.66
2022 04 20 23 03 46.86 113.03 57.83
2022 04 20 23 04 46.80 113.08 57.99
2022 04 20 23 05 46.73 113.12 58.16
2022 04 20 23 06 46.67 113.17 58.33
2022 04 20 23 07 46.61 113.21 58.49
2022 04 20 23 08 46.54 113.25 58.66
2022 04 20 23 09 46.48 113.30 58.83
2022 04 20 23 10 46.41 113.34 59.00
2022 04 20 23 11 46.35 113.38 59.17
2022 04 20 23 12 46.28 113.43 59.34
2022 04 20 23 13 46.22 113.47 59.51
2022 04 20 23 14 46.15 113.51 59.68
2022 04 20 23 15 46.08 113.55 59.85
2022 04 20 23 16 46.02 113.59 60.02
2022 04 20 23 17 45.95 113.63 60.19
2022 04 20 23 18 45.88 113.67 60.36
2022 04 20 23 19 45.81 113.71 60.53
2022 04 20 23 20 45.74 113.75 60.70
2022 04 20 23 21 45.67 113.79 60.87
2022 04 20 23 22 45.60 113.83 61.04
2022 04 20 23 23 45.53 113.87 61.21
2022 04 20 23 24 45.46 113.91 61.39
2022 04 20 23 25 45.38 113.95 61.56
2022 04 20 23 26 45.31 113.98 61.73
2022 04 20 23 27 45.24 114.02 61.90
2022 04 20 23 28 45.16 114.06 62.07
2022 04 20 23 29 45.09 114.10 62.25
2022 04 20 23 30 45.02 114.13 62.42
2022 04 20 23 31 44.94 114.17 62.59
2022 04 20 23 32 44.86 114.20 62.76
2022 04 20 23 33 44.79 114.24 62.94
2022 04 20 23 34 44.71 114.27 63.11
2022 04 20 23 35 44.64 114.31 63.28
2022 04 20 23 36 44.56 114.34 63.46
2022 04 20 23 37 44.48 114.38 63.63
2022 04 20 23 38 44.40 114.41 63.80
2022 04 20 23 39 44.32 114.45 63.98
2022 04 20 23 40 44.25 114.48 64.15
2022 04 20 23 41 44.17 114.51 64.32
2022 04 20 23 42 44.09 114.54 64.49
2022 04 20 23 43 44.01 114.58 64.67
2022 04 20 23 44 43.93 114.61 64.84
2022 04 20 23 45 43.85 114.64 65.01
2022 04 20 23 46 43.76 114.67 65.19
2022 04 20 23 47 43.68 114.70 65.36
2022 04 20 23 48 43.60 114.73 65.53
2022 04 20 23 49 43.52 114.77 65.71
2022 04 20 23 50 43.43 114.80 65.88
2022 04 20 23 51 43.35 114.83 66.05
2022 04 20 23 52 43.27 114.86 66.22
2022 04 20 23 53 43.18 114.88 66.40
2022 04 20 23 54 43.10 114.91 66.57
2022 04 20 23 55 43.01 114.94 66.74
2022 04 20 23 56 42.93 114.97 66.91
2022 04 20 23 57 42.84 115.00 67.09
2022 04 20 23 58 42.76 115.03 67.26
2022 04 20 23 59 42.67 115.05 67.43
2022 04 21 00 00 42.58 115.08 67.60
2022 04 21 00 01 42.50 115.11 67.77
2022 04 21 00 02 42.41 115.14 67.94
2022 04 21 00 03 42.32 115.16 68.12
2022 04 21 00 04 42.23 115.19 68.29
2022 04 21 00 05 42.15 115.21 68.46
2022 04 21 00 06 42.06 115.24 68.63
2022 04 21 00 07 41.97 115.27 68.80
2022 04 21 00 08 41.88 115.29 68.97
2022 04 21 00 09 41.79 115.32 69.14
2022 04 21 00 10 41.70 115.34 69.31
2022 04 21 00 11 41.61 115.37 69.48
2022 04 21 00 12 41.52 115.39 69.65
2022 04 21 00 13 41.43 115.41 69.82
2022 04 21 00 14 41.33 115.44 69.99
2022 04 21 00 15 41.24 115.46 70.16
2022 04 21 00 16 41.15 115.48 70.33
2022 04 21 00 17 41.06 115.51 70.50
2022 04 21 00 18 40.97 115.53 70.66
2022 04 21 00 19 40.87 115.55 70.83
2022 04 21 00 20 40.78 115.57 71.00
2022 04 21 00 21 40.69 115.59 71.17
2022 04 21 00 22 40.59 115.62 71.33
2022 04 21 00 23 40.50 115.64 71.50
2022 04 21 00 24 40.40 115.66 71.67
2022 04 21 00 25 40.31 115.68 71.83
2022 04 21 00 26 40.21 115.70 72.00
2022 04 21 00 27 40.12 115.72 72.17
2022 04 21 00 28 40.02 115.74 72.33
2022 04 21 00 29 39.93 115.76 72.50
2022 04 21 00 30 39.83 115.78 72.66
2022 04 21 00 31 39.73 115.80 72.83
2022 04 21 00 32 39.64 115.82 72.99
2022 04 21 00 33 39.54 115.84 73.16
2022 04 21 00 34 39.44 115.85 73.32
2022 04 21 00 35 39.34 115.87 73.48
2022 04 21 00 36 39.25 115.89 73.64
2022 04 21 00 37 39.15 115.91 73.81
2022 04 21 00 38 39.05 115.93 73.97
2022 04 21 00 39 38.95 115.94 74.13
2022 04 21 00 40 38.85 115.96 74.29
2022 04 21 00 41 38.75 115.98 74.45
2022 04 21 00 42 38.65 115.99 74.61
2022 04 21 00 43 38.55 116.01 74.77
2022 04 21 00 44 38.45 116.03 74.93
2022 04 21 00 45 38.35 116.04 75.09
2022 04 21 00 46 38.25 116.06 75.25
2022 04 21 00 47 38.15 116.07 75.41
2022 04 21 00 48 38.05 116.09 75.57
2022 04 21 00 49 37.95 116.10 75.73
2022 04 21 00 50 37.85 116.12 75.88
2022 04 21 00 51 37.75 116.13 76.04
2022 04 21 00 52 37.65 116.15 76.19
2022 04 21 00 53 37.54 116.16 76.35
2022 04 21 00 54 37.44 116.17 76.51
2022 04 21 00 55 37.34 116.19 76.66
2022 04 21 00 56 37.24 116.20 76.81
2022 04 21 00 57 37.13 116.21 76.97
2022 04 21 00 58 37.03 116.23 77.12
2022 04 21 00 59 36.93 116.24 77.27
2022 04 21 01 00 36.82 116.25 77.42
2022 04 21 01 01 36.72 116.26 77.57
2022 04 21 01 02 36.62 116.28 77.73
2022 04 21 01 03 36.51 116.29 77.88
2022 04 21 01 04 36.41 116.30 78.02
2022 04 21 01 05 36.31 116.31 78.17
2022 04 21 01 06 36.20 116.32 78.32
2022 04 21 01 07 36.10 116.33 78.47
2022 04 21 01 08 35.99 116.34 78.61
2022 04 21 01 09 35.89 116.35 78.76
2022 04 21 01 10 35.78 116.37 78.91
2022 04 21 01 11 35.68 116.38 79.05
2022 04 21 01 12 35.57 116.39 79.19
2022 04 21 01 13 35.46 116.39 79.34
2022 04 21 01 14 35.36 116.40 79.48
2022 04 21 01 15 35.25 116.41 79.62
2022 04 21 01 16 35.15 116.42 79.76
2022 04 21 01 17 35.04 116.43 79.90
2022 04 21 01 18 34.93 116.44 80.04
2022 04 21 01 19 34.83 116.45 80.18
2022 04 21 01 20 34.72 116.46 80.31
2022 04 21 01 21 34.61 116.46 80.45
2022 04 21 01 22 34.50 116.47 80.58
2022 04 21 01 23 34.40 116.48 80.72
2022 04 21 01 24 34.29 116.49 80.85
2022 04 21 01 25 34.18 116.49 80.98
2022 04 21 01 26 34.07 116.50 81.11
2022 04 21 01 27 33.97 116.51 81.24
2022 04 21 01 28 33.86 116.52 81.37
2022 04 21 01 29 33.75 116.52 81.50
2022 04 21 01 30 33.64 116.53 81.62
2022 04 21 01 31 33.53 116.53 81.75
2022 04 21 01 32 33.43 116.54 81.87
2022 04 21 01 33 33.32 116.55 81.99
2022 04 21 01 34 33.21 116.55 82.11
2022 04 21 01 35 33.10 116.56 82.23
2022 04 21 01 36 32.99 116.56 82.35
2022 04 21 01 37 32.88 116.57 82.46
2022 04 21 01 38 32.77 116.57 82.58
2022 04 21 01 39 32.66 116.57 82.69
2022 04 21 01 40 32.55 116.58 82.80
2022 04 21 01 41 32.44 116.58 82.91
2022 04 21 01 42 32.33 116.59 83.02
2022 04 21 01 43 32.22 116.59 83.12
2022 04 21 01 44 32.11 116.59 83.23
2022 04 21 01 45 32.00 116.60 83.33
2022 04 21 01 46 31.89 116.60 83.43
2022 04 21 01 47 31.78 116.60 83.53
2022 04 21 01 48 31.67 116.60 83.62
2022 04 21 01 49 31.56 116.61 83.71
2022 04 21 01 50 31.45 116.61 83.80
2022 04 21 01 51 31.34 116.61 83.89
2022 04 21 01 52 31.23 116.61 83.97
2022 04 21 01 53 31.12 116.61 84.06
2022 04 21 01 54 31.01 116.62 84.13
2022 04 21 01 55 30.90 116.62 84.21
2022 04 21 01 56 30.79 116.62 84.28
2022 04 21 01 57 30.68 116.62 84.35
2022 04 21 01 58 30.57 116.62 84.42
2022 04 21 01 59 30.46 116.62 84.48
2022 04 21 02 00 30.34 116.62 84.53
2022 04 21 02 01 30.23 116.62 84.59
2022 04 21 02 02 30.12 116.62 84.64
2022 04 21 02 03 30.01 116.62 84.68
2022 04 21 02 04 29.90 116.62 84.72
2022 04 21 02 05 29.79 116.62 84.76
2022 04 21 02 06 29.68 116.62 84.79
2022 04 21 02 07 29.56 116.62 84.81
2022 04 21 02 08 29.45 116.62 84.83
2022 04 21 02 09 29.34 116.61 84.84
2022 04 21 02 10 29.23 116.61 84.84
2022 04 21 02 11 29.12 116.61 84.84
2022 04 21 02 12 29.00 116.61 84.83
2022 04 21 02 13 28.89 116.61 84.82
2022 04 21 02 14 28.78 116.60 84.79
2022 04 21 02 15 28.67 116.60 84.76
2022 04 21 02 16 28.56 116.60 84.71
2022 04 21 02 17 28.44 116.59 84.66
2022 04 21 02 18 28.33 116.59 84.60
2022 04 21 02 19 28.22 116.59 84.52
2022 04 21 02 20 28.11 116.58 84.43
2022 04 21 02 21 28.00 116.58 84.33
2022 04 21 02 22 27.88 116.58 84.22
2022 04 21 02 23 27.77 116.57 84.09
2022 04 21 02 24 27.66 116.57 83.94
2022 04 21 02 25 27.55 116.56 83.78
2022 04 21 02 26 27.43 116.56 83.60
2022 04 21 02 27 27.32 116.55 83.40
2022 04 21 02 28 27.21 116.55 83.18
2022 04 21 02 29 27.10 116.54 82.94
2022 04 21 02 30 26.98 116.54 82.67
2022 04 21 02 31 26.87 116.53 82.38
2022 04 21 02 32 26.76 116.52 82.06
2022 04 21 02 33 26.65 116.52 81.70
2022 04 21 02 34 26.54 116.51 81.32
2022 04 21 02 35 26.42 116.50 80.91
2022 04 21 02 36 26.31 116.50 80.45
2022 04 21 02 37 26.20 116.49 79.96
2022 04 21 02 38 26.09 116.48 79.43
2022 04 21 02 39 25.97 116.47 78.86
2022 04 21 02 40 25.86 116.47 78.24
2022 04 21 02 41 25.75 116.46 77.58
2022 04 21 02 42 25.64 116.45 76.87
2022 04 21 02 43 25.52 116.44 76.12
2022 04 21 02 44 25.41 116.43 75.32
2022 04 21 02 45 25.30 116.43 74.47
2022 04 21 02 46 25.19 116.42 73.59
2022 04 21 02 47 25.07 116.41 72.67
2022 04 21 02 48 24.96 116.40 71.73
2022 04 21 02 49 24.85 116.39 70.78
2022 04 21 02 50 24.74 116.38 69.82
2022 04 21 02 51 24.62 116.37 68.88
2022 04 21 02 52 24.51 116.36 67.96
2022 04 21 02 53 24.40 116.35 67.09
2022 04 21 02 54 24.29 116.34 66.28
2022 04 21 02 55 24.18 116.33 65.54
2022 04 21 02 56 24.06 116.31 64.89
2022 04 21 02 57 23.95 116.30 64.34
2022 04 21 02 58 23.84 116.29 63.87
2022 04 21 02 59 23.73 116.28 63.51
2022 04 21 03 00 23.62 116.27 63.23
2022 04 21 03 01 23.50 116.26 63.04
2022 04 21 03 02 23.39 116.24 62.93
2022 04 21 03 03 23.28 116.23 62.88
2022 04 21 03 04 23.17 116.22 62.89
2022 04 21 03 05 23.06 116.20 62.94
2022 04 21 03 06 22.94 116.19 63.02
2022 04 21 03 07 22.83 116.18 63.14
2022 04 21 03 08 22.72 116.16 63.27
2022 04 21 03 09 22.61 116.15 63.41
2022 04 21 03 10 22.50 116.14 63.57
2022 04 21 03 11 22.39 116.12 63.72
2022 04 21 03 12 22.27 116.11 63.88
2022 04 21 03 13 22.16 116.09 64.03
2022 04 21 03 14 22.05 116.08 64.18
2022 04 21 03 15 21.94 116.06 64.33
2022 04 21 03 16 21.83 116.05 64.46
2022 04 21 03 17 21.72 116.03 64.59
2022 04 21 03 18 21.61 116.01 64.71
2022 04 21 03 19 21.50 116.00 64.82
2022 04 21 03 20 21.39 115.98 64.92
2022 04 21 03 21 21.27 115.96 65.01
2022 04 21 03 22 21.16 115.95 65.09
2022 04 21 03 23 21.05 115.93 65.16
2022 04 21 03 24 20.94 115.91 65.22
2022 04 21 03 25 20.83 115.90 65.28
2022 04 21 03 26 20.72 115.88 65.33
2022 04 21 03 27 20.61 115.86 65.36
2022 04 21 03 28 20.50 115.84 65.40
2022 04 21 03 29 20.39 115.82 65.42
2022 04 21 03 30 20.28 115.80 65.44
2022 04 21 03 31 20.17 115.78 65.45
2022 04 21 03 32 20.06 115.76 65.45
2022 04 21 03 33 19.95 115.74 65.45
2022 04 21 03 34 19.84 115.73 65.44
2022 04 21 03 35 19.73 115.70 65.42
2022 04 21 03 36 19.62 115.68 65.40
2022 04 21 03 37 19.51 115.66 65.38
2022 04 21 03 38 19.40 115.64 65.35
2022 04 21 03 39 19.29 115.62 65.31
2022 04 21 03 40 19.18 115.60 65.27
2022 04 21 03 41 19.07 115.58 65.23
2022 04 21 03 42 18.97 115.56 65.18
2022 04 21 03 43 18.86 115.53 65.13
2022 04 21 03 44 18.75 115.51 65.07
2022 04 21 03 45 18.64 115.49 65.01
2022 04 21 03 46 18.53 115.47 64.95
2022 04 21 03 47 18.42 115.44 64.88
2022 04 21 03 48 18.31 115.42 64.81
2022 04 21 03 49 18.21 115.40 64.74
2022 04 21 03 50 18.10 115.37 64.67
2022 04 21 03 51 17.99 115.35 64.59
2022 04 21 03 52 17.88 115.32 64.51
2022 04 21 03 53 17.77 115.30 64.42
2022 04 21 03 54 17.67 115.27 64.34
2022 04 21 03 55 17.56 115.25 64.25
2022 04 21 03 56 17.45 115.22 64.16
2022 04 21 03 57 17.34 115.20 64.07
2022 04 21 03 58 17.24 115.17 63.97
2022 04 21 03 59 17.13 115.14 63.87
2022 04 21 04 00 17.02 115.12 63.78
2022 04 21 04 01 16.92 115.09 63.68
2022 04 21 04 02 16.81 115.06 63.57
2022 04 21 04 03 16.70 115.04 63.47
2022 04 21 04 04 16.60 115.01 63.36
2022 04 21 04 05 16.49 114.98 63.26
2022 04 21 04 06 16.38 114.95 63.15
2022 04 21 04 07 16.28 114.92 63.04
2022 04 21 04 08 16.17 114.89 62.92
2022 04 21 04 09 16.07 114.86 62.81
2022 04 21 04 10 15.96 114.83 62.70
2022 04 21 04 11 15.85 114.80 62.58
2022 04 21 04 12 15.75 114.77 62.46
2022 04 21 04 13 15.64 114.74 62.34
2022 04 21 04 14 15.54 114.71 62.22
2022 04 21 04 15 15.43 114.68 62.10
2022 04 21 04 16 15.33 114.65 61.98
2022 04 21 04 17 15.23 114.62 61.86
2022 04 21 04 18 15.12 114.59 61.73
2022 04 21 04 19 15.02 114.55 61.61
2022 04 21 04 20 14.91 114.52 61.48
2022 04 21 04 21 14.81 114.49 61.35
2022 04 21 04 22 14.71 114.46 61.23
2022 04 21 04 23 14.60 114.42 61.10
2022 04 21 04 24 14.50 114.39 60.97
2022 04 21 04 25 14.39 114.35 60.84
2022 04 21 04 26 14.29 114.32 60.70
2022 04 21 04 27 14.19 114.28 60.57
2022 04 21 04 28 14.09 114.25 60.44
2022 04 21 04 29 13.98 114.21 60.30
2022 04 21 04 30 13.88 0.00 0.00
2022 04 21 04 31 13.78 0.00 0.00
2022 04 21 04 32 13.68 0.00 0.00
2022 04 21 04 33 13.57 0.00 0.00
2022 04 21 04 34 13.47 0.00 0.00
2022 04 21 04 35 13.37 0.00 0.00
2022 04 21 04 36 13.27 0.00 0.00
2022 04 21 04 37 13.17 0.00 0.00
2022 04 21 04 38 13.07 0.00 0.00
2022 04 21 04 39 12.97 0.00 0.00
2022 04 21 04 40 12.87 0.00 0.00
2022 04 21 04 41 12.77 0.00 0.00
2022 04 21 04 42 12.67 0.00 0.00
2022 04 21 04 43 12.57 0.00 0.00
2022 04 21 04 44 12.47 0.00 0.00
2022 04 21 04 45 12.37 0.00 0.00
2022 04 21 04 46 12.27 0.00 0.00
2022 04 21 04 47 12.17 0.00 0.00
2022 04 21 04 48 12.07 0.00 0.00
2022 04 21 04 49 11.97 0.00 0.00
2022 04 21 04 50 11.87 0.00 0.00
2022 04 21 04 51 11.77 0.00 0.00
2022 04 21 04 52 11.67 0.00 0.00
2022 04 21 04 53 11.58 0.00 0.00
2022 04 21 04 54 11.48 0.00 0.00
2022 04 21 04 55 11.38 0.00 0.00
2022 04 21 04 56 11.28 0.00 0.00
2022 04 21 04 57 11.19 0.00 0.00
2022 04 21 04 58 11.09 0.00 0.00
2022 04 21 04 59 10.99 0.00 0.00
