2022 04 21 17 00 31.36 68.55 0.00
2022 04 21 17 01 31.47 68.74 0.00
2022 04 21 17 02 31.59 68.92 0.00
2022 04 21 17 03 31.70 69.10 0.00
2022 04 21 17 04 31.81 69.29 0.00
2022 04 21 17 05 31.92 69.47 0.00
2022 04 21 17 06 32.03 69.66 0.00
2022 04 21 17 07 32.14 69.84 0.00
2022 04 21 17 08 32.25 70.02 0.00
2022 04 21 17 09 32.36 70.21 0.00
2022 04 21 17 10 32.47 70.39 0.00
2022 04 21 17 11 32.57 70.57 0.00
2022 04 21 17 12 32.68 70.76 0.00
2022 04 21 17 13 32.79 70.94 0.00
2022 04 21 17 14 32.90 71.13 0.00
2022 04 21 17 15 33.01 71.31 0.00
2022 04 21 17 16 33.12 71.49 0.00
2022 04 21 17 17 33.23 71.68 0.00
2022 04 21 17 18 33.34 71.86 0.00
2022 04 21 17 19 33.45 72.04 0.00
2022 04 21 17 20 33.56 72.23 0.00
2022 04 21 17 21 33.66 72.41 0.00
2022 04 21 17 22 33.77 72.59 0.00
2022 04 21 17 23 33.88 72.78 0.00
2022 04 21 17 24 33.99 72.96 0.00
2022 04 21 17 25 34.10 73.14 0.00
2022 04 21 17 26 34.20 73.33 0.00
2022 04 21 17 27 34.31 73.51 0.00
2022 04 21 17 28 34.42 73.69 0.00
2022 04 21 17 29 34.53 73.88 0.00
2022 04 21 17 30 34.63 74.06 0.00
2022 04 21 17 31 34.74 74.24 0.00
2022 04 21 17 32 34.85 74.42 0.00
2022 04 21 17 33 34.95 74.61 0.00
2022 04 21 17 34 35.06 74.79 0.00
2022 04 21 17 35 35.17 74.97 0.00
2022 04 21 17 36 35.27 75.15 0.00
2022 04 21 17 37 35.38 75.33 0.00
2022 04 21 17 38 35.48 75.51 0.00
2022 04 21 17 39 35.59 75.70 0.00
2022 04 21 17 40 35.70 75.88 0.00
2022 04 21 17 41 35.80 76.06 0.00
2022 04 21 17 42 35.91 76.24 0.00
2022 04 21 17 43 36.01 76.42 0.00
2022 04 21 17 44 36.12 76.60 0.00
2022 04 21 17 45 36.22 76.78 0.00
2022 04 21 17 46 36.33 76.96 0.00
2022 04 21 17 47 36.43 77.14 0.00
2022 04 21 17 48 36.53 77.32 0.00
2022 04 21 17 49 36.64 77.50 0.00
2022 04 21 17 50 36.74 77.68 0.00
2022 04 21 17 51 36.85 77.86 0.00
2022 04 21 17 52 36.95 78.04 0.00
2022 04 21 17 53 37.05 78.21 0.00
2022 04 21 17 54 37.15 78.39 0.00
2022 04 21 17 55 37.26 78.57 0.00
2022 04 21 17 56 37.36 78.75 0.00
2022 04 21 17 57 37.46 78.93 0.00
2022 04 21 17 58 37.56 79.10 0.00
2022 04 21 17 59 37.67 79.28 0.00
2022 04 21 18 00 37.77 79.46 0.00
2022 04 21 18 01 37.87 79.63 0.00
2022 04 21 18 02 37.97 79.81 0.00
2022 04 21 18 03 38.07 79.99 0.00
2022 04 21 18 04 38.17 80.16 0.00
2022 04 21 18 05 38.27 80.34 0.00
2022 04 21 18 06 38.37 80.51 0.00
2022 04 21 18 07 38.47 80.69 0.00
2022 04 21 18 08 38.57 80.86 0.00
2022 04 21 18 09 38.67 81.04 0.00
2022 04 21 18 10 38.77 81.21 0.00
2022 04 21 18 11 38.87 81.38 0.00
2022 04 21 18 12 38.97 81.56 0.00
2022 04 21 18 13 39.07 81.73 0.00
2022 04 21 18 14 39.17 81.90 0.00
2022 04 21 18 15 39.26 82.08 0.00
2022 04 21 18 16 39.36 82.25 0.00
2022 04 21 18 17 39.46 82.42 0.00
2022 04 21 18 18 39.56 82.59 0.00
2022 04 21 18 19 39.65 82.76 0.00
2022 04 21 18 20 39.75 82.93 0.00
2022 04 21 18 21 39.85 83.10 0.00
2022 04 21 18 22 39.94 83.27 0.00
2022 04 21 18 23 40.04 83.44 0.00
2022 04 21 18 24 40.14 83.61 0.00
2022 04 21 18 25 40.23 83.78 0.00
2022 04 21 18 26 40.33 83.95 0.00
2022 04 21 18 27 40.42 84.12 0.00
2022 04 21 18 28 40.52 84.29 0.00
2022 04 21 18 29 40.61 84.46 0.00
2022 04 21 18 30 40.70 84.62 0.00
2022 04 21 18 31 40.80 84.79 0.00
2022 04 21 18 32 40.89 84.96 0.00
2022 04 21 18 33 40.98 85.12 0.00
2022 04 21 18 34 41.08 85.29 0.00
2022 04 21 18 35 41.17 85.46 0.00
2022 04 21 18 36 41.26 85.62 0.00
2022 04 21 18 37 41.35 85.79 0.00
2022 04 21 18 38 41.44 85.95 0.00
2022 04 21 18 39 41.53 86.11 0.00
2022 04 21 18 40 41.63 86.28 0.00
2022 04 21 18 41 41.72 86.44 0.00
2022 04 21 18 42 41.81 86.60 0.00
2022 04 21 18 43 41.90 86.77 0.00
2022 04 21 18 44 41.99 86.93 0.00
2022 04 21 18 45 42.07 87.09 0.00
2022 04 21 18 46 42.16 87.25 0.00
2022 04 21 18 47 42.25 87.41 0.00
2022 04 21 18 48 42.34 87.57 0.00
2022 04 21 18 49 42.43 87.73 0.00
2022 04 21 18 50 42.51 87.89 0.00
2022 04 21 18 51 42.60 88.05 0.00
2022 04 21 18 52 42.69 88.21 0.00
2022 04 21 18 53 42.77 88.37 0.00
2022 04 21 18 54 42.86 88.53 0.00
2022 04 21 18 55 42.95 88.69 0.00
2022 04 21 18 56 43.03 88.84 0.00
2022 04 21 18 57 43.12 89.00 0.00
2022 04 21 18 58 43.20 89.16 0.00
2022 04 21 18 59 43.28 89.31 0.00
2022 04 21 19 00 43.37 89.47 0.00
2022 04 21 19 01 43.45 89.62 0.00
2022 04 21 19 02 43.53 89.78 0.00
2022 04 21 19 03 43.62 89.93 0.00
2022 04 21 19 04 43.70 90.09 0.00
2022 04 21 19 05 43.78 90.24 0.00
2022 04 21 19 06 43.86 90.39 0.00
2022 04 21 19 07 43.94 90.55 0.00
2022 04 21 19 08 44.02 90.70 0.00
2022 04 21 19 09 44.10 90.85 0.00
2022 04 21 19 10 44.18 91.00 0.00
2022 04 21 19 11 44.26 91.15 0.00
2022 04 21 19 12 44.34 91.30 0.00
2022 04 21 19 13 44.42 91.45 0.00
2022 04 21 19 14 44.50 91.60 0.00
2022 04 21 19 15 44.57 91.75 0.00
2022 04 21 19 16 44.65 91.90 0.00
2022 04 21 19 17 44.73 92.05 0.00
2022 04 21 19 18 44.80 92.20 0.00
2022 04 21 19 19 44.88 92.34 0.00
2022 04 21 19 20 44.96 92.49 0.00
2022 04 21 19 21 45.03 92.64 0.00
2022 04 21 19 22 45.10 92.78 0.00
2022 04 21 19 23 45.18 92.93 0.00
2022 04 21 19 24 45.25 93.07 0.00
2022 04 21 19 25 45.32 93.22 0.00
2022 04 21 19 26 45.40 93.36 0.00
2022 04 21 19 27 45.47 93.50 0.00
2022 04 21 19 28 45.54 93.65 0.00
2022 04 21 19 29 45.61 93.79 0.00
2022 04 21 19 30 45.68 93.93 0.00
2022 04 21 19 31 45.75 94.07 0.00
2022 04 21 19 32 45.82 94.21 0.00
2022 04 21 19 33 45.89 94.35 0.00
2022 04 21 19 34 45.96 94.49 0.00
2022 04 21 19 35 46.03 94.63 0.00
2022 04 21 19 36 46.10 94.77 0.00
2022 04 21 19 37 46.16 94.91 0.00
2022 04 21 19 38 46.23 95.05 0.00
2022 04 21 19 39 46.30 95.19 0.00
2022 04 21 19 40 46.36 95.32 0.00
2022 04 21 19 41 46.43 95.46 0.00
2022 04 21 19 42 46.49 95.60 0.00
2022 04 21 19 43 46.56 95.73 0.00
2022 04 21 19 44 46.62 95.87 0.00
2022 04 21 19 45 46.68 96.00 0.00
2022 04 21 19 46 46.75 96.14 0.00
2022 04 21 19 47 46.81 96.27 0.00
2022 04 21 19 48 46.87 96.41 0.00
2022 04 21 19 49 46.93 96.54 0.00
2022 04 21 19 50 46.99 96.67 0.00
2022 04 21 19 51 47.05 96.80 0.00
2022 04 21 19 52 47.11 96.93 0.00
2022 04 21 19 53 47.17 97.06 0.00
2022 04 21 19 54 47.23 97.19 0.00
2022 04 21 19 55 47.28 97.32 0.00
2022 04 21 19 56 47.34 97.45 0.00
2022 04 21 19 57 47.40 97.58 0.00
2022 04 21 19 58 47.45 97.71 0.00
2022 04 21 19 59 47.51 97.84 0.00
2022 04 21 20 00 47.57 97.97 0.00
2022 04 21 20 01 47.62 98.09 0.00
2022 04 21 20 02 47.67 98.22 0.00
2022 04 21 20 03 47.73 98.35 0.00
2022 04 21 20 04 47.78 98.47 0.00
2022 04 21 20 05 47.83 98.60 0.00
2022 04 21 20 06 47.88 98.72 0.00
2022 04 21 20 07 47.93 98.84 0.00
2022 04 21 20 08 47.98 98.97 0.00
2022 04 21 20 09 48.03 99.09 0.00
2022 04 21 20 10 48.08 99.21 0.00
2022 04 21 20 11 48.13 99.34 0.00
2022 04 21 20 12 48.18 99.46 0.00
2022 04 21 20 13 48.23 99.58 0.00
2022 04 21 20 14 48.27 99.70 0.00
2022 04 21 20 15 48.32 99.82 0.00
2022 04 21 20 16 48.37 99.94 0.00
2022 04 21 20 17 48.41 100.06 0.00
2022 04 21 20 18 48.45 100.18 0.00
2022 04 21 20 19 48.50 100.29 0.00
2022 04 21 20 20 48.54 100.41 0.00
2022 04 21 20 21 48.58 100.53 0.00
2022 04 21 20 22 48.63 100.64 0.00
2022 04 21 20 23 48.67 100.76 0.00
2022 04 21 20 24 48.71 100.88 0.00
2022 04 21 20 25 48.75 100.99 0.00
2022 04 21 20 26 48.79 101.10 0.00
2022 04 21 20 27 48.82 101.22 0.00
2022 04 21 20 28 48.86 101.33 0.00
2022 04 21 20 29 48.90 101.44 0.00
2022 04 21 20 30 48.94 101.56 0.00
2022 04 21 20 31 48.97 101.67 0.00
2022 04 21 20 32 49.01 101.78 0.00
2022 04 21 20 33 49.04 101.89 0.00
2022 04 21 20 34 49.08 102.00 0.00
2022 04 21 20 35 49.11 102.11 0.00
2022 04 21 20 36 49.14 102.22 0.00
2022 04 21 20 37 49.18 102.33 0.00
2022 04 21 20 38 49.21 102.44 0.00
2022 04 21 20 39 49.24 102.55 0.00
2022 04 21 20 40 49.27 102.65 0.00
2022 04 21 20 41 49.30 102.76 0.00
2022 04 21 20 42 49.33 102.87 0.00
2022 04 21 20 43 49.36 102.97 0.00
2022 04 21 20 44 49.38 103.08 0.00
2022 04 21 20 45 49.41 103.18 0.00
2022 04 21 20 46 49.44 103.29 0.00
2022 04 21 20 47 49.46 103.39 0.00
2022 04 21 20 48 49.49 103.49 0.00
2022 04 21 20 49 49.51 103.60 0.00
2022 04 21 20 50 49.53 103.70 0.00
2022 04 21 20 51 49.56 103.80 0.00
2022 04 21 20 52 49.58 103.90 0.00
2022 04 21 20 53 49.60 104.00 0.00
2022 04 21 20 54 49.62 104.10 0.00
2022 04 21 20 55 49.64 104.20 49.61
2022 04 21 20 56 49.66 104.30 49.52
2022 04 21 20 57 49.68 104.40 49.44
2022 04 21 20 58 49.70 104.50 49.35
2022 04 21 20 59 49.72 104.60 49.27
2022 04 21 21 00 49.73 104.70 49.19
2022 04 21 21 01 49.75 104.79 49.10
2022 04 21 21 02 49.76 104.89 49.02
2022 04 21 21 03 49.78 104.99 48.95
2022 04 21 21 04 49.79 105.08 48.87
2022 04 21 21 05 49.81 105.18 48.79
2022 04 21 21 06 49.82 105.27 48.72
2022 04 21 21 07 49.83 105.37 48.64
2022 04 21 21 08 49.84 105.46 48.57
2022 04 21 21 09 49.85 105.55 48.50
2022 04 21 21 10 49.86 105.64 48.43
2022 04 21 21 11 49.87 105.74 48.36
2022 04 21 21 12 49.88 105.83 48.29
2022 04 21 21 13 49.89 105.92 48.23
2022 04 21 21 14 49.89 106.01 48.16
2022 04 21 21 15 49.90 106.10 48.10
2022 04 21 21 16 49.91 106.19 48.04
2022 04 21 21 17 49.91 106.28 47.98
2022 04 21 21 18 49.91 106.37 47.92
2022 04 21 21 19 49.92 106.46 47.86
2022 04 21 21 20 49.92 106.54 47.80
2022 04 21 21 21 49.92 106.63 47.75
2022 04 21 21 22 49.92 106.72 47.69
2022 04 21 21 23 49.92 106.80 47.64
2022 04 21 21 24 49.92 106.89 47.59
2022 04 21 21 25 49.92 106.98 47.54
2022 04 21 21 26 49.92 107.06 47.49
2022 04 21 21 27 49.92 107.14 47.45
2022 04 21 21 28 49.92 107.23 47.40
2022 04 21 21 29 49.91 107.31 47.36
2022 04 21 21 30 49.91 107.39 47.32
2022 04 21 21 31 49.90 107.48 47.28
2022 04 21 21 32 49.90 107.56 47.24
2022 04 21 21 33 49.89 107.64 47.20
2022 04 21 21 34 49.89 107.72 47.17
2022 04 21 21 35 49.88 107.80 47.14
2022 04 21 21 36 49.87 107.88 47.10
2022 04 21 21 37 49.86 107.96 47.07
2022 04 21 21 38 49.85 108.04 47.05
2022 04 21 21 39 49.84 108.12 47.02
2022 04 21 21 40 49.83 108.20 46.99
2022 04 21 21 41 49.82 108.28 46.97
2022 04 21 21 42 49.80 108.35 46.95
2022 04 21 21 43 49.79 108.43 46.93
2022 04 21 21 44 49.78 108.51 46.91
2022 04 21 21 45 49.76 108.58 46.89
2022 04 21 21 46 49.75 108.66 46.87
2022 04 21 21 47 49.73 108.73 46.86
2022 04 21 21 48 49.71 108.81 46.85
2022 04 21 21 49 49.70 108.88 46.84
2022 04 21 21 50 49.68 108.96 46.83
2022 04 21 21 51 49.66 109.03 46.82
2022 04 21 21 52 49.64 109.10 46.81
2022 04 21 21 53 49.62 109.18 46.81
2022 04 21 21 54 49.60 109.25 46.81
2022 04 21 21 55 49.58 109.32 46.81
2022 04 21 21 56 49.55 109.39 46.81
2022 04 21 21 57 49.53 109.46 46.81
2022 04 21 21 58 49.51 109.53 46.82
2022 04 21 21 59 49.48 109.60 46.82
2022 04 21 22 00 49.46 109.67 46.83
2022 04 21 22 01 49.43 109.74 46.84
2022 04 21 22 02 49.41 109.81 46.85
2022 04 21 22 03 49.38 109.88 46.86
2022 04 21 22 04 49.35 109.94 46.88
2022 04 21 22 05 49.32 110.01 46.89
2022 04 21 22 06 49.29 110.08 46.91
2022 04 21 22 07 49.27 110.14 46.93
2022 04 21 22 08 49.23 110.21 46.95
2022 04 21 22 09 49.20 110.27 46.97
2022 04 21 22 10 49.17 110.34 47.00
2022 04 21 22 11 49.14 110.40 47.02
2022 04 21 22 12 49.11 110.47 47.05
2022 04 21 22 13 49.07 110.53 47.08
2022 04 21 22 14 49.04 110.60 47.11
2022 04 21 22 15 49.00 110.66 47.14
2022 04 21 22 16 48.97 110.72 47.18
2022 04 21 22 17 48.93 110.78 47.21
2022 04 21 22 18 48.90 110.84 47.25
2022 04 21 22 19 48.86 110.91 47.29
2022 04 21 22 20 48.82 110.97 47.33
2022 04 21 22 21 48.78 111.03 47.37
2022 04 21 22 22 48.74 111.09 47.41
2022 04 21 22 23 48.70 111.15 47.46
2022 04 21 22 24 48.66 111.21 47.50
2022 04 21 22 25 48.62 111.26 47.55
2022 04 21 22 26 48.58 111.32 47.60
2022 04 21 22 27 48.54 111.38 47.65
2022 04 21 22 28 48.49 111.44 47.70
2022 04 21 22 29 48.45 111.49 47.76
2022 04 21 22 30 48.40 111.55 47.81
2022 04 21 22 31 48.36 111.61 47.87
2022 04 21 22 32 48.31 111.66 47.93
2022 04 21 22 33 48.27 111.72 47.99
2022 04 21 22 34 48.22 111.77 48.05
2022 04 21 22 35 48.17 111.83 48.11
2022 04 21 22 36 48.13 111.88 48.17
2022 04 21 22 37 48.08 111.94 48.24
2022 04 21 22 38 48.03 111.99 48.30
2022 04 21 22 39 47.98 112.04 48.37
2022 04 21 22 40 47.93 112.10 48.44
2022 04 21 22 41 47.88 112.15 48.51
2022 04 21 22 42 47.82 112.20 48.58
2022 04 21 22 43 47.77 112.25 48.66
2022 04 21 22 44 47.72 112.30 48.73
2022 04 21 22 45 47.67 112.36 48.81
2022 04 21 22 46 47.61 112.41 48.88
2022 04 21 22 47 47.56 112.46 48.96
2022 04 21 22 48 47.50 112.51 49.04
2022 04 21 22 49 47.45 112.55 49.12
2022 04 21 22 50 47.39 112.60 49.21
2022 04 21 22 51 47.33 112.65 49.29
2022 04 21 22 52 47.28 112.70 49.37
2022 04 21 22 53 47.22 112.75 49.46
2022 04 21 22 54 47.16 112.80 49.55
2022 04 21 22 55 47.10 112.84 49.63
2022 04 21 22 56 47.04 112.89 49.72
2022 04 21 22 57 46.98 112.94 49.81
2022 04 21 22 58 46.92 112.98 49.90
2022 04 21 22 59 46.86 113.03 50.00
2022 04 21 23 00 46.80 113.07 50.09
2022 04 21 23 01 46.74 113.12 50.19
2022 04 21 23 02 46.67 113.16 50.28
2022 04 21 23 03 46.61 113.21 50.38
2022 04 21 23 04 46.55 113.25 50.48
2022 04 21 23 05 46.48 113.29 50.57
2022 04 21 23 06 46.42 113.34 50.67
2022 04 21 23 07 46.35 113.38 50.77
2022 04 21 23 08 46.29 113.42 50.88
2022 04 21 23 09 46.22 113.47 50.98
2022 04 21 23 10 46.15 113.51 51.08
2022 04 21 23 11 46.09 113.55 51.19
2022 04 21 23 12 46.02 113.59 51.29
2022 04 21 23 13 45.95 113.63 51.40
2022 04 21 23 14 45.88 113.67 51.51
2022 04 21 23 15 45.81 113.71 51.62
2022 04 21 23 16 45.74 113.75 51.72
2022 04 21 23 17 45.67 113.79 51.83
2022 04 21 23 18 45.60 113.83 51.95
2022 04 21 23 19 45.53 113.87 52.06
2022 04 21 23 20 45.46 113.91 52.17
2022 04 21 23 21 45.39 113.94 52.28
2022 04 21 23 22 45.32 113.98 52.40
2022 04 21 23 23 45.24 114.02 52.51
2022 04 21 23 24 45.17 114.06 52.63
2022 04 21 23 25 45.09 114.09 52.74
2022 04 21 23 26 45.02 114.13 52.86
2022 04 21 23 27 44.95 114.17 52.98
2022 04 21 23 28 44.87 114.20 53.10
2022 04 21 23 29 44.79 114.24 53.22
2022 04 21 23 30 44.72 114.27 53.34
2022 04 21 23 31 44.64 114.31 53.46
2022 04 21 23 32 44.56 114.34 53.58
2022 04 21 23 33 44.49 114.38 53.70
2022 04 21 23 34 44.41 114.41 53.82
2022 04 21 23 35 44.33 114.44 53.95
2022 04 21 23 36 44.25 114.48 54.07
2022 04 21 23 37 44.17 114.51 54.20
2022 04 21 23 38 44.09 114.54 54.32
2022 04 21 23 39 44.01 114.58 54.45
2022 04 21 23 40 43.93 114.61 54.57
2022 04 21 23 41 43.85 114.64 54.70
2022 04 21 23 42 43.77 114.67 54.83
2022 04 21 23 43 43.69 114.70 54.96
2022 04 21 23 44 43.61 114.73 55.09
2022 04 21 23 45 43.52 114.76 55.22
2022 04 21 23 46 43.44 114.79 55.35
2022 04 21 23 47 43.36 114.82 55.48
2022 04 21 23 48 43.27 114.85 55.61
2022 04 21 23 49 43.19 114.88 55.74
2022 04 21 23 50 43.10 114.91 55.87
2022 04 21 23 51 43.02 114.94 56.00
2022 04 21 23 52 42.93 114.97 56.13
2022 04 21 23 53 42.85 115.00 56.27
2022 04 21 23 54 42.76 115.03 56.40
2022 04 21 23 55 42.68 115.05 56.54
2022 04 21 23 56 42.59 115.08 56.67
2022 04 21 23 57 42.50 115.11 56.80
2022 04 21 23 58 42.42 115.13 56.94
2022 04 21 23 59 42.33 115.16 57.08
2022 04 22 00 00 42.24 115.19 57.21
2022 04 22 00 01 42.15 115.21 57.35
2022 04 22 00 02 42.06 115.24 57.49
2022 04 22 00 03 41.97 115.26 57.62
2022 04 22 00 04 41.88 115.29 57.76
2022 04 22 00 05 41.79 115.31 57.90
2022 04 22 00 06 41.70 115.34 58.04
2022 04 22 00 07 41.61 115.36 58.18
2022 04 22 00 08 41.52 115.39 58.31
2022 04 22 00 09 41.43 115.41 58.45
2022 04 22 00 10 41.34 115.44 58.59
2022 04 22 00 11 41.25 115.46 58.73
2022 04 22 00 12 41.16 115.48 58.87
2022 04 22 00 13 41.06 115.50 59.01
2022 04 22 00 14 40.97 115.53 59.15
2022 04 22 00 15 40.88 115.55 59.30
2022 04 22 00 16 40.78 115.57 59.44
2022 04 22 00 17 40.69 115.59 59.58
2022 04 22 00 18 40.60 115.61 59.72
2022 04 22 00 19 40.50 115.64 59.86
2022 04 22 00 20 40.41 115.66 60.00
2022 04 22 00 21 40.31 115.68 60.15
2022 04 22 00 22 40.22 115.70 60.29
2022 04 22 00 23 40.12 115.72 60.43
2022 04 22 00 24 40.03 115.74 60.58
2022 04 22 00 25 39.93 115.76 60.72
2022 04 22 00 26 39.84 115.78 60.86
2022 04 22 00 27 39.74 115.80 61.01
2022 04 22 00 28 39.64 115.82 61.15
2022 04 22 00 29 39.54 115.83 61.30
2022 04 22 00 30 39.45 115.85 61.44
2022 04 22 00 31 39.35 115.87 61.58
2022 04 22 00 32 39.25 115.89 61.73
2022 04 22 00 33 39.15 115.91 61.87
2022 04 22 00 34 39.06 115.92 62.02
2022 04 22 00 35 38.96 115.94 62.16
2022 04 22 00 36 38.86 115.96 62.31
2022 04 22 00 37 38.76 115.98 62.46
2022 04 22 00 38 38.66 115.99 62.60
2022 04 22 00 39 38.56 116.01 62.75
2022 04 22 00 40 38.46 116.02 62.89
2022 04 22 00 41 38.36 116.04 63.04
2022 04 22 00 42 38.26 116.06 63.19
2022 04 22 00 43 38.16 116.07 63.33
2022 04 22 00 44 38.06 116.09 63.48
2022 04 22 00 45 37.96 116.10 63.62
2022 04 22 00 46 37.86 116.12 63.77
2022 04 22 00 47 37.75 116.13 63.92
2022 04 22 00 48 37.65 116.15 64.06
2022 04 22 00 49 37.55 116.16 64.21
2022 04 22 00 50 37.45 116.17 64.36
2022 04 22 00 51 37.35 116.19 64.50
2022 04 22 00 52 37.24 116.20 64.65
2022 04 22 00 53 37.14 116.21 64.80
2022 04 22 00 54 37.04 116.23 64.95
2022 04 22 00 55 36.94 116.24 65.09
2022 04 22 00 56 36.83 116.25 65.24
2022 04 22 00 57 36.73 116.26 65.39
2022 04 22 00 58 36.62 116.28 65.54
2022 04 22 00 59 36.52 116.29 65.68
2022 04 22 01 00 36.42 116.30 65.83
2022 04 22 01 01 36.31 116.31 65.98
2022 04 22 01 02 36.21 116.32 66.12
2022 04 22 01 03 36.10 116.33 66.27
2022 04 22 01 04 36.00 116.34 66.42
2022 04 22 01 05 35.89 116.35 66.57
2022 04 22 01 06 35.79 116.36 66.71
2022 04 22 01 07 35.68 116.37 66.86
2022 04 22 01 08 35.58 116.38 67.01
2022 04 22 01 09 35.47 116.39 67.16
2022 04 22 01 10 35.37 116.40 67.30
2022 04 22 01 11 35.26 116.41 67.45
2022 04 22 01 12 35.15 116.42 67.60
2022 04 22 01 13 35.05 116.43 67.75
2022 04 22 01 14 34.94 116.44 67.89
2022 04 22 01 15 34.83 116.45 68.04
2022 04 22 01 16 34.73 116.46 68.19
2022 04 22 01 17 34.62 116.46 68.34
2022 04 22 01 18 34.51 116.47 68.48
2022 04 22 01 19 34.40 116.48 68.63
2022 04 22 01 20 34.30 116.49 68.78
2022 04 22 01 21 34.19 116.49 68.92
2022 04 22 01 22 34.08 116.50 69.07
2022 04 22 01 23 33.97 116.51 69.22
2022 04 22 01 24 33.87 116.51 69.36
2022 04 22 01 25 33.76 116.52 69.51
2022 04 22 01 26 33.65 116.53 69.66
2022 04 22 01 27 33.54 116.53 69.80
2022 04 22 01 28 33.43 116.54 69.95
2022 04 22 01 29 33.32 116.54 70.10
2022 04 22 01 30 33.22 116.55 70.24
2022 04 22 01 31 33.11 116.56 70.39
2022 04 22 01 32 33.00 116.56 70.54
2022 04 22 01 33 32.89 116.57 70.68
2022 04 22 01 34 32.78 116.57 70.83
2022 04 22 01 35 32.67 116.57 70.97
2022 04 22 01 36 32.56 116.58 71.12
2022 04 22 01 37 32.45 116.58 71.27
2022 04 22 01 38 32.34 116.59 71.41
2022 04 22 01 39 32.23 116.59 71.56
2022 04 22 01 40 32.12 116.59 71.70
2022 04 22 01 41 32.01 116.60 71.85
2022 04 22 01 42 31.90 116.60 71.99
2022 04 22 01 43 31.79 116.60 72.14
2022 04 22 01 44 31.68 116.60 72.28
2022 04 22 01 45 31.57 116.61 72.42
2022 04 22 01 46 31.46 116.61 72.57
2022 04 22 01 47 31.35 116.61 72.71
2022 04 22 01 48 31.24 116.61 72.86
2022 04 22 01 49 31.13 116.61 73.00
2022 04 22 01 50 31.02 116.62 73.14
2022 04 22 01 51 30.91 116.62 73.29
2022 04 22 01 52 30.80 116.62 73.43
2022 04 22 01 53 30.68 116.62 73.57
2022 04 22 01 54 30.57 116.62 73.71
2022 04 22 01 55 30.46 116.62 73.86
2022 04 22 01 56 30.35 116.62 74.00
2022 04 22 01 57 30.24 116.62 74.14
2022 04 22 01 58 30.13 116.62 74.28
2022 04 22 01 59 30.02 116.62 74.42
2022 04 22 02 00 29.91 116.62 74.56
2022 04 22 02 01 29.79 116.62 74.70
2022 04 22 02 02 29.68 116.62 74.84
2022 04 22 02 03 29.57 116.62 74.98
2022 04 22 02 04 29.46 116.62 75.12
2022 04 22 02 05 29.35 116.61 75.26
2022 04 22 02 06 29.24 116.61 75.40
2022 04 22 02 07 29.12 116.61 75.54
2022 04 22 02 08 29.01 116.61 75.68
2022 04 22 02 09 28.90 116.61 75.82
2022 04 22 02 10 28.79 116.60 75.95
2022 04 22 02 11 28.68 116.60 76.09
2022 04 22 02 12 28.56 116.60 76.23
2022 04 22 02 13 28.45 116.59 76.36
2022 04 22 02 14 28.34 116.59 76.50
2022 04 22 02 15 28.23 116.59 76.64
2022 04 22 02 16 28.12 116.58 76.77
2022 04 22 02 17 28.00 116.58 76.91
2022 04 22 02 18 27.89 116.58 77.04
2022 04 22 02 19 27.78 116.57 77.17
2022 04 22 02 20 27.67 116.57 77.31
2022 04 22 02 21 27.55 116.56 77.44
2022 04 22 02 22 27.44 116.56 77.57
2022 04 22 02 23 27.33 116.55 77.70
2022 04 22 02 24 27.22 116.55 77.83
2022 04 22 02 25 27.10 116.54 77.96
2022 04 22 02 26 26.99 116.54 78.09
2022 04 22 02 27 26.88 116.53 78.22
2022 04 22 02 28 26.77 116.52 78.35
2022 04 22 02 29 26.66 116.52 78.48
2022 04 22 02 30 26.54 116.51 78.60
2022 04 22 02 31 26.43 116.50 78.73
2022 04 22 02 32 26.32 116.50 78.86
2022 04 22 02 33 26.21 116.49 78.98
2022 04 22 02 34 26.09 116.48 79.10
2022 04 22 02 35 25.98 116.48 79.23
2022 04 22 02 36 25.87 116.47 79.35
2022 04 22 02 37 25.76 116.46 79.47
2022 04 22 02 38 25.64 116.45 79.59
2022 04 22 02 39 25.53 116.44 79.71
2022 04 22 02 40 25.42 116.43 79.83
2022 04 22 02 41 25.31 116.43 79.94
2022 04 22 02 42 25.19 116.42 80.06
2022 04 22 02 43 25.08 116.41 80.17
2022 04 22 02 44 24.97 116.40 80.29
2022 04 22 02 45 24.86 116.39 80.40
2022 04 22 02 46 24.74 116.38 80.51
2022 04 22 02 47 24.63 116.37 80.62
2022 04 22 02 48 24.52 116.36 80.73
2022 04 22 02 49 24.41 116.35 80.83
2022 04 22 02 50 24.30 116.34 80.94
2022 04 22 02 51 24.18 116.33 81.04
2022 04 22 02 52 24.07 116.32 81.14
2022 04 22 02 53 23.96 116.30 81.24
2022 04 22 02 54 23.85 116.29 81.34
2022 04 22 02 55 23.73 116.28 81.44
2022 04 22 02 56 23.62 116.27 81.53
2022 04 22 02 57 23.51 116.26 81.62
2022 04 22 02 58 23.40 116.24 81.71
2022 04 22 02 59 23.29 116.23 81.80
2022 04 22 03 00 23.18 116.22 81.88
2022 04 22 03 01 23.06 116.21 81.97
2022 04 22 03 02 22.95 116.19 82.05
2022 04 22 03 03 22.84 116.18 82.12
2022 04 22 03 04 22.73 116.17 82.20
2022 04 22 03 05 22.62 116.15 82.27
2022 04 22 03 06 22.50 116.14 82.34
2022 04 22 03 07 22.39 116.12 82.40
2022 04 22 03 08 22.28 116.11 82.46
2022 04 22 03 09 22.17 116.09 82.52
2022 04 22 03 10 22.06 116.08 82.57
2022 04 22 03 11 21.95 116.06 82.62
2022 04 22 03 12 21.84 116.05 82.66
2022 04 22 03 13 21.73 116.03 82.70
2022 04 22 03 14 21.61 116.02 82.74
2022 04 22 03 15 21.50 116.00 82.76
2022 04 22 03 16 21.39 115.98 82.79
2022 04 22 03 17 21.28 115.97 82.80
2022 04 22 03 18 21.17 115.95 82.82
2022 04 22 03 19 21.06 115.93 82.82
2022 04 22 03 20 20.95 115.91 82.82
2022 04 22 03 21 20.84 115.90 82.81
2022 04 22 03 22 20.73 115.88 82.79
2022 04 22 03 23 20.62 115.86 82.76
2022 04 22 03 24 20.51 115.84 82.72
2022 04 22 03 25 20.40 115.82 82.68
2022 04 22 03 26 20.29 115.80 82.62
2022 04 22 03 27 20.18 115.79 82.55
2022 04 22 03 28 20.07 115.77 82.47
2022 04 22 03 29 19.96 115.75 82.38
2022 04 22 03 30 19.85 115.73 82.27
2022 04 22 03 31 19.74 115.71 82.15
2022 04 22 03 32 19.63 115.69 82.02
2022 04 22 03 33 19.52 115.67 81.86
2022 04 22 03 34 19.41 115.64 81.69
2022 04 22 03 35 19.30 115.62 81.50
2022 04 22 03 36 19.19 115.60 81.29
2022 04 22 03 37 19.08 115.58 81.06
2022 04 22 03 38 18.97 115.56 80.81
2022 04 22 03 39 18.86 115.54 80.53
2022 04 22 03 40 18.75 115.51 80.23
2022 04 22 03 41 18.65 115.49 79.90
2022 04 22 03 42 18.54 115.47 79.55
2022 04 22 03 43 18.43 115.44 79.17
2022 04 22 03 44 18.32 115.42 78.76
2022 04 22 03 45 18.21 115.40 78.32
2022 04 22 03 46 18.10 115.37 77.85
2022 04 22 03 47 18.00 115.35 77.36
2022 04 22 03 48 17.89 115.32 76.84
2022 04 22 03 49 17.78 115.30 76.31
2022 04 22 03 50 17.67 115.28 75.75
2022 04 22 03 51 17.57 115.25 75.18
2022 04 22 03 52 17.46 115.22 74.61
2022 04 22 03 53 17.35 115.20 74.05
2022 04 22 03 54 17.24 115.17 73.49
2022 04 22 03 55 17.14 115.15 72.95
2022 04 22 03 56 17.03 115.12 72.45
2022 04 22 03 57 16.92 115.09 71.98
2022 04 22 03 58 16.82 115.06 71.55
2022 04 22 03 59 16.71 115.04 71.18
2022 04 22 04 00 16.60 115.01 70.86
2022 04 22 04 01 16.50 114.98 70.60
2022 04 22 04 02 16.39 114.95 70.39
2022 04 22 04 03 16.28 114.92 70.24
2022 04 22 04 04 16.18 114.89 70.14
2022 04 22 04 05 16.07 114.87 70.07
2022 04 22 04 06 15.97 114.84 70.05
2022 04 22 04 07 15.86 114.81 70.06
2022 04 22 04 08 15.76 114.78 70.10
2022 04 22 04 09 15.65 114.75 70.15
2022 04 22 04 10 15.55 114.71 70.22
2022 04 22 04 11 15.44 114.68 70.30
2022 04 22 04 12 15.34 114.65 70.39
2022 04 22 04 13 15.23 114.62 70.48
2022 04 22 04 14 15.13 114.59 70.57
2022 04 22 04 15 15.02 114.56 70.65
2022 04 22 04 16 14.92 114.52 70.74
2022 04 22 04 17 14.82 114.49 70.82
2022 04 22 04 18 14.71 114.46 70.89
2022 04 22 04 19 14.61 114.42 70.96
2022 04 22 04 20 14.51 114.39 71.02
2022 04 22 04 21 14.40 114.36 71.08
2022 04 22 04 22 14.30 114.32 71.13
2022 04 22 04 23 14.20 114.29 71.16
2022 04 22 04 24 14.09 114.25 71.20
2022 04 22 04 25 13.99 114.22 71.22
2022 04 22 04 26 13.89 114.18 71.24
2022 04 22 04 27 13.79 114.15 71.25
2022 04 22 04 28 13.68 114.11 71.25
2022 04 22 04 29 13.58 114.07 71.25
2022 04 22 04 30 13.48 114.04 71.24
2022 04 22 04 31 13.38 114.00 71.22
2022 04 22 04 32 13.28 113.96 71.20
2022 04 22 04 33 13.18 113.92 71.17
2022 04 22 04 34 13.08 113.88 71.14
2022 04 22 04 35 12.97 113.85 71.10
2022 04 22 04 36 12.87 113.81 71.06
2022 04 22 04 37 12.77 113.77 71.01
2022 04 22 04 38 12.67 113.73 70.96
2022 04 22 04 39 12.57 113.69 70.90
2022 04 22 04 40 12.47 113.65 70.84
2022 04 22 04 41 12.37 113.61 70.77
2022 04 22 04 42 12.27 113.57 70.71
2022 04 22 04 43 12.17 113.52 70.63
2022 04 22 04 44 12.08 113.48 70.56
2022 04 22 04 45 11.98 113.44 70.48
2022 04 22 04 46 11.88 113.40 70.39
2022 04 22 04 47 11.78 113.36 70.31
2022 04 22 04 48 11.68 113.31 70.22
2022 04 22 04 49 11.58 113.27 70.13
2022 04 22 04 50 11.49 113.23 70.03
2022 04 22 04 51 11.39 113.18 69.94
2022 04 22 04 52 11.29 0.00 0.00
2022 04 22 04 53 11.19 0.00 0.00
2022 04 22 04 54 11.10 0.00 0.00
2022 04 22 04 55 11.00 0.00 0.00
2022 04 22 04 56 10.90 0.00 0.00
2022 04 22 04 57 10.81 0.00 0.00
2022 04 22 04 58 10.71 0.00 0.00
2022 04 22 04 59 10.61 0.00 0.00
