# realtime, hour, min, alt, baseline, rate, SC
44667.222222222 17 20 31.84 69.34 671.26 0.48
44667.222916667 17 21 31.95 69.52 672.23 0.47
44667.223611111 17 22 32.06 69.71 673.25 0.47
44667.224305556 17 23 32.17 69.89 674.34 0.47
44667.225000000 17 24 32.28 70.07 675.42 0.47
44667.225694445 17 25 32.38 70.26 676.51 0.47
44667.226388889 17 26 32.49 70.44 677.59 0.47
44667.227083333 17 27 32.60 70.63 678.67 0.46
44667.227777778 17 28 32.71 70.81 679.75 0.46
44667.228472222 17 29 32.82 70.99 680.83 0.46
44667.229166667 17 30 32.93 71.18 681.91 0.46
44667.229861111 17 31 33.04 71.36 682.90 0.46
44667.230555556 17 32 33.15 71.54 683.73 0.45
44667.231250000 17 33 33.26 71.73 684.57 0.45
44667.231944445 17 34 33.37 71.91 685.40 0.45
44667.232638889 17 35 33.48 72.10 686.24 0.45
44667.233333333 17 36 33.58 72.28 687.07 0.45
44667.234027778 17 37 33.69 72.46 687.90 0.44
44667.234722222 17 38 33.80 72.65 688.73 0.44
44667.235416667 17 39 33.91 72.83 689.56 0.44
44667.236111111 17 40 34.02 73.01 690.41 0.44
44667.236805556 17 41 34.12 73.20 691.36 0.44
44667.237500000 17 42 34.23 73.38 692.30 0.43
44667.238194445 17 43 34.34 73.56 693.25 0.43
44667.238888889 17 44 34.45 73.74 694.19 0.43
44667.239583333 17 45 34.55 73.93 695.13 0.43
44667.240277778 17 46 34.66 74.11 696.07 0.43
44667.240972222 17 47 34.77 74.29 697.01 0.42
44667.241666667 17 48 34.88 74.47 697.95 0.42
44667.242361111 17 49 34.98 74.66 698.88 0.42
44667.243055556 17 50 35.09 74.84 699.72 0.42
44667.243750000 17 51 35.19 75.02 700.54 0.42
44667.244444445 17 52 35.30 75.20 701.35 0.41
44667.245138889 17 53 35.41 75.38 702.17 0.41
44667.245833333 17 54 35.51 75.56 702.98 0.41
44667.246527778 17 55 35.62 75.75 703.79 0.41
44667.247222222 17 56 35.72 75.93 704.60 0.41
44667.247916667 17 57 35.83 76.11 705.41 0.40
44667.248611111 17 58 35.93 76.29 706.22 0.40
44667.249305556 17 59 36.04 76.47 706.98 0.40
44667.250000000 18 00 36.14 76.65 707.67 0.40
44667.250694445 18 01 36.25 76.83 708.36 0.40
44667.251388889 18 02 36.35 77.01 709.05 0.40
44667.252083333 18 03 36.46 77.19 709.74 0.39
44667.252777778 18 04 36.56 77.37 710.42 0.39
44667.253472222 18 05 36.67 77.55 711.11 0.39
44667.254166667 18 06 36.77 77.73 711.79 0.39
44667.254861111 18 07 36.87 77.91 712.47 0.39
44667.255555556 18 08 36.98 78.08 713.15 0.38
44667.256250000 18 09 37.08 78.26 713.91 0.38
44667.256944445 18 10 37.18 78.44 714.70 0.38
44667.257638889 18 11 37.28 78.62 715.49 0.38
44667.258333333 18 12 37.39 78.80 716.28 0.38
44667.259027778 18 13 37.49 78.97 717.07 0.37
44667.259722222 18 14 37.59 79.15 717.85 0.37
44667.260416667 18 15 37.69 79.33 718.63 0.37
44667.261111111 18 16 37.79 79.51 719.41 0.37
44667.261805556 18 17 37.90 79.68 720.19 0.37
44667.262500000 18 18 38.00 79.86 720.97 0.37
44667.263194445 18 19 38.10 80.03 721.64 0.36
44667.263888889 18 20 38.20 80.21 722.30 0.36
44667.264583334 18 21 38.30 80.38 722.96 0.36
44667.265277778 18 22 38.40 80.56 723.62 0.36
44667.265972222 18 23 38.50 80.73 724.28 0.36
44667.266666667 18 24 38.60 80.91 724.93 0.36
44667.267361111 18 25 38.70 81.08 725.59 0.35
44667.268055556 18 26 38.80 81.26 726.24 0.35
44667.268750000 18 27 38.90 81.43 726.90 0.35
44667.269444445 18 28 39.00 81.60 727.55 0.35
44667.270138889 18 29 39.09 81.78 728.09 0.35
44667.270833334 18 30 39.19 81.95 728.63 0.34
44667.271527778 18 31 39.29 82.12 729.17 0.34
44667.272222222 18 32 39.39 82.29 729.70 0.34
44667.272916667 18 33 39.49 82.47 730.24 0.34
44667.273611111 18 34 39.58 82.64 730.77 0.34
44667.274305556 18 35 39.68 82.81 731.30 0.34
44667.275000000 18 36 39.78 82.98 731.84 0.33
44667.275694445 18 37 39.87 83.15 732.36 0.33
44667.276388889 18 38 39.97 83.32 732.89 0.33
44667.277083334 18 39 40.06 83.49 733.49 0.33
44667.277777778 18 40 40.16 83.66 734.12 0.33
44667.278472222 18 41 40.26 83.83 734.75 0.33
44667.279166667 18 42 40.35 84.00 735.37 0.32
44667.279861111 18 43 40.45 84.17 735.99 0.32
44667.280555556 18 44 40.54 84.33 736.62 0.32
44667.281250000 18 45 40.63 84.50 737.24 0.32
44667.281944445 18 46 40.73 84.67 737.85 0.32
44667.282638889 18 47 40.82 84.84 738.47 0.32
44667.283333334 18 48 40.91 85.00 739.08 0.32
44667.284027778 18 49 41.01 85.17 739.69 0.31
44667.284722222 18 50 41.10 85.34 740.19 0.31
44667.285416667 18 51 41.19 85.50 740.70 0.31
44667.286111111 18 52 41.28 85.67 741.21 0.31
44667.286805556 18 53 41.38 85.83 741.71 0.31
44667.287500000 18 54 41.47 86.00 742.21 0.31
44667.288194445 18 55 41.56 86.16 742.71 0.30
44667.288888889 18 56 41.65 86.32 743.21 0.30
44667.289583334 18 57 41.74 86.49 743.70 0.30
44667.290277778 18 58 41.83 86.65 744.20 0.30
44667.290972222 18 59 41.92 86.81 744.69 0.30
44667.291666667 19 00 42.01 86.97 745.18 0.30
44667.292361111 19 01 42.10 87.14 745.67 0.29
44667.293055556 19 02 42.19 87.30 746.15 0.29
44667.293750000 19 03 42.27 87.46 746.64 0.29
44667.294444445 19 04 42.36 87.62 747.12 0.29
44667.295138889 19 05 42.45 87.78 747.60 0.29
44667.295833334 19 06 42.54 87.94 748.08 0.29
44667.296527778 19 07 42.62 88.10 748.56 0.29
44667.297222223 19 08 42.71 88.26 749.03 0.28
44667.297916667 19 09 42.80 88.41 749.50 0.28
44667.298611111 19 10 42.88 88.57 749.97 0.28
44667.299305556 19 11 42.97 88.73 750.44 0.28
44667.300000000 19 12 43.05 88.89 750.91 0.28
44667.300694445 19 13 43.14 89.04 751.37 0.28
44667.301388889 19 14 43.22 89.20 751.84 0.28
44667.302083334 19 15 43.31 89.36 752.30 0.27
44667.302777778 19 16 43.39 89.51 752.76 0.27
44667.303472223 19 17 43.47 89.67 753.21 0.27
44667.304166667 19 18 43.56 89.82 753.67 0.27
44667.304861111 19 19 43.64 89.98 754.12 0.27
44667.305555556 19 20 43.72 90.13 754.57 0.27
44667.306250000 19 21 43.80 90.28 755.01 0.27
44667.306944445 19 22 43.88 90.44 755.46 0.26
44667.307638889 19 23 43.96 90.59 755.90 0.26
44667.308333334 19 24 44.04 90.74 756.30 0.26
44667.309027778 19 25 44.12 90.89 756.65 0.26
44667.309722223 19 26 44.20 91.04 757.00 0.26
44667.310416667 19 27 44.28 91.19 757.34 0.26
44667.311111111 19 28 44.36 91.34 757.69 0.26
44667.311805556 19 29 44.44 91.49 758.03 0.26
44667.312500000 19 30 44.52 91.64 758.37 0.25
44667.313194445 19 31 44.59 91.79 758.71 0.25
44667.313888889 19 32 44.67 91.94 759.05 0.25
44667.314583334 19 33 44.75 92.09 759.39 0.25
44667.315277778 19 34 44.82 92.23 759.72 0.25
44667.315972223 19 35 44.90 92.38 760.05 0.25
44667.316666667 19 36 44.97 92.53 760.38 0.25
44667.317361111 19 37 45.05 92.67 760.76 0.25
44667.318055556 19 38 45.12 92.82 761.17 0.24
44667.318750000 19 39 45.20 92.97 761.57 0.24
44667.319444445 19 40 45.27 93.11 761.98 0.24
44667.320138889 19 41 45.34 93.25 762.38 0.24
44667.320833334 19 42 45.42 93.40 762.77 0.24
44667.321527778 19 43 45.49 93.54 763.17 0.24
44667.322222223 19 44 45.56 93.68 763.56 0.24
44667.322916667 19 45 45.63 93.83 763.95 0.24
44667.323611111 19 46 45.70 93.97 764.34 0.23
44667.324305556 19 47 45.77 94.11 764.72 0.23
44667.325000000 19 48 45.84 94.25 765.10 0.23
44667.325694445 19 49 45.91 94.39 765.48 0.23
44667.326388889 19 50 45.98 94.53 765.86 0.23
44667.327083334 19 51 46.05 94.67 766.18 0.23
44667.327777778 19 52 46.11 94.81 766.48 0.23
44667.328472223 19 53 46.18 94.95 766.77 0.23
44667.329166667 19 54 46.25 95.09 767.07 0.23
44667.329861112 19 55 46.31 95.22 767.36 0.22
44667.330555556 19 56 46.38 95.36 767.64 0.22
44667.331250000 19 57 46.44 95.50 767.93 0.22
44667.331944445 19 58 46.51 95.63 768.21 0.22
44667.332638889 19 59 46.57 95.77 768.49 0.22
44667.333333334 20 00 46.64 95.90 768.77 0.22
44667.334027778 20 01 46.70 96.04 769.05 0.22
44667.334722223 20 02 46.76 96.17 769.32 0.22
44667.335416667 20 03 46.82 96.31 769.59 0.22
44667.336111112 20 04 46.88 96.44 769.86 0.21
44667.336805556 20 05 46.94 96.57 770.13 0.21
44667.337500000 20 06 47.01 96.71 770.40 0.21
44667.338194445 20 07 47.06 96.84 770.66 0.21
44667.338888889 20 08 47.12 96.97 770.92 0.21
44667.339583334 20 09 47.18 97.10 771.18 0.21
44667.340277778 20 10 47.24 97.23 771.43 0.21
44667.340972223 20 11 47.30 97.36 771.68 0.21
44667.341666667 20 12 47.36 97.49 771.93 0.21
44667.342361112 20 13 47.41 97.62 772.18 0.20
44667.343055556 20 14 47.47 97.75 772.43 0.20
44667.343750000 20 15 47.52 97.87 772.67 0.20
44667.344444445 20 16 47.58 98.00 772.91 0.20
44667.345138889 20 17 47.63 98.13 773.15 0.20
44667.345833334 20 18 47.69 98.25 773.38 0.20
44667.346527778 20 19 47.74 98.38 773.62 0.20
44667.347222223 20 20 47.79 98.50 773.85 0.20
44667.347916667 20 21 47.84 98.63 774.07 0.20
44667.348611112 20 22 47.89 98.75 774.30 0.20
44667.349305556 20 23 47.95 98.88 774.52 0.20
44667.350000000 20 24 48.00 99.00 774.74 0.19
44667.350694445 20 25 48.05 99.12 774.96 0.19
44667.351388889 20 26 48.09 99.25 775.18 0.19
44667.352083334 20 27 48.14 99.37 775.39 0.19
44667.352777778 20 28 48.19 99.49 775.60 0.19
44667.353472223 20 29 48.24 99.61 775.80 0.19
44667.354166667 20 30 48.28 99.73 776.01 0.19
44667.354861112 20 31 48.33 99.85 776.21 0.19
44667.355555556 20 32 48.38 99.97 776.41 0.19
44667.356250000 20 33 48.42 100.09 776.61 0.19
44667.356944445 20 34 48.46 100.21 776.80 0.19
44667.357638889 20 35 48.51 100.32 776.99 0.18
44667.358333334 20 36 48.55 100.44 777.18 0.18
44667.359027778 20 37 48.59 100.56 777.36 0.18
44667.359722223 20 38 48.63 100.67 777.55 0.18
44667.360416667 20 39 48.68 100.79 777.73 0.18
44667.361111112 20 40 48.72 100.91 777.90 0.18
44667.361805556 20 41 48.76 101.02 778.08 0.18
44667.362500001 20 42 48.79 101.13 778.25 0.18
44667.363194445 20 43 48.83 101.25 778.42 0.18
44667.363888889 20 44 48.87 101.36 778.59 0.18
44667.364583334 20 45 48.91 101.47 778.75 0.18
44667.365277778 20 46 48.94 101.59 778.91 0.18
44667.365972223 20 47 48.98 101.70 779.07 0.17
44667.366666667 20 48 49.02 101.81 779.20 0.17
44667.367361112 20 49 49.05 101.92 779.32 0.17
44667.368055556 20 50 49.08 102.03 779.43 0.17
44667.368750001 20 51 49.12 102.14 779.54 0.17
44667.369444445 20 52 49.15 102.25 779.65 0.17
44667.370138889 20 53 49.18 102.36 779.75 0.17
44667.370833334 20 54 49.21 102.47 779.86 0.17
44667.371527778 20 55 49.24 102.57 779.96 0.17
44667.372222223 20 56 49.27 102.68 780.06 0.17
44667.372916667 20 57 49.30 102.79 780.15 0.17
44667.373611112 20 58 49.33 102.89 780.25 0.17
44667.374305556 20 59 49.36 103.00 780.34 0.17
44667.375000001 21 00 49.39 103.11 780.43 0.16
44667.375694445 21 01 49.42 103.21 780.52 0.16
44667.376388889 21 02 49.44 103.31 780.60 0.16
44667.377083334 21 03 49.47 103.42 780.69 0.16
44667.377777778 21 04 49.49 103.52 780.77 0.16
44667.378472223 21 05 49.52 103.62 780.85 0.16
44667.379166667 21 06 49.54 103.73 780.93 0.16
44667.379861112 21 07 49.56 103.83 781.00 0.16
44667.380555556 21 08 49.58 103.93 781.07 0.16
44667.381250001 21 09 49.60 104.03 781.14 0.16
44667.381944445 21 10 49.63 104.13 781.21 0.16
44667.382638889 21 11 49.65 104.23 781.28 0.16
44667.383333334 21 12 49.66 104.33 781.34 0.16
44667.384027778 21 13 49.68 104.43 781.40 0.16
44667.384722223 21 14 49.70 104.53 781.46 0.15
44667.385416667 21 15 49.72 104.62 781.52 0.15
44667.386111112 21 16 49.73 104.72 781.57 0.15
44667.386805556 21 17 49.75 104.82 781.62 0.15
44667.387500001 21 18 49.77 104.92 781.67 0.15
44667.388194445 21 19 49.78 105.01 781.72 0.15
44667.388888889 21 20 49.79 105.11 781.77 0.15
44667.389583334 21 21 49.81 105.20 781.81 0.15
44667.390277778 21 22 49.82 105.30 781.85 0.15
44667.390972223 21 23 49.83 105.39 781.89 0.15
44667.391666667 21 24 49.84 105.48 781.92 0.15
44667.392361112 21 25 49.85 105.58 781.96 0.15
44667.393055556 21 26 49.86 105.67 781.99 0.15
44667.393750001 21 27 49.87 105.76 782.02 0.15
44667.394444445 21 28 49.88 105.85 782.04 0.15
44667.395138890 21 29 49.89 105.94 782.07 0.15
44667.395833334 21 30 49.89 106.03 782.09 0.14
44667.396527778 21 31 49.90 106.12 782.11 0.14
44667.397222223 21 32 49.90 106.21 782.13 0.14
44667.397916667 21 33 49.91 106.30 782.14 0.14
44667.398611112 21 34 49.91 106.39 782.16 0.14
44667.399305556 21 35 49.92 106.48 782.17 0.14
44667.400000001 21 36 49.92 106.57 782.18 0.14
44667.400694445 21 37 49.92 106.65 782.18 0.14
44667.401388890 21 38 49.92 106.74 782.19 0.14
44667.402083334 21 39 49.92 106.83 782.19 0.14
44667.402777778 21 40 49.92 106.91 782.19 0.14
44667.403472223 21 41 49.92 107.00 782.18 0.14
44667.404166667 21 42 49.92 107.08 782.18 0.14
44667.404861112 21 43 49.92 107.17 782.17 0.14
44667.405555556 21 44 49.91 107.25 782.16 0.14
44667.406250001 21 45 49.91 107.33 782.15 0.14
44667.406944445 21 46 49.91 107.42 782.13 0.14
44667.407638890 21 47 49.90 107.50 782.12 0.14
44667.408333334 21 48 49.90 107.58 782.10 0.13
44667.409027778 21 49 49.89 107.66 782.08 0.13
44667.409722223 21 50 49.88 107.74 782.05 0.13
44667.410416667 21 51 49.87 107.82 782.03 0.13
44667.411111112 21 52 49.86 107.90 782.00 0.13
44667.411805556 21 53 49.86 107.98 781.97 0.13
44667.412500001 21 54 49.85 108.06 781.93 0.13
44667.413194445 21 55 49.83 108.14 781.90 0.13
44667.413888890 21 56 49.82 108.22 781.86 0.13
44667.414583334 21 57 49.81 108.30 781.82 0.13
44667.415277778 21 58 49.80 108.37 781.78 0.13
44667.415972223 21 59 49.78 108.45 781.73 0.13
44667.416666667 22 00 49.77 108.53 781.69 0.13
44667.417361112 22 01 49.76 108.60 781.64 0.13
44667.418055556 22 02 49.74 108.68 781.59 0.13
44667.418750001 22 03 49.72 108.75 781.53 0.13
44667.419444445 22 04 49.71 108.83 781.48 0.13
44667.420138890 22 05 49.69 108.90 781.42 0.13
44667.420833334 22 06 49.67 108.98 781.36 0.13
44667.421527778 22 07 49.65 109.05 781.30 0.13
44667.422222223 22 08 49.63 109.12 781.23 0.13
44667.422916667 22 09 49.61 109.19 781.16 0.12
44667.423611112 22 10 49.59 109.27 781.10 0.12
44667.424305556 22 11 49.57 109.34 781.02 0.12
44667.425000001 22 12 49.55 109.41 780.95 0.12
44667.425694445 22 13 49.52 109.48 780.87 0.12
44667.426388890 22 14 49.50 109.55 780.79 0.12
44667.427083334 22 15 49.47 109.62 780.71 0.12
44667.427777778 22 16 49.45 109.69 780.63 0.12
44667.428472223 22 17 49.42 109.76 780.55 0.12
44667.429166667 22 18 49.40 109.82 780.46 0.12
44667.429861112 22 19 49.37 109.89 780.37 0.12
44667.430555556 22 20 49.34 109.96 780.28 0.12
44667.431250001 22 21 49.31 110.03 780.18 0.12
44667.431944445 22 22 49.28 110.09 780.09 0.12
44667.432638890 22 23 49.25 110.16 779.99 0.12
44667.433333334 22 24 49.22 110.23 779.89 0.12
44667.434027779 22 25 49.19 110.29 779.79 0.12
44667.434722223 22 26 49.16 110.36 779.68 0.12
44667.435416667 22 27 49.13 110.42 779.58 0.12
44667.436111112 22 28 49.10 110.48 779.47 0.12
44667.436805556 22 29 49.06 110.55 779.36 0.12
44667.437500001 22 30 49.03 110.61 779.24 0.12
44667.438194445 22 31 48.99 110.67 779.12 0.12
44667.438888890 22 32 48.96 110.74 778.96 0.12
44667.439583334 22 33 48.92 110.80 778.80 0.12
44667.440277779 22 34 48.88 110.86 778.64 0.12
44667.440972223 22 35 48.85 110.92 778.47 0.11
44667.441666667 22 36 48.81 110.98 778.31 0.11
44667.442361112 22 37 48.77 111.04 778.13 0.11
44667.443055556 22 38 48.73 111.10 777.96 0.11
44667.443750001 22 39 48.69 111.16 777.78 0.11
44667.444444445 22 40 48.65 111.22 777.61 0.11
44667.445138890 22 41 48.61 111.28 777.42 0.11
44667.445833334 22 42 48.56 111.34 777.24 0.11
44667.446527779 22 43 48.52 111.39 777.05 0.11
44667.447222223 22 44 48.48 111.45 776.86 0.11
44667.447916667 22 45 48.43 111.51 776.67 0.11
44667.448611112 22 46 48.39 111.57 776.47 0.11
44667.449305556 22 47 48.34 111.62 776.28 0.11
44667.450000001 22 48 48.30 111.68 776.07 0.11
44667.450694445 22 49 48.25 111.73 775.87 0.11
44667.451388890 22 50 48.21 111.79 775.66 0.11
44667.452083334 22 51 48.16 111.84 775.46 0.11
44667.452777779 22 52 48.11 111.90 775.24 0.11
44667.453472223 22 53 48.06 111.95 775.03 0.11
44667.454166667 22 54 48.01 112.00 774.81 0.11
44667.454861112 22 55 47.96 112.06 774.59 0.11
44667.455555556 22 56 47.91 112.11 774.37 0.11
44667.456250001 22 57 47.86 112.16 774.15 0.11
44667.456944445 22 58 47.81 112.21 773.92 0.11
44667.457638890 22 59 47.76 112.27 773.69 0.11
44667.458333334 23 00 47.70 112.32 773.46 0.11
44667.459027779 23 01 47.65 112.37 773.22 0.11
44667.459722223 23 02 47.60 112.42 772.99 0.11
44667.460416667 23 03 47.54 112.47 772.75 0.11
44667.461111112 23 04 47.49 112.52 772.51 0.11
44667.461805556 23 05 47.43 112.57 772.26 0.11
44667.462500001 23 06 47.37 112.62 772.01 0.11
44667.463194445 23 07 47.32 112.66 771.76 0.11
44667.463888890 23 08 47.26 112.71 771.51 0.10
44667.464583334 23 09 47.20 112.76 771.26 0.10
44667.465277779 23 10 47.14 112.81 771.00 0.10
44667.465972223 23 11 47.08 112.85 770.74 0.10
44667.466666668 23 12 47.02 112.90 770.48 0.10
44667.467361112 23 13 46.96 112.95 770.22 0.10
44667.468055556 23 14 46.90 112.99 769.95 0.10
44667.468750001 23 15 46.84 113.04 769.68 0.10
44667.469444445 23 16 46.78 113.08 769.41 0.10
44667.470138890 23 17 46.72 113.13 769.14 0.10
44667.470833334 23 18 46.66 113.17 768.86 0.10
44667.471527779 23 19 46.59 113.22 768.58 0.10
44667.472222223 23 20 46.53 113.26 768.30 0.10
44667.472916668 23 21 46.46 113.30 768.02 0.10
44667.473611112 23 22 46.40 113.35 767.74 0.10
44667.474305556 23 23 46.33 113.39 767.45 0.10
44667.475000001 23 24 46.27 113.43 767.16 0.10
44667.475694445 23 25 46.20 113.48 766.87 0.10
44667.476388890 23 26 46.13 113.52 766.57 0.10
44667.477083334 23 27 46.07 113.56 766.28 0.10
44667.477777779 23 28 46.00 113.60 765.98 0.10
44667.478472223 23 29 45.93 113.64 765.60 0.10
44667.479166668 23 30 45.86 113.68 765.23 0.10
44667.479861112 23 31 45.79 113.72 764.85 0.10
44667.480555556 23 32 45.72 113.76 764.46 0.10
44667.481250001 23 33 45.65 113.80 764.08 0.10
44667.481944445 23 34 45.58 113.84 763.69 0.10
44667.482638890 23 35 45.51 113.88 763.30 0.10
44667.483333334 23 36 45.44 113.92 762.90 0.10
44667.484027779 23 37 45.37 113.95 762.51 0.10
44667.484722223 23 38 45.29 113.99 762.11 0.10
44667.485416668 23 39 45.22 114.03 761.71 0.10
44667.486111112 23 40 45.15 114.07 761.30 0.10
44667.486805556 23 41 45.07 114.10 760.89 0.10
44667.487500001 23 42 45.00 114.14 760.49 0.10
44667.488194445 23 43 44.92 114.17 760.16 0.10
44667.488888890 23 44 44.85 114.21 759.83 0.10
44667.489583334 23 45 44.77 114.25 759.49 0.10
44667.490277779 23 46 44.70 114.28 759.16 0.10
44667.490972223 23 47 44.62 114.32 758.82 0.10
44667.491666668 23 48 44.54 114.35 758.48 0.10
44667.492361112 23 49 44.46 114.38 758.14 0.10
44667.493055556 23 50 44.39 114.42 757.80 0.10
44667.493750001 23 51 44.31 114.45 757.45 0.10
44667.494444445 23 52 44.23 114.48 757.11 0.10
44667.495138890 23 53 44.15 114.52 756.76 0.10
44667.495833334 23 54 44.07 114.55 756.41 0.10
44667.496527779 23 55 43.99 114.58 756.05 0.10
44667.497222223 23 56 43.91 114.61 755.60 0.09
44667.497916668 23 57 43.83 114.65 755.16 0.09
44667.498611112 23 58 43.75 114.68 754.71 0.09
44667.499305557 23 59 43.66 114.71 754.26 0.09
44667.500000001 00 00 43.58 114.74 753.81 0.09
44667.500694445 00 01 43.50 114.77 753.36 0.09
44667.501388890 00 02 43.42 114.80 752.90 0.09
44667.502083334 00 03 43.33 114.83 752.45 0.09
44667.502777779 00 04 43.25 114.86 751.99 0.09
44667.503472223 00 05 43.16 114.89 751.52 0.09
44667.504166668 00 06 43.08 114.92 751.06 0.09
44667.504861112 00 07 43.00 114.95 750.59 0.09
44667.505555557 00 08 42.91 114.98 750.13 0.09
44667.506250001 00 09 42.82 115.00 749.66 0.09
44667.506944445 00 10 42.74 115.03 749.18 0.09
44667.507638890 00 11 42.65 115.06 748.71 0.09
44667.508333334 00 12 42.57 115.09 748.23 0.09
44667.509027779 00 13 42.48 115.11 747.76 0.09
44667.509722223 00 14 42.39 115.14 747.28 0.09
44667.510416668 00 15 42.30 115.17 746.79 0.09
44667.511111112 00 16 42.21 115.19 746.31 0.09
44667.511805557 00 17 42.13 115.22 745.82 0.09
44667.512500001 00 18 42.04 115.24 745.34 0.09
44667.513194445 00 19 41.95 115.27 744.85 0.09
44667.513888890 00 20 41.86 115.30 744.36 0.09
44667.514583334 00 21 41.77 115.32 743.86 0.09
44667.515277779 00 22 41.68 115.34 743.37 0.09
44667.515972223 00 23 41.59 115.37 742.87 0.09
44667.516666668 00 24 41.50 115.39 742.37 0.09
44667.517361112 00 25 41.41 115.42 741.87 0.09
44667.518055557 00 26 41.31 115.44 741.37 0.09
44667.518750001 00 27 41.22 115.46 740.86 0.09
44667.519444445 00 28 41.13 115.49 740.36 0.09
44667.520138890 00 29 41.04 115.51 739.85 0.09
44667.520833334 00 30 40.94 115.53 739.28 0.09
44667.521527779 00 31 40.85 115.55 738.67 0.09
44667.522222223 00 32 40.76 115.58 738.05 0.09
44667.522916668 00 33 40.66 115.60 737.44 0.09
44667.523611112 00 34 40.57 115.62 736.82 0.09
44667.524305557 00 35 40.48 115.64 736.20 0.09
44667.525000001 00 36 40.38 115.66 735.57 0.09
44667.525694445 00 37 40.29 115.68 734.95 0.09
44667.526388890 00 38 40.19 115.70 734.32 0.09
44667.527083334 00 39 40.10 115.72 733.69 0.09
44667.527777779 00 40 40.00 115.74 733.06 0.09
44667.528472223 00 41 39.90 115.76 732.54 0.09
44667.529166668 00 42 39.81 115.78 732.01 0.09
44667.529861112 00 43 39.71 115.80 731.48 0.09
44667.530555557 00 44 39.61 115.82 730.95 0.09
44667.531250001 00 45 39.52 115.84 730.41 0.09
44667.531944446 00 46 39.42 115.86 729.88 0.09
44667.532638890 00 47 39.32 115.87 729.34 0.09
44667.533333334 00 48 39.22 115.89 728.80 0.09
44667.534027779 00 49 39.13 115.91 728.27 0.09
44667.534722223 00 50 39.03 115.93 727.73 0.09
44667.535416668 00 51 38.93 115.94 727.11 0.09
44667.536111112 00 52 38.83 115.96 726.46 0.09
44667.536805557 00 53 38.73 115.98 725.80 0.09
44667.537500001 00 54 38.63 116.00 725.15 0.09
44667.538194446 00 55 38.53 116.01 724.49 0.09
44667.538888890 00 56 38.43 116.03 723.83 0.09
44667.539583334 00 57 38.33 116.04 723.17 0.09
44667.540277779 00 58 38.23 116.06 722.51 0.09
44667.540972223 00 59 38.13 116.07 721.85 0.09
44667.541666668 01 00 38.03 116.09 721.19 0.09
44667.542361112 01 01 37.93 116.10 720.44 0.09
44667.543055557 01 02 37.83 116.12 719.66 0.09
44667.543750001 01 03 37.73 116.13 718.88 0.09
44667.544444446 01 04 37.62 116.15 718.10 0.09
44667.545138890 01 05 37.52 116.16 717.32 0.09
44667.545833334 01 06 37.42 116.18 716.53 0.09
44667.546527779 01 07 37.32 116.19 715.75 0.09
44667.547222223 01 08 37.22 116.20 714.96 0.09
44667.547916668 01 09 37.11 116.22 714.17 0.09
44667.548611112 01 10 37.01 116.23 713.38 0.09
44667.549305557 01 11 36.91 116.24 712.69 0.09
44667.550000001 01 12 36.80 116.25 712.01 0.09
44667.550694446 01 13 36.70 116.27 711.33 0.09
44667.551388890 01 14 36.60 116.28 710.64 0.09
44667.552083334 01 15 36.49 116.29 709.96 0.09
44667.552777779 01 16 36.39 116.30 709.27 0.09
44667.553472223 01 17 36.28 116.31 708.59 0.09
44667.554166668 01 18 36.18 116.32 707.90 0.09
44667.554861112 01 19 36.07 116.33 707.21 0.09
44667.555555557 01 20 35.97 116.35 706.48 0.09
44667.556250001 01 21 35.86 116.36 705.67 0.09
44667.556944446 01 22 35.76 116.37 704.87 0.09
44667.557638890 01 23 35.65 116.38 704.06 0.09
44667.558333334 01 24 35.55 116.39 703.24 0.09
44667.559027779 01 25 35.44 116.40 702.43 0.09
44667.559722223 01 26 35.34 116.41 701.62 0.09
44667.560416668 01 27 35.23 116.41 700.80 0.09
44667.561111112 01 28 35.12 116.42 699.99 0.09
44667.561805557 01 29 35.02 116.43 699.17 0.09
44667.562500001 01 30 34.91 116.44 698.25 0.09
44667.563194446 01 31 34.80 116.45 697.32 0.09
44667.563888890 01 32 34.70 116.46 696.38 0.09
44667.564583334 01 33 34.59 116.47 695.44 0.09
44667.565277779 01 34 34.48 116.47 694.50 0.09
44667.565972223 01 35 34.37 116.48 693.55 0.09
44667.566666668 01 36 34.27 116.49 692.61 0.09
44667.567361112 01 37 34.16 116.50 691.67 0.09
44667.568055557 01 38 34.05 116.50 690.72 0.09
44667.568750001 01 39 33.94 116.51 689.83 0.09
44667.569444446 01 40 33.84 116.52 689.00 0.09
44667.570138890 01 41 33.73 116.52 688.17 0.09
44667.570833335 01 42 33.62 116.53 687.34 0.09
44667.571527779 01 43 33.51 116.53 686.51 0.09
44667.572222223 01 44 33.40 116.54 685.67 0.09
44667.572916668 01 45 33.29 116.55 684.84 0.09
44667.573611112 01 46 33.19 116.55 684.00 0.09
44667.574305557 01 47 33.08 116.56 683.17 0.09
44667.575000001 01 48 32.97 116.56 682.26 0.09
44667.575694446 01 49 32.86 116.57 681.18 0.09
44667.576388890 01 50 32.75 116.57 680.10 0.09
44667.577083335 01 51 32.64 116.57 679.02 0.09
44667.577777779 01 52 32.53 116.58 677.94 0.09
44667.578472223 01 53 32.42 116.58 676.86 0.09
44667.579166668 01 54 32.31 116.59 675.77 0.09
44667.579861112 01 55 32.20 116.59 674.69 0.09
44667.580555557 01 56 32.09 116.59 673.60 0.09
44667.581250001 01 57 31.98 116.60 672.54 0.09
44667.581944446 01 58 31.87 116.60 671.57 0.09
44667.582638890 01 59 31.76 116.60 670.60 0.09
44667.583333335 02 00 31.65 116.60 669.64 0.09
44667.584027779 02 01 31.54 116.61 668.67 0.09
44667.584722223 02 02 31.43 116.61 667.70 0.09
44667.585416668 02 03 31.32 116.61 666.73 0.08
44667.586111112 02 04 31.21 116.61 665.76 0.08
44667.586805557 02 05 31.10 116.61 664.78 0.08
44667.587500001 02 06 30.99 116.62 663.80 0.08
44667.588194446 02 07 30.88 116.62 662.70 0.08
44667.588888890 02 08 30.77 116.62 661.61 0.08
44667.589583335 02 09 30.65 116.62 660.51 0.08
44667.590277779 02 10 30.54 116.62 659.41 0.08
44667.590972223 02 11 30.43 116.62 658.32 0.08
44667.591666668 02 12 30.32 116.62 657.22 0.08
44667.592361112 02 13 30.21 116.62 656.12 0.08
44667.593055557 02 14 30.10 116.62 655.02 0.08
44667.593750001 02 15 29.99 116.62 653.90 0.08
44667.594444446 02 16 29.88 116.62 652.68 0.08
44667.595138890 02 17 29.76 116.62 651.46 0.08
44667.595833335 02 18 29.65 116.62 650.23 0.08
44667.596527779 02 19 29.54 116.61 649.01 0.08
44667.597222223 02 20 29.43 116.61 647.78 0.08
44667.597916668 02 21 29.32 116.61 646.55 0.08
44667.598611112 02 22 29.21 116.61 645.33 0.08
44667.599305557 02 23 29.09 116.61 644.10 0.09
44667.600000001 02 24 28.98 116.61 642.87 0.09
44667.600694446 02 25 28.87 116.60 641.64 0.09
44667.601388890 02 26 28.76 116.60 640.42 0.09
44667.602083335 02 27 28.65 116.60 639.19 0.09
44667.602777779 02 28 28.53 116.60 637.96 0.09
44667.603472224 02 29 28.42 116.59 636.73 0.09
44667.604166668 02 30 28.31 116.59 635.50 0.09
44667.604861112 02 31 28.20 116.59 634.26 0.09
44667.605555557 02 32 28.09 116.58 633.03 0.09
44667.606250001 02 33 27.97 116.58 631.77 0.09
44667.606944446 02 34 27.86 116.57 630.42 0.09
44667.607638890 02 35 27.75 116.57 629.06 0.09
44667.608333335 02 36 27.64 116.56 627.71 0.09
44667.609027779 02 37 27.52 116.56 626.35 0.09
44667.609722224 02 38 27.41 116.55 624.99 0.09
44667.610416668 02 39 27.30 116.55 623.64 0.09
44667.611111112 02 40 27.19 116.54 622.28 0.09
44667.611805557 02 41 27.07 116.54 620.93 0.09
44667.612500001 02 42 26.96 116.53 619.57 0.09
44667.613194446 02 43 26.85 116.53 618.21 0.09
44667.613888890 02 44 26.74 116.52 616.85 0.09
44667.614583335 02 45 26.62 116.51 615.50 0.09
44667.615277779 02 46 26.51 116.51 614.14 0.09
44667.615972224 02 47 26.40 116.50 612.78 0.09
44667.616666668 02 48 26.29 116.49 611.43 0.09
44667.617361112 02 49 26.17 116.49 610.07 0.09
44667.618055557 02 50 26.06 116.48 608.71 0.09
44667.618750001 02 51 25.95 116.47 607.30 0.09
44667.619444446 02 52 25.84 116.46 605.82 0.09
44667.620138890 02 53 25.73 116.46 604.34 0.09
44667.620833335 02 54 25.61 116.45 602.86 0.09
44667.621527779 02 55 25.50 116.44 601.38 0.09
44667.622222224 02 56 25.39 116.43 599.90 0.09
44667.622916668 02 57 25.28 116.42 598.42 0.09
44667.623611112 02 58 25.16 116.41 596.94 0.09
44667.624305557 02 59 25.05 116.40 595.46 0.09
44667.625000001 03 00 24.94 116.39 593.91 0.09
44667.625694446 03 01 24.83 116.38 592.31 0.09
44667.626388890 03 02 24.71 116.37 590.71 0.09
44667.627083335 03 03 24.60 116.36 589.10 0.09
44667.627777779 03 04 24.49 116.35 587.50 0.09
44667.628472224 03 05 24.38 116.34 585.90 0.09
44667.629166668 03 06 24.26 116.33 584.30 0.09
44667.629861112 03 07 24.15 116.32 582.70 0.09
44667.630555557 03 08 24.04 116.31 581.10 0.09
44667.631250001 03 09 23.93 116.30 579.42 0.09
44667.631944446 03 10 23.82 116.29 577.70 0.09
44667.632638890 03 11 23.70 116.28 575.98 0.09
44667.633333335 03 12 23.59 116.26 574.26 0.09
44667.634027779 03 13 23.48 116.25 572.54 0.09
44667.634722224 03 14 23.37 116.24 570.82 0.09
44667.635416668 03 15 23.26 116.23 569.10 0.09
44667.636111113 03 16 23.14 116.21 567.38 0.09
44667.636805557 03 17 23.03 116.20 565.67 0.09
44667.637500001 03 18 22.92 116.19 563.95 0.09
44667.638194446 03 19 22.81 116.17 562.23 0.09
44667.638888890 03 20 22.70 116.16 560.52 0.09
44667.639583335 03 21 22.59 116.15 558.81 0.09
44667.640277779 03 22 22.47 116.13 557.09 0.09
44667.640972224 03 23 22.36 116.12 555.38 0.09
44667.641666668 03 24 22.25 116.10 553.67 0.09
44667.642361113 03 25 22.14 116.09 551.96 0.09
44667.643055557 03 26 22.03 116.07 550.25 0.09
44667.643750001 03 27 21.92 116.06 548.36 0.09
44667.644444446 03 28 21.81 116.04 546.41 0.09
44667.645138890 03 29 21.70 116.03 544.45 0.09
44667.645833335 03 30 21.58 116.01 542.51 0.09
44667.646527779 03 31 21.47 115.99 540.56 0.09
44667.647222224 03 32 21.36 115.98 538.61 0.09
44667.647916668 03 33 21.25 115.96 536.66 0.09
44667.648611113 03 34 21.14 115.94 534.72 0.09
44667.649305557 03 35 21.03 115.93 532.77 0.09
44667.650000001 03 36 20.92 115.91 530.83 0.09
44667.650694446 03 37 20.81 115.89 528.89 0.09
44667.651388890 03 38 20.70 115.87 526.95 0.09
44667.652083335 03 39 20.59 115.85 525.01 0.09
44667.652777779 03 40 20.48 115.84 523.08 0.09
44667.653472224 03 41 20.37 115.82 521.14 0.09
44667.654166668 03 42 20.26 115.80 519.21 0.09
44667.654861113 03 43 20.15 115.78 517.28 0.09
44667.655555557 03 44 20.04 115.76 515.35 0.09
44667.656250001 03 45 19.93 115.74 513.26 0.09
44667.656944446 03 46 19.82 115.72 511.09 0.09
44667.657638890 03 47 19.71 115.70 508.92 0.09
44667.658333335 03 48 19.60 115.68 506.76 0.09
44667.659027779 03 49 19.49 115.66 504.60 0.09
44667.659722224 03 50 19.38 115.64 502.44 0.09
44667.660416668 03 51 19.27 115.62 500.28 0.09
44667.661111113 03 52 19.16 115.59 498.12 0.09
44667.661805557 03 53 19.05 115.57 495.96 0.09
44667.662500001 03 54 18.94 115.55 493.81 0.09
44667.663194446 03 55 18.83 115.53 491.66 0.09
44667.663888890 03 56 18.73 115.51 489.51 0.09
44667.664583335 03 57 18.62 115.48 487.36 0.09
44667.665277779 03 58 18.51 115.46 485.22 0.09
44667.665972224 03 59 18.40 115.44 483.08 0.09
44667.666666668 04 00 18.29 115.41 480.94 0.09
44667.667361113 04 01 18.18 115.39 478.80 0.09
44667.668055557 04 02 18.08 115.37 476.66 0.09
44667.668750002 04 03 17.97 115.34 474.42 0.09
44667.669444446 04 04 17.86 115.32 471.94 0.09
44667.670138890 04 05 17.75 115.29 469.45 0.09
44667.670833335 04 06 17.64 115.27 466.97 0.09
44667.671527779 04 07 17.54 115.24 464.49 0.09
44667.672222224 04 08 17.43 115.22 462.02 0.09
44667.672916668 04 09 17.32 115.19 459.55 0.09
44667.673611113 04 10 17.21 115.16 457.08 0.09
44667.674305557 04 11 17.11 115.14 454.61 0.09
44667.675000002 04 12 17.00 115.11 452.15 0.09
44667.675694446 04 13 16.89 115.08 449.69 0.09
44667.676388890 04 14 16.79 115.06 447.23 0.09
44667.677083335 04 15 16.68 115.03 444.78 0.09
44667.677777779 04 16 16.57 115.00 442.32 0.09
44667.678472224 04 17 16.47 114.97 439.88 0.09
44667.679166668 04 18 16.36 114.94 437.43 0.09
44667.679861113 04 19 16.26 114.91 434.99 0.09
44667.680555557 04 20 16.15 114.89 432.55 0.09
44667.681250002 04 21 16.04 114.86 430.12 0.09
44667.681944446 04 22 15.94 114.83 427.55 0.09
44667.682638890 04 23 15.83 114.80 424.89 0.09
44667.683333335 04 24 15.73 114.77 422.23 0.09
44667.684027779 04 25 15.62 114.74 419.58 0.09
44667.684722224 04 26 15.52 114.70 416.93 0.09
44667.685416668 04 27 15.41 114.67 414.29 0.09
44667.686111113 04 28 15.31 114.64 411.65 0.09
