2022 04 24 17 00 32.66 0.00 0.00
2022 04 24 17 01 32.77 0.00 0.00
2022 04 24 17 02 32.88 0.00 0.00
2022 04 24 17 03 32.99 0.00 0.00
2022 04 24 17 04 33.10 0.00 0.00
2022 04 24 17 05 33.21 0.00 0.00
2022 04 24 17 06 33.32 0.00 0.00
2022 04 24 17 07 33.42 0.00 0.00
2022 04 24 17 08 33.53 0.00 0.00
2022 04 24 17 09 33.64 0.00 0.00
2022 04 24 17 10 33.75 0.00 0.00
2022 04 24 17 11 33.86 0.00 0.00
2022 04 24 17 12 33.97 0.00 0.00
2022 04 24 17 13 34.07 0.00 0.00
2022 04 24 17 14 34.18 73.29 0.00
2022 04 24 17 15 34.29 73.47 0.00
2022 04 24 17 16 34.40 73.66 0.00
2022 04 24 17 17 34.50 73.84 0.00
2022 04 24 17 18 34.61 74.02 0.00
2022 04 24 17 19 34.72 74.20 0.00
2022 04 24 17 20 34.82 74.39 0.00
2022 04 24 17 21 34.93 74.57 0.00
2022 04 24 17 22 35.04 74.75 0.00
2022 04 24 17 23 35.14 74.93 0.00
2022 04 24 17 24 35.25 75.11 0.00
2022 04 24 17 25 35.36 75.30 0.00
2022 04 24 17 26 35.46 75.48 0.00
2022 04 24 17 27 35.57 75.66 0.00
2022 04 24 17 28 35.67 75.84 0.00
2022 04 24 17 29 35.78 76.02 0.00
2022 04 24 17 30 35.88 76.20 0.00
2022 04 24 17 31 35.99 76.38 0.00
2022 04 24 17 32 36.09 76.56 0.00
2022 04 24 17 33 36.20 76.74 0.00
2022 04 24 17 34 36.30 76.92 0.00
2022 04 24 17 35 36.41 77.10 0.00
2022 04 24 17 36 36.51 77.28 0.00
2022 04 24 17 37 36.62 77.46 0.00
2022 04 24 17 38 36.72 77.64 0.00
2022 04 24 17 39 36.82 77.82 0.00
2022 04 24 17 40 36.93 78.00 0.00
2022 04 24 17 41 37.03 78.18 0.00
2022 04 24 17 42 37.13 78.36 0.00
2022 04 24 17 43 37.24 78.53 0.00
2022 04 24 17 44 37.34 78.71 0.00
2022 04 24 17 45 37.44 78.89 0.00
2022 04 24 17 46 37.54 79.07 0.00
2022 04 24 17 47 37.64 79.24 0.00
2022 04 24 17 48 37.75 79.42 0.00
2022 04 24 17 49 37.85 79.60 0.00
2022 04 24 17 50 37.95 79.77 0.00
2022 04 24 17 51 38.05 79.95 0.00
2022 04 24 17 52 38.15 80.13 0.00
2022 04 24 17 53 38.25 80.30 0.00
2022 04 24 17 54 38.35 80.48 0.00
2022 04 24 17 55 38.45 80.65 0.00
2022 04 24 17 56 38.55 80.83 0.00
2022 04 24 17 57 38.65 81.00 0.00
2022 04 24 17 58 38.75 81.17 0.00
2022 04 24 17 59 38.85 81.35 0.00
2022 04 24 18 00 38.95 81.52 0.00
2022 04 24 18 01 39.05 81.70 0.00
2022 04 24 18 02 39.15 81.87 0.00
2022 04 24 18 03 39.24 82.04 0.00
2022 04 24 18 04 39.34 82.21 0.00
2022 04 24 18 05 39.44 82.38 0.00
2022 04 24 18 06 39.54 82.56 0.00
2022 04 24 18 07 39.63 82.73 0.00
2022 04 24 18 08 39.73 82.90 0.00
2022 04 24 18 09 39.83 83.07 0.00
2022 04 24 18 10 39.92 83.24 0.00
2022 04 24 18 11 40.02 83.41 0.00
2022 04 24 18 12 40.11 83.58 0.00
2022 04 24 18 13 40.21 83.75 0.00
2022 04 24 18 14 40.31 83.92 0.00
2022 04 24 18 15 40.40 84.09 0.00
2022 04 24 18 16 40.49 84.25 0.00
2022 04 24 18 17 40.59 84.42 0.00
2022 04 24 18 18 40.68 84.59 0.00
2022 04 24 18 19 40.78 84.76 0.00
2022 04 24 18 20 40.87 84.92 0.00
2022 04 24 18 21 40.96 85.09 0.00
2022 04 24 18 22 41.06 85.26 0.00
2022 04 24 18 23 41.15 85.42 0.00
2022 04 24 18 24 41.24 85.59 0.00
2022 04 24 18 25 41.33 85.75 0.00
2022 04 24 18 26 41.42 85.92 0.00
2022 04 24 18 27 41.51 86.08 0.00
2022 04 24 18 28 41.61 86.24 0.00
2022 04 24 18 29 41.70 86.41 0.00
2022 04 24 18 30 41.79 86.57 0.00
2022 04 24 18 31 41.88 86.73 0.00
2022 04 24 18 32 41.97 86.90 0.00
2022 04 24 18 33 42.05 87.06 0.00
2022 04 24 18 34 42.14 87.22 0.00
2022 04 24 18 35 42.23 87.38 0.00
2022 04 24 18 36 42.32 87.54 0.00
2022 04 24 18 37 42.41 87.70 0.00
2022 04 24 18 38 42.50 87.86 0.00
2022 04 24 18 39 42.58 88.02 0.00
2022 04 24 18 40 42.67 88.18 0.00
2022 04 24 18 41 42.76 88.34 0.00
2022 04 24 18 42 42.84 88.50 0.00
2022 04 24 18 43 42.93 88.65 0.00
2022 04 24 18 44 43.01 88.81 0.00
2022 04 24 18 45 43.10 88.97 0.00
2022 04 24 18 46 43.18 89.13 0.00
2022 04 24 18 47 43.27 89.28 0.00
2022 04 24 18 48 43.35 89.44 0.00
2022 04 24 18 49 43.43 89.59 0.00
2022 04 24 18 50 43.52 89.75 0.00
2022 04 24 18 51 43.60 89.90 0.00
2022 04 24 18 52 43.68 90.06 0.00
2022 04 24 18 53 43.76 90.21 0.00
2022 04 24 18 54 43.84 90.36 0.00
2022 04 24 18 55 43.92 90.51 0.00
2022 04 24 18 56 44.00 90.67 0.00
2022 04 24 18 57 44.08 90.82 0.00
2022 04 24 18 58 44.16 90.97 0.00
2022 04 24 18 59 44.24 91.12 0.00
2022 04 24 19 00 44.32 91.27 0.00
2022 04 24 19 01 44.40 91.42 0.00
2022 04 24 19 02 44.48 91.57 0.00
2022 04 24 19 03 44.56 91.72 0.00
2022 04 24 19 04 44.63 91.87 0.00
2022 04 24 19 05 44.71 92.02 0.00
2022 04 24 19 06 44.79 92.16 0.00
2022 04 24 19 07 44.86 92.31 0.00
2022 04 24 19 08 44.94 92.46 0.00
2022 04 24 19 09 45.01 92.60 0.00
2022 04 24 19 10 45.09 92.75 0.00
2022 04 24 19 11 45.16 92.90 0.00
2022 04 24 19 12 45.23 93.04 0.00
2022 04 24 19 13 45.31 93.19 0.00
2022 04 24 19 14 45.38 93.33 0.00
2022 04 24 19 15 45.45 93.47 0.00
2022 04 24 19 16 45.52 93.62 0.00
2022 04 24 19 17 45.60 93.76 0.00
2022 04 24 19 18 45.67 93.90 0.00
2022 04 24 19 19 45.74 94.04 0.00
2022 04 24 19 20 45.81 94.18 0.00
2022 04 24 19 21 45.88 94.32 0.00
2022 04 24 19 22 45.94 94.46 0.00
2022 04 24 19 23 46.01 94.60 0.00
2022 04 24 19 24 46.08 94.74 0.00
2022 04 24 19 25 46.15 94.88 0.00
2022 04 24 19 26 46.21 95.02 0.00
2022 04 24 19 27 46.28 95.16 0.00
2022 04 24 19 28 46.35 95.30 0.00
2022 04 24 19 29 46.41 95.43 0.00
2022 04 24 19 30 46.48 95.57 0.00
2022 04 24 19 31 46.54 95.70 0.00
2022 04 24 19 32 46.60 95.84 0.00
2022 04 24 19 33 46.67 95.97 0.00
2022 04 24 19 34 46.73 96.11 0.00
2022 04 24 19 35 46.79 96.24 0.00
2022 04 24 19 36 46.85 96.38 0.00
2022 04 24 19 37 46.92 96.51 0.00
2022 04 24 19 38 46.98 96.64 0.00
2022 04 24 19 39 47.04 96.77 0.00
2022 04 24 19 40 47.10 96.91 0.00
2022 04 24 19 41 47.15 97.04 0.00
2022 04 24 19 42 47.21 97.17 0.00
2022 04 24 19 43 47.27 97.30 0.00
2022 04 24 19 44 47.33 97.43 0.00
2022 04 24 19 45 47.38 97.56 0.00
2022 04 24 19 46 47.44 97.68 0.00
2022 04 24 19 47 47.50 97.81 0.00
2022 04 24 19 48 47.55 97.94 0.00
2022 04 24 19 49 47.61 98.07 0.00
2022 04 24 19 50 47.66 98.19 0.00
2022 04 24 19 51 47.71 98.32 0.00
2022 04 24 19 52 47.77 98.44 0.00
2022 04 24 19 53 47.82 98.57 0.00
2022 04 24 19 54 47.87 98.69 0.00
2022 04 24 19 55 47.92 98.82 0.00
2022 04 24 19 56 47.97 98.94 0.00
2022 04 24 19 57 48.02 99.06 0.00
2022 04 24 19 58 48.07 99.19 0.00
2022 04 24 19 59 48.12 99.31 0.00
2022 04 24 20 00 48.17 99.43 0.00
2022 04 24 20 01 48.21 99.55 0.00
2022 04 24 20 02 48.26 99.67 0.00
2022 04 24 20 03 48.31 99.79 0.00
2022 04 24 20 04 48.35 99.91 0.00
2022 04 24 20 05 48.40 100.03 0.00
2022 04 24 20 06 48.44 100.15 0.00
2022 04 24 20 07 48.49 100.27 0.00
2022 04 24 20 08 48.53 100.39 0.00
2022 04 24 20 09 48.57 100.50 0.00
2022 04 24 20 10 48.61 100.62 0.00
2022 04 24 20 11 48.66 100.73 0.00
2022 04 24 20 12 48.70 100.85 0.00
2022 04 24 20 13 48.74 100.97 0.00
2022 04 24 20 14 48.78 101.08 0.00
2022 04 24 20 15 48.81 101.19 0.00
2022 04 24 20 16 48.85 101.31 0.00
2022 04 24 20 17 48.89 101.42 0.00
2022 04 24 20 18 48.93 101.53 0.00
2022 04 24 20 19 48.96 101.64 0.00
2022 04 24 20 20 49.00 101.76 0.00
2022 04 24 20 21 49.03 101.87 0.00
2022 04 24 20 22 49.07 101.98 0.00
2022 04 24 20 23 49.10 102.09 0.00
2022 04 24 20 24 49.13 102.20 0.00
2022 04 24 20 25 49.17 102.31 0.00
2022 04 24 20 26 49.20 102.41 0.00
2022 04 24 20 27 49.23 102.52 0.00
2022 04 24 20 28 49.26 102.63 0.00
2022 04 24 20 29 49.29 102.74 0.00
2022 04 24 20 30 49.32 102.84 0.00
2022 04 24 20 31 49.35 102.95 0.00
2022 04 24 20 32 49.37 103.06 0.00
2022 04 24 20 33 49.40 103.16 0.00
2022 04 24 20 34 49.43 103.26 0.00
2022 04 24 20 35 49.45 103.37 0.00
2022 04 24 20 36 49.48 103.47 0.00
2022 04 24 20 37 49.50 103.58 0.00
2022 04 24 20 38 49.53 103.68 0.00
2022 04 24 20 39 49.55 103.78 0.00
2022 04 24 20 40 49.57 103.88 0.00
2022 04 24 20 41 49.59 103.98 0.00
2022 04 24 20 42 49.61 104.08 0.00
2022 04 24 20 43 49.64 104.18 0.00
2022 04 24 20 44 49.65 104.28 0.00
2022 04 24 20 45 49.67 104.38 0.00
2022 04 24 20 46 49.69 104.48 0.00
2022 04 24 20 47 49.71 104.58 0.00
2022 04 24 20 48 49.73 104.68 0.00
2022 04 24 20 49 49.74 104.77 0.00
2022 04 24 20 50 49.76 104.87 0.00
2022 04 24 20 51 49.77 104.97 0.00
2022 04 24 20 52 49.79 105.06 0.00
2022 04 24 20 53 49.80 105.16 0.00
2022 04 24 20 54 49.81 105.25 0.00
2022 04 24 20 55 49.82 105.34 0.00
2022 04 24 20 56 49.84 105.44 0.00
2022 04 24 20 57 49.85 105.53 0.00
2022 04 24 20 58 49.86 105.62 0.00
2022 04 24 20 59 49.87 105.72 0.00
2022 04 24 21 00 49.87 105.81 0.00
2022 04 24 21 01 49.88 105.90 0.00
2022 04 24 21 02 49.89 105.99 0.00
2022 04 24 21 03 49.90 106.08 0.00
2022 04 24 21 04 49.90 106.17 0.00
2022 04 24 21 05 49.91 106.26 0.00
2022 04 24 21 06 49.91 106.35 0.00
2022 04 24 21 07 49.91 106.44 0.00
2022 04 24 21 08 49.92 106.52 0.00
2022 04 24 21 09 49.92 106.61 0.00
2022 04 24 21 10 49.92 106.70 0.00
2022 04 24 21 11 49.92 106.78 0.00
2022 04 24 21 12 49.92 106.87 0.00
2022 04 24 21 13 49.92 106.96 0.00
2022 04 24 21 14 49.92 107.04 0.00
2022 04 24 21 15 49.92 107.13 0.00
2022 04 24 21 16 49.92 107.21 0.00
2022 04 24 21 17 49.91 107.29 0.00
2022 04 24 21 18 49.91 107.38 0.00
2022 04 24 21 19 49.90 107.46 0.00
2022 04 24 21 20 49.90 107.54 0.00
2022 04 24 21 21 49.89 107.62 0.00
2022 04 24 21 22 49.88 107.70 0.00
2022 04 24 21 23 49.88 107.78 0.00
2022 04 24 21 24 49.87 107.86 0.00
2022 04 24 21 25 49.86 107.94 0.00
2022 04 24 21 26 49.85 108.02 0.00
2022 04 24 21 27 49.84 108.10 0.00
2022 04 24 21 28 49.83 108.18 0.00
2022 04 24 21 29 49.82 108.26 0.00
2022 04 24 21 30 49.80 108.34 0.00
2022 04 24 21 31 49.79 108.41 0.00
2022 04 24 21 32 49.78 108.49 0.00
2022 04 24 21 33 49.76 108.57 0.00
2022 04 24 21 34 49.75 108.64 0.00
2022 04 24 21 35 49.73 108.72 0.00
2022 04 24 21 36 49.71 108.79 0.00
2022 04 24 21 37 49.70 108.87 0.00
2022 04 24 21 38 49.68 108.94 0.00
2022 04 24 21 39 49.66 109.01 0.00
2022 04 24 21 40 49.64 109.09 0.00
2022 04 24 21 41 49.62 109.16 0.00
2022 04 24 21 42 49.60 109.23 0.00
2022 04 24 21 43 49.58 109.30 0.00
2022 04 24 21 44 49.56 109.37 0.00
2022 04 24 21 45 49.53 109.44 0.00
2022 04 24 21 46 49.51 109.52 0.00
2022 04 24 21 47 49.49 109.58 0.00
2022 04 24 21 48 49.46 109.65 0.00
2022 04 24 21 49 49.44 109.72 0.00
2022 04 24 21 50 49.41 109.79 0.00
2022 04 24 21 51 49.38 109.86 0.00
2022 04 24 21 52 49.35 109.93 0.00
2022 04 24 21 53 49.33 109.99 0.00
2022 04 24 21 54 49.30 110.06 0.00
2022 04 24 21 55 49.27 110.13 0.00
2022 04 24 21 56 49.24 110.19 0.00
2022 04 24 21 57 49.21 110.26 0.00
2022 04 24 21 58 49.18 110.32 0.00
2022 04 24 21 59 49.14 110.39 0.00
2022 04 24 22 00 49.11 110.45 0.00
2022 04 24 22 01 49.08 110.52 0.00
2022 04 24 22 02 49.04 110.58 0.00
2022 04 24 22 03 49.01 110.64 0.00
2022 04 24 22 04 48.97 110.71 0.00
2022 04 24 22 05 48.94 110.77 0.00
2022 04 24 22 06 48.90 110.83 0.00
2022 04 24 22 07 48.86 110.89 0.00
2022 04 24 22 08 48.82 110.95 0.00
2022 04 24 22 09 48.79 111.01 0.00
2022 04 24 22 10 48.75 111.07 0.00
2022 04 24 22 11 48.71 111.13 0.00
2022 04 24 22 12 48.67 111.19 0.00
2022 04 24 22 13 48.63 111.25 0.00
2022 04 24 22 14 48.58 111.31 0.00
2022 04 24 22 15 48.54 111.37 0.00
2022 04 24 22 16 48.50 111.42 0.00
2022 04 24 22 17 48.45 111.48 0.00
2022 04 24 22 18 48.41 111.54 0.00
2022 04 24 22 19 48.37 111.59 0.00
2022 04 24 22 20 48.32 111.65 0.00
2022 04 24 22 21 48.27 111.71 0.00
2022 04 24 22 22 48.23 111.76 0.00
2022 04 24 22 23 48.18 111.82 0.00
2022 04 24 22 24 48.13 111.87 0.00
2022 04 24 22 25 48.08 111.92 0.00
2022 04 24 22 26 48.03 111.98 0.00
2022 04 24 22 27 47.99 112.03 0.00
2022 04 24 22 28 47.93 112.08 0.00
2022 04 24 22 29 47.88 112.14 0.00
2022 04 24 22 30 47.83 112.19 0.00
2022 04 24 22 31 47.78 112.24 0.00
2022 04 24 22 32 47.73 112.29 0.00
2022 04 24 22 33 47.67 112.34 0.00
2022 04 24 22 34 47.62 112.39 0.00
2022 04 24 22 35 47.57 112.44 0.00
2022 04 24 22 36 47.51 112.49 0.00
2022 04 24 22 37 47.46 112.54 0.00
2022 04 24 22 38 47.40 112.59 0.00
2022 04 24 22 39 47.34 112.64 0.00
2022 04 24 22 40 47.29 112.69 0.00
2022 04 24 22 41 47.23 112.74 0.00
2022 04 24 22 42 47.17 112.78 0.00
2022 04 24 22 43 47.11 112.83 0.00
2022 04 24 22 44 47.05 112.88 0.00
2022 04 24 22 45 46.99 112.93 0.00
2022 04 24 22 46 46.93 112.97 0.00
2022 04 24 22 47 46.87 113.02 0.00
2022 04 24 22 48 46.81 113.06 0.00
2022 04 24 22 49 46.75 113.11 0.00
2022 04 24 22 50 46.69 113.15 0.00
2022 04 24 22 51 46.62 113.20 0.00
2022 04 24 22 52 46.56 113.24 0.00
2022 04 24 22 53 46.49 113.28 0.00
2022 04 24 22 54 46.43 113.33 0.00
2022 04 24 22 55 46.36 113.37 0.00
2022 04 24 22 56 46.30 113.41 0.00
2022 04 24 22 57 46.23 113.45 0.00
2022 04 24 22 58 46.17 113.50 0.00
2022 04 24 22 59 46.10 113.54 0.00
2022 04 24 23 00 46.03 113.58 0.00
2022 04 24 23 01 45.96 113.62 0.00
2022 04 24 23 02 45.89 113.66 0.00
2022 04 24 23 03 45.83 113.70 0.00
2022 04 24 23 04 45.76 113.74 0.00
2022 04 24 23 05 45.69 113.78 0.00
2022 04 24 23 06 45.61 113.82 0.00
2022 04 24 23 07 45.54 113.86 0.00
2022 04 24 23 08 45.47 113.90 0.00
2022 04 24 23 09 45.40 113.93 0.00
2022 04 24 23 10 45.33 113.97 0.00
2022 04 24 23 11 45.25 114.01 0.00
2022 04 24 23 12 45.18 114.05 0.00
2022 04 24 23 13 45.11 114.08 0.00
2022 04 24 23 14 45.03 114.12 0.00
2022 04 24 23 15 44.96 114.16 0.00
2022 04 24 23 16 44.88 114.19 0.00
2022 04 24 23 17 44.81 114.23 0.00
2022 04 24 23 18 44.73 114.26 0.00
2022 04 24 23 19 44.65 114.30 0.00
2022 04 24 23 20 44.58 114.33 0.00
2022 04 24 23 21 44.50 114.37 0.00
2022 04 24 23 22 44.42 114.40 0.00
2022 04 24 23 23 44.34 114.44 0.00
2022 04 24 23 24 44.27 114.47 0.00
2022 04 24 23 25 44.19 114.50 0.00
2022 04 24 23 26 44.11 114.53 0.00
2022 04 24 23 27 44.03 114.57 0.00
2022 04 24 23 28 43.95 114.60 0.00
2022 04 24 23 29 43.87 114.63 0.00
2022 04 24 23 30 43.78 114.66 0.00
2022 04 24 23 31 43.70 114.69 0.00
2022 04 24 23 32 43.62 114.72 0.00
2022 04 24 23 33 43.54 114.76 0.00
2022 04 24 23 34 43.46 114.79 0.00
2022 04 24 23 35 43.37 114.82 0.00
2022 04 24 23 36 43.29 114.85 0.00
2022 04 24 23 37 43.20 114.87 0.00
2022 04 24 23 38 43.12 114.90 0.00
2022 04 24 23 39 43.04 114.93 0.00
2022 04 24 23 40 42.95 114.96 0.00
2022 04 24 23 41 42.86 114.99 0.00
2022 04 24 23 42 42.78 115.02 0.00
2022 04 24 23 43 42.69 115.05 0.00
2022 04 24 23 44 42.61 115.07 0.00
2022 04 24 23 45 42.52 115.10 0.00
2022 04 24 23 46 42.43 115.13 0.00
2022 04 24 23 47 42.34 115.15 0.00
2022 04 24 23 48 42.26 115.18 0.00
2022 04 24 23 49 42.17 115.21 0.00
2022 04 24 23 50 42.08 115.23 0.00
2022 04 24 23 51 41.99 115.26 0.00
2022 04 24 23 52 41.90 115.28 0.00
2022 04 24 23 53 41.81 115.31 0.00
2022 04 24 23 54 41.72 115.33 0.00
2022 04 24 23 55 41.63 115.36 0.00
2022 04 24 23 56 41.54 115.38 0.00
2022 04 24 23 57 41.45 115.40 0.00
2022 04 24 23 58 41.36 115.43 0.00
2022 04 24 23 59 41.27 115.45 0.00
2022 04 25 00 00 41.17 115.48 0.00
2022 04 25 00 01 41.08 115.50 0.00
2022 04 25 00 02 40.99 115.52 0.00
2022 04 25 00 03 40.90 115.54 0.00
2022 04 25 00 04 40.80 115.56 0.00
2022 04 25 00 05 40.71 115.59 0.00
2022 04 25 00 06 40.61 115.61 0.00
2022 04 25 00 07 40.52 115.63 0.00
2022 04 25 00 08 40.43 115.65 40.44
2022 04 25 00 09 40.33 115.67 40.37
2022 04 25 00 10 40.24 115.69 40.29
2022 04 25 00 11 40.14 115.71 40.22
2022 04 25 00 12 40.05 115.73 40.15
2022 04 25 00 13 39.95 115.75 40.08
2022 04 25 00 14 39.85 115.77 40.02
2022 04 25 00 15 39.76 115.79 39.95
2022 04 25 00 16 39.66 115.81 39.89
2022 04 25 00 17 39.56 115.83 39.83
2022 04 25 00 18 39.47 115.85 39.77
2022 04 25 00 19 39.37 115.87 39.72
2022 04 25 00 20 39.27 115.88 39.66
2022 04 25 00 21 39.17 115.90 39.61
2022 04 25 00 22 39.07 115.92 39.56
2022 04 25 00 23 38.98 115.94 39.51
2022 04 25 00 24 38.88 115.95 39.46
2022 04 25 00 25 38.78 115.97 39.41
2022 04 25 00 26 38.68 115.99 39.37
2022 04 25 00 27 38.58 116.00 39.33
2022 04 25 00 28 38.48 116.02 39.29
2022 04 25 00 29 38.38 116.04 39.25
2022 04 25 00 30 38.28 116.05 39.22
2022 04 25 00 31 38.18 116.07 39.18
2022 04 25 00 32 38.08 116.08 39.15
2022 04 25 00 33 37.98 116.10 39.12
2022 04 25 00 34 37.88 116.11 39.09
2022 04 25 00 35 37.77 116.13 39.06
2022 04 25 00 36 37.67 116.14 39.04
2022 04 25 00 37 37.57 116.15 39.01
2022 04 25 00 38 37.47 116.17 38.99
2022 04 25 00 39 37.37 116.18 38.97
2022 04 25 00 40 37.26 116.20 38.95
2022 04 25 00 41 37.16 116.21 38.94
2022 04 25 00 42 37.06 116.22 38.92
2022 04 25 00 43 36.96 116.23 38.91
2022 04 25 00 44 36.85 116.25 38.90
2022 04 25 00 45 36.75 116.26 38.89
2022 04 25 00 46 36.64 116.27 38.88
2022 04 25 00 47 36.54 116.28 38.88
2022 04 25 00 48 36.44 116.30 38.87
2022 04 25 00 49 36.33 116.31 38.87
2022 04 25 00 50 36.23 116.32 38.87
2022 04 25 00 51 36.12 116.33 38.87
2022 04 25 00 52 36.02 116.34 38.87
2022 04 25 00 53 35.91 116.35 38.88
2022 04 25 00 54 35.81 116.36 38.89
2022 04 25 00 55 35.70 116.37 38.89
2022 04 25 00 56 35.60 116.38 38.90
2022 04 25 00 57 35.49 116.39 38.92
2022 04 25 00 58 35.39 116.40 38.93
2022 04 25 00 59 35.28 116.41 38.94
2022 04 25 01 00 35.17 116.42 38.96
2022 04 25 01 01 35.07 116.43 38.98
2022 04 25 01 02 34.96 116.44 39.00
2022 04 25 01 03 34.85 116.44 39.02
2022 04 25 01 04 34.75 116.45 39.04
2022 04 25 01 05 34.64 116.46 39.07
2022 04 25 01 06 34.53 116.47 39.09
2022 04 25 01 07 34.43 116.48 39.12
2022 04 25 01 08 34.32 116.48 39.15
2022 04 25 01 09 34.21 116.49 39.18
2022 04 25 01 10 34.10 116.50 39.21
2022 04 25 01 11 34.00 116.51 39.24
2022 04 25 01 12 33.89 116.51 39.28
2022 04 25 01 13 33.78 116.52 39.32
2022 04 25 01 14 33.67 116.52 39.35
2022 04 25 01 15 33.56 116.53 39.39
2022 04 25 01 16 33.45 116.54 39.44
2022 04 25 01 17 33.35 116.54 39.48
2022 04 25 01 18 33.24 116.55 39.52
2022 04 25 01 19 33.13 116.55 39.57
2022 04 25 01 20 33.02 116.56 39.62
2022 04 25 01 21 32.91 116.56 39.66
2022 04 25 01 22 32.80 116.57 39.71
2022 04 25 01 23 32.69 116.57 39.77
2022 04 25 01 24 32.58 116.58 39.82
2022 04 25 01 25 32.47 116.58 39.87
2022 04 25 01 26 32.36 116.58 39.93
2022 04 25 01 27 32.25 116.59 39.98
2022 04 25 01 28 32.14 116.59 40.04
2022 04 25 01 29 32.03 116.59 40.10
2022 04 25 01 30 31.92 116.60 40.16
2022 04 25 01 31 31.81 116.60 40.22
2022 04 25 01 32 31.70 116.60 40.29
2022 04 25 01 33 31.59 116.60 40.35
2022 04 25 01 34 31.48 116.61 40.42
2022 04 25 01 35 31.37 116.61 40.49
2022 04 25 01 36 31.26 116.61 40.55
2022 04 25 01 37 31.15 116.61 40.62
2022 04 25 01 38 31.04 116.61 40.70
2022 04 25 01 39 30.93 116.62 40.77
2022 04 25 01 40 30.82 116.62 40.84
2022 04 25 01 41 30.71 116.62 40.92
2022 04 25 01 42 30.60 116.62 40.99
2022 04 25 01 43 30.48 116.62 41.07
2022 04 25 01 44 30.37 116.62 41.15
2022 04 25 01 45 30.26 116.62 41.23
2022 04 25 01 46 30.15 116.62 41.31
2022 04 25 01 47 30.04 116.62 41.39
2022 04 25 01 48 29.93 116.62 41.47
2022 04 25 01 49 29.82 116.62 41.56
2022 04 25 01 50 29.71 116.62 41.64
2022 04 25 01 51 29.59 116.62 41.73
2022 04 25 01 52 29.48 116.61 41.81
2022 04 25 01 53 29.37 116.61 41.90
2022 04 25 01 54 29.26 116.61 41.99
2022 04 25 01 55 29.15 116.61 42.08
2022 04 25 01 56 29.03 116.61 42.17
2022 04 25 01 57 28.92 116.60 42.27
2022 04 25 01 58 28.81 116.60 42.36
2022 04 25 01 59 28.70 116.60 42.45
2022 04 25 02 00 28.59 116.60 42.55
2022 04 25 02 01 28.47 116.59 42.65
2022 04 25 02 02 28.36 116.59 42.74
2022 04 25 02 03 28.25 116.59 42.84
2022 04 25 02 04 28.14 116.58 42.94
2022 04 25 02 05 28.03 116.58 43.04
2022 04 25 02 06 27.91 116.58 43.14
2022 04 25 02 07 27.80 116.57 43.24
2022 04 25 02 08 27.69 116.57 43.35
2022 04 25 02 09 27.58 116.56 43.45
2022 04 25 02 10 27.46 116.56 43.56
2022 04 25 02 11 27.35 116.55 43.66
2022 04 25 02 12 27.24 116.55 43.77
2022 04 25 02 13 27.13 116.54 43.88
2022 04 25 02 14 27.02 116.54 43.99
2022 04 25 02 15 26.90 116.53 44.10
2022 04 25 02 16 26.79 116.52 44.21
2022 04 25 02 17 26.68 116.52 44.32
2022 04 25 02 18 26.57 116.51 44.43
2022 04 25 02 19 26.45 116.50 44.54
2022 04 25 02 20 26.34 116.50 44.66
2022 04 25 02 21 26.23 116.49 44.77
2022 04 25 02 22 26.12 116.48 44.88
2022 04 25 02 23 26.00 116.48 45.00
2022 04 25 02 24 25.89 116.47 45.12
2022 04 25 02 25 25.78 116.46 45.24
2022 04 25 02 26 25.67 116.45 45.35
2022 04 25 02 27 25.55 116.44 45.47
2022 04 25 02 28 25.44 116.43 45.59
2022 04 25 02 29 25.33 116.43 45.71
2022 04 25 02 30 25.22 116.42 45.83
2022 04 25 02 31 25.10 116.41 45.96
2022 04 25 02 32 24.99 116.40 46.08
2022 04 25 02 33 24.88 116.39 46.20
2022 04 25 02 34 24.77 116.38 46.33
2022 04 25 02 35 24.66 116.37 46.45
2022 04 25 02 36 24.54 116.36 46.58
2022 04 25 02 37 24.43 116.35 46.70
2022 04 25 02 38 24.32 116.34 46.83
2022 04 25 02 39 24.21 116.33 46.96
2022 04 25 02 40 24.09 116.32 47.09
2022 04 25 02 41 23.98 116.30 47.22
2022 04 25 02 42 23.87 116.29 47.35
2022 04 25 02 43 23.76 116.28 47.48
2022 04 25 02 44 23.65 116.27 47.61
2022 04 25 02 45 23.53 116.26 47.74
2022 04 25 02 46 23.42 116.25 47.87
2022 04 25 02 47 23.31 116.23 48.00
2022 04 25 02 48 23.20 116.22 48.14
2022 04 25 02 49 23.09 116.21 48.27
2022 04 25 02 50 22.97 116.19 48.41
2022 04 25 02 51 22.86 116.18 48.54
2022 04 25 02 52 22.75 116.17 48.68
2022 04 25 02 53 22.64 116.15 48.81
2022 04 25 02 54 22.53 116.14 48.95
2022 04 25 02 55 22.42 116.12 49.09
2022 04 25 02 56 22.31 116.11 49.22
2022 04 25 02 57 22.19 116.09 49.36
2022 04 25 02 58 22.08 116.08 49.50
2022 04 25 02 59 21.97 116.06 49.64
2022 04 25 03 00 21.86 116.05 49.78
2022 04 25 03 01 21.75 116.03 49.92
2022 04 25 03 02 21.64 116.02 50.07
2022 04 25 03 03 21.53 116.00 50.21
2022 04 25 03 04 21.42 115.98 50.35
2022 04 25 03 05 21.30 115.97 50.49
2022 04 25 03 06 21.19 115.95 50.64
2022 04 25 03 07 21.08 115.93 50.78
2022 04 25 03 08 20.97 115.92 50.92
2022 04 25 03 09 20.86 115.90 51.07
2022 04 25 03 10 20.75 115.88 51.21
2022 04 25 03 11 20.64 115.86 51.36
2022 04 25 03 12 20.53 115.84 51.51
2022 04 25 03 13 20.42 115.83 51.65
2022 04 25 03 14 20.31 115.81 51.80
2022 04 25 03 15 20.20 115.79 51.95
2022 04 25 03 16 20.09 115.77 52.10
2022 04 25 03 17 19.98 115.75 52.25
2022 04 25 03 18 19.87 115.73 52.40
2022 04 25 03 19 19.76 115.71 52.55
2022 04 25 03 20 19.65 115.69 52.70
2022 04 25 03 21 19.54 115.67 52.85
2022 04 25 03 22 19.43 115.65 53.00
2022 04 25 03 23 19.32 115.63 53.15
2022 04 25 03 24 19.21 115.60 53.30
2022 04 25 03 25 19.10 115.58 53.45
2022 04 25 03 26 19.00 115.56 53.61
2022 04 25 03 27 18.89 115.54 53.76
2022 04 25 03 28 18.78 115.52 53.91
2022 04 25 03 29 18.67 115.49 54.07
2022 04 25 03 30 18.56 115.47 54.22
2022 04 25 03 31 18.45 115.45 54.38
2022 04 25 03 32 18.34 115.42 54.53
2022 04 25 03 33 18.24 115.40 54.69
2022 04 25 03 34 18.13 115.38 54.84
2022 04 25 03 35 18.02 115.35 55.00
2022 04 25 03 36 17.91 115.33 55.16
2022 04 25 03 37 17.80 115.30 55.31
2022 04 25 03 38 17.70 115.28 55.47
2022 04 25 03 39 17.59 115.25 55.63
2022 04 25 03 40 17.48 115.23 55.79
2022 04 25 03 41 17.37 115.20 55.95
2022 04 25 03 42 17.27 115.18 56.11
2022 04 25 03 43 17.16 115.15 56.27
2022 04 25 03 44 17.05 115.12 56.43
2022 04 25 03 45 16.95 115.10 56.59
2022 04 25 03 46 16.84 115.07 56.75
2022 04 25 03 47 16.73 115.04 56.91
2022 04 25 03 48 16.63 115.01 57.07
2022 04 25 03 49 16.52 114.99 57.23
2022 04 25 03 50 16.41 114.96 57.39
2022 04 25 03 51 16.31 114.93 57.55
2022 04 25 03 52 16.20 114.90 57.72
2022 04 25 03 53 16.10 114.87 57.88
2022 04 25 03 54 15.99 114.84 58.04
2022 04 25 03 55 15.88 114.81 58.21
2022 04 25 03 56 15.78 114.78 58.37
2022 04 25 03 57 15.67 114.75 58.54
2022 04 25 03 58 15.57 114.72 58.70
2022 04 25 03 59 15.46 114.69 58.86
2022 04 25 04 00 15.36 114.66 59.03
2022 04 25 04 01 15.25 114.63 59.20
2022 04 25 04 02 15.15 114.59 59.36
2022 04 25 04 03 15.05 114.56 59.53
2022 04 25 04 04 14.94 114.53 59.69
2022 04 25 04 05 14.84 114.50 59.86
2022 04 25 04 06 14.73 114.46 60.03
2022 04 25 04 07 14.63 114.43 60.20
2022 04 25 04 08 14.53 114.40 60.36
2022 04 25 04 09 14.42 114.36 60.53
2022 04 25 04 10 14.32 114.33 60.70
2022 04 25 04 11 14.22 114.29 60.87
2022 04 25 04 12 14.12 114.26 61.04
2022 04 25 04 13 14.01 114.22 61.21
2022 04 25 04 14 13.91 114.19 61.38
2022 04 25 04 15 13.81 114.15 61.55
2022 04 25 04 16 13.71 114.11 61.72
2022 04 25 04 17 13.60 114.08 61.89
2022 04 25 04 18 13.50 114.04 62.06
2022 04 25 04 19 13.40 114.00 62.23
2022 04 25 04 20 13.30 113.97 62.40
2022 04 25 04 21 13.20 113.93 62.57
2022 04 25 04 22 13.10 113.89 62.74
2022 04 25 04 23 13.00 113.85 62.91
2022 04 25 04 24 12.90 113.81 63.09
2022 04 25 04 25 12.80 113.77 63.26
2022 04 25 04 26 12.69 113.73 63.43
2022 04 25 04 27 12.59 113.69 63.60
2022 04 25 04 28 12.49 113.65 63.78
2022 04 25 04 29 12.40 113.61 63.95
2022 04 25 04 30 12.30 113.57 64.12
2022 04 25 04 31 12.20 0.00 0.00
2022 04 25 04 32 12.10 0.00 0.00
2022 04 25 04 33 12.00 0.00 0.00
2022 04 25 04 34 11.90 0.00 0.00
2022 04 25 04 35 11.80 0.00 0.00
2022 04 25 04 36 11.70 0.00 0.00
2022 04 25 04 37 11.60 0.00 0.00
2022 04 25 04 38 11.51 0.00 0.00
2022 04 25 04 39 11.41 0.00 0.00
2022 04 25 04 40 11.31 0.00 0.00
2022 04 25 04 41 11.21 0.00 0.00
2022 04 25 04 42 11.12 0.00 0.00
2022 04 25 04 43 11.02 0.00 0.00
2022 04 25 04 44 10.92 0.00 0.00
2022 04 25 04 45 10.83 0.00 0.00
2022 04 25 04 46 10.73 0.00 0.00
2022 04 25 04 47 10.64 0.00 0.00
2022 04 25 04 48 10.54 0.00 0.00
2022 04 25 04 49 10.44 0.00 0.00
2022 04 25 04 50 10.35 0.00 0.00
2022 04 25 04 51 10.25 0.00 0.00
2022 04 25 04 52 10.16 0.00 0.00
2022 04 25 04 53 10.06 0.00 0.00
2022 04 25 04 54 9.97 0.00 0.00
2022 04 25 04 55 9.87 0.00 0.00
2022 04 25 04 56 9.78 0.00 0.00
2022 04 25 04 57 9.69 0.00 0.00
2022 04 25 04 58 9.59 0.00 0.00
2022 04 25 04 59 9.50 0.00 0.00
