17 17 32.80 70.95 680.61 0.46
17 18 32.91 71.14 681.69 0.46
17 19 33.02 71.32 682.73 0.46
17 20 33.13 71.51 683.57 0.45
17 21 33.24 71.69 684.40 0.45
17 22 33.35 71.87 685.24 0.45
17 23 33.45 72.06 686.07 0.45
17 24 33.56 72.24 686.91 0.45
17 25 33.67 72.42 687.74 0.44
17 26 33.78 72.61 688.57 0.44
17 27 33.89 72.79 689.40 0.44
17 28 34.00 72.97 690.23 0.44
17 29 34.10 73.16 691.17 0.44
17 30 34.21 73.34 692.12 0.43
17 31 34.32 73.52 693.06 0.43
17 32 34.43 73.71 694.00 0.43
17 33 34.53 73.89 694.95 0.43
17 34 34.64 74.07 695.89 0.43
17 35 34.75 74.25 696.83 0.42
17 36 34.85 74.44 697.76 0.42
17 37 34.96 74.62 698.70 0.42
17 38 35.07 74.80 699.56 0.42
17 39 35.17 74.98 700.38 0.42
17 40 35.28 75.16 701.19 0.41
17 41 35.39 75.35 702.01 0.41
17 42 35.49 75.53 702.82 0.41
17 43 35.60 75.71 703.63 0.41
17 44 35.70 75.89 704.44 0.41
17 45 35.81 76.07 705.25 0.40
17 46 35.91 76.25 706.06 0.40
17 47 36.02 76.43 706.85 0.40
17 48 36.12 76.61 707.54 0.40
17 49 36.23 76.79 708.23 0.40
17 50 36.33 76.97 708.92 0.40
17 51 36.44 77.15 709.60 0.39
17 52 36.54 77.33 710.29 0.39
17 53 36.65 77.51 710.97 0.39
17 54 36.75 77.69 711.65 0.39
17 55 36.85 77.87 712.34 0.39
17 56 36.96 78.05 713.02 0.38
17 57 37.06 78.23 713.76 0.38
17 58 37.16 78.40 714.55 0.38
17 59 37.26 78.58 715.34 0.38
18 00 37.37 78.76 716.13 0.38
18 01 37.47 78.94 716.91 0.38
18 02 37.57 79.11 717.70 0.37
18 03 37.67 79.29 718.48 0.37
18 04 37.77 79.47 719.26 0.37
18 05 37.88 79.65 720.04 0.37
18 06 37.98 79.82 720.82 0.37
18 07 38.08 80.00 721.51 0.36
18 08 38.18 80.17 722.17 0.36
18 09 38.28 80.35 722.83 0.36
18 10 38.38 80.52 723.49 0.36
18 11 38.48 80.70 724.15 0.36
18 12 38.58 80.87 724.81 0.36
18 13 38.68 81.05 725.46 0.35
18 14 38.78 81.22 726.12 0.35
18 15 38.88 81.40 726.77 0.35
18 16 38.98 81.57 727.42 0.35
18 17 39.08 81.74 727.99 0.35
18 18 39.17 81.91 728.53 0.35
18 19 39.27 82.09 729.06 0.34
18 20 39.37 82.26 729.60 0.34
18 21 39.47 82.43 730.14 0.34
18 22 39.56 82.60 730.67 0.34
18 23 39.66 82.77 731.20 0.34
18 24 39.76 82.95 731.73 0.34
18 25 39.85 83.12 732.26 0.33
18 26 39.95 83.29 732.79 0.33
18 27 40.05 83.46 733.37 0.33
18 28 40.14 83.63 734.00 0.33
18 29 40.24 83.79 734.63 0.33
18 30 40.33 83.96 735.25 0.33
18 31 40.43 84.13 735.88 0.32
18 32 40.52 84.30 736.50 0.32
18 33 40.62 84.47 737.12 0.32
18 34 40.71 84.64 737.74 0.32
18 35 40.80 84.80 738.35 0.32
18 36 40.90 84.97 738.97 0.32
18 37 40.99 85.14 739.58 0.31
18 38 41.08 85.30 740.10 0.31
18 39 41.17 85.47 740.61 0.31
18 40 41.27 85.63 741.11 0.31
18 41 41.36 85.80 741.61 0.31
18 42 41.45 85.96 742.11 0.31
18 43 41.54 86.13 742.61 0.30
18 44 41.63 86.29 743.11 0.30
18 45 41.72 86.45 743.61 0.30
18 46 41.81 86.62 744.10 0.30
18 47 41.90 86.78 744.60 0.30
18 48 41.99 86.94 745.09 0.30
18 49 42.08 87.10 745.57 0.30
18 50 42.17 87.26 746.06 0.29
18 51 42.26 87.42 746.55 0.29
18 52 42.35 87.59 747.03 0.29
18 53 42.43 87.75 747.51 0.29
18 54 42.52 87.91 747.99 0.29
18 55 42.61 88.06 748.47 0.29
18 56 42.69 88.22 748.94 0.28
18 57 42.78 88.38 749.42 0.28
18 58 42.87 88.54 749.89 0.28
18 59 42.95 88.70 750.36 0.28
19 00 43.04 88.86 750.82 0.28
19 01 43.12 89.01 751.29 0.28
19 02 43.21 89.17 751.75 0.28
19 03 43.29 89.32 752.21 0.27
19 04 43.37 89.48 752.67 0.27
19 05 43.46 89.64 753.13 0.27
19 06 43.54 89.79 753.58 0.27
19 07 43.62 89.94 754.03 0.27
19 08 43.70 90.10 754.48 0.27
19 09 43.79 90.25 754.93 0.27
19 10 43.87 90.40 755.38 0.27
19 11 43.95 90.56 755.82 0.26
19 12 44.03 90.71 756.23 0.26
19 13 44.11 90.86 756.58 0.26
19 14 44.19 91.01 756.93 0.26
19 15 44.27 91.16 757.28 0.26
19 16 44.35 91.31 757.62 0.26
19 17 44.42 91.46 757.97 0.26
19 18 44.50 91.61 758.31 0.25
19 19 44.58 91.76 758.65 0.25
19 20 44.66 91.91 758.99 0.25
19 21 44.73 92.06 759.32 0.25
19 22 44.81 92.21 759.66 0.25
19 23 44.89 92.35 759.99 0.25
19 24 44.96 92.50 760.32 0.25
19 25 45.04 92.65 760.69 0.25
19 26 45.11 92.79 761.10 0.24
19 27 45.18 92.94 761.50 0.24
19 28 45.26 93.08 761.90 0.24
19 29 45.33 93.23 762.31 0.24
19 30 45.40 93.37 762.70 0.24
19 31 45.47 93.51 763.10 0.24
19 32 45.55 93.66 763.49 0.24
19 33 45.62 93.80 763.88 0.24
19 34 45.69 93.94 764.27 0.23
19 35 45.76 94.08 764.65 0.23
19 36 45.83 94.22 765.04 0.23
19 37 45.90 94.36 765.42 0.23
19 38 45.97 94.50 765.79 0.23
19 39 46.03 94.64 766.13 0.23
19 40 46.10 94.78 766.43 0.23
19 41 46.17 94.92 766.72 0.23
19 42 46.23 95.06 767.01 0.23
19 43 46.30 95.20 767.30 0.22
19 44 46.37 95.33 767.59 0.22
19 45 46.43 95.47 767.88 0.22
19 46 46.50 95.61 768.16 0.22
19 47 46.56 95.74 768.44 0.22
19 48 46.62 95.88 768.72 0.22
19 49 46.69 96.01 769.00 0.22
19 50 46.75 96.15 769.28 0.22
19 51 46.81 96.28 769.55 0.22
19 52 46.87 96.41 769.82 0.21
19 53 46.93 96.55 770.09 0.21
19 54 46.99 96.68 770.35 0.21
19 55 47.05 96.81 770.61 0.21
19 56 47.11 96.94 770.87 0.21
19 57 47.17 97.07 771.13 0.21
19 58 47.23 97.20 771.39 0.21
19 59 47.29 97.33 771.64 0.21
20 00 47.35 97.46 771.89 0.21
20 01 47.40 97.59 772.14 0.21
20 02 47.46 97.72 772.39 0.20
20 03 47.51 97.85 772.63 0.20
20 04 47.57 97.98 772.87 0.20
20 05 47.62 98.10 773.11 0.20
20 06 47.68 98.23 773.34 0.20
20 07 47.73 98.35 773.58 0.20
20 08 47.78 98.48 773.81 0.20
20 09 47.83 98.61 774.04 0.20
20 10 47.89 98.73 774.26 0.20
20 11 47.94 98.85 774.49 0.20
20 12 47.99 98.98 774.71 0.19
20 13 48.04 99.10 774.93 0.19
20 14 48.09 99.22 775.14 0.19
20 15 48.13 99.34 775.35 0.19
20 16 48.18 99.47 775.56 0.19
20 17 48.23 99.59 775.77 0.19
20 18 48.28 99.71 775.98 0.19
20 19 48.32 99.83 776.18 0.19
20 20 48.37 99.95 776.38 0.19
20 21 48.41 100.06 776.58 0.19
20 22 48.46 100.18 776.77 0.19
20 23 48.50 100.30 776.96 0.18
20 24 48.54 100.42 777.15 0.18
20 25 48.59 100.54 777.34 0.18
20 26 48.63 100.65 777.52 0.18
20 27 48.67 100.77 777.70 0.18
20 28 48.71 100.88 777.88 0.18
20 29 48.75 101.00 778.05 0.18
20 30 48.79 101.11 778.23 0.18
20 31 48.83 101.23 778.40 0.18
20 32 48.87 101.34 778.56 0.18
20 33 48.90 101.45 778.73 0.18
20 34 48.94 101.56 778.89 0.18
20 35 48.98 101.68 779.05 0.17
20 36 49.01 101.79 779.19 0.17
20 37 49.05 101.90 779.30 0.17
20 38 49.08 102.01 779.42 0.17
20 39 49.11 102.12 779.53 0.17
20 40 49.15 102.23 779.63 0.17
20 41 49.18 102.34 779.74 0.17
20 42 49.21 102.45 779.84 0.17
20 43 49.24 102.55 779.94 0.17
20 44 49.27 102.66 780.04 0.17
20 45 49.30 102.77 780.14 0.17
20 46 49.33 102.87 780.24 0.17
20 47 49.36 102.98 780.33 0.17
20 48 49.39 103.09 780.42 0.16
20 49 49.41 103.19 780.51 0.16
20 50 49.44 103.29 780.59 0.16
20 51 49.46 103.40 780.68 0.16
20 52 49.49 103.50 780.76 0.16
20 53 49.51 103.60 780.84 0.16
20 54 49.54 103.71 780.92 0.16
20 55 49.56 103.81 780.99 0.16
20 56 49.58 103.91 781.07 0.16
20 57 49.60 104.01 781.14 0.16
20 58 49.62 104.11 781.20 0.16
20 59 49.64 104.21 781.27 0.16
21 00 49.66 104.31 781.33 0.16
21 01 49.68 104.41 781.40 0.16
21 02 49.70 104.51 781.46 0.15
21 03 49.72 104.61 781.51 0.15
21 04 49.73 104.70 781.57 0.15
21 05 49.75 104.80 781.62 0.15
21 06 49.76 104.90 781.67 0.15
21 07 49.78 104.99 781.72 0.15
21 08 49.79 105.09 781.76 0.15
21 09 49.81 105.18 781.81 0.15
21 10 49.82 105.28 781.85 0.15
21 11 49.83 105.37 781.89 0.15
21 12 49.84 105.47 781.92 0.15
21 13 49.85 105.56 781.96 0.15
21 14 49.86 105.65 781.99 0.15
21 15 49.87 105.74 782.02 0.15
21 16 49.88 105.83 782.05 0.15
21 17 49.89 105.93 782.07 0.15
21 18 49.89 106.02 782.10 0.14
21 19 49.90 106.11 782.12 0.14
21 20 49.91 106.20 782.13 0.14
21 21 49.91 106.29 782.15 0.14
21 22 49.91 106.37 782.16 0.14
21 23 49.92 106.46 782.17 0.14
21 24 49.92 106.55 782.18 0.14
21 25 49.92 106.64 782.19 0.14
21 26 49.92 106.72 782.19 0.14
21 27 49.92 106.81 782.20 0.14
21 28 49.92 106.90 782.20 0.14
21 29 49.92 106.98 782.19 0.14
21 30 49.92 107.07 782.19 0.14
21 31 49.92 107.15 782.18 0.14
21 32 49.92 107.23 782.17 0.14
21 33 49.91 107.32 782.16 0.14
21 34 49.91 107.40 782.15 0.14
21 35 49.90 107.48 782.13 0.14
21 36 49.90 107.57 782.11 0.13
21 37 49.89 107.65 782.09 0.13
21 38 49.89 107.73 782.07 0.13
21 39 49.88 107.81 782.04 0.13
21 40 49.87 107.89 782.01 0.13
21 41 49.86 107.97 781.98 0.13
21 42 49.85 108.05 781.95 0.13
21 43 49.84 108.13 781.91 0.13
21 44 49.83 108.20 781.88 0.13
21 45 49.82 108.28 781.84 0.13
21 46 49.80 108.36 781.80 0.13
21 47 49.79 108.44 781.75 0.13
21 48 49.78 108.51 781.71 0.13
21 49 49.76 108.59 781.66 0.13
21 50 49.75 108.66 781.61 0.13
21 51 49.73 108.74 781.55 0.13
21 52 49.71 108.81 781.50 0.13
21 53 49.69 108.89 781.44 0.13
21 54 49.68 108.96 781.38 0.13
21 55 49.66 109.04 781.32 0.13
21 56 49.64 109.11 781.25 0.13
21 57 49.62 109.18 781.19 0.12
21 58 49.60 109.25 781.12 0.12
21 59 49.58 109.32 781.05 0.12
22 00 49.55 109.40 780.97 0.12
22 01 49.53 109.47 780.90 0.12
22 02 49.51 109.54 780.82 0.12
22 03 49.48 109.61 780.74 0.12
22 04 49.46 109.67 780.66 0.12
22 05 49.43 109.74 780.57 0.12
22 06 49.40 109.81 780.48 0.12
22 07 49.38 109.88 780.40 0.12
22 08 49.35 109.95 780.30 0.12
22 09 49.32 110.01 780.21 0.12
22 10 49.29 110.08 780.12 0.12
22 11 49.26 110.15 780.02 0.12
22 12 49.23 110.21 779.92 0.12
22 13 49.20 110.28 779.82 0.12
22 14 49.17 110.34 779.71 0.12
22 15 49.14 110.41 779.60 0.12
22 16 49.10 110.47 779.50 0.12
22 17 49.07 110.54 779.39 0.12
22 18 49.04 110.60 779.27 0.12
22 19 49.00 110.66 779.16 0.12
22 20 48.97 110.72 779.00 0.12
22 21 48.93 110.79 778.84 0.12
22 22 48.89 110.85 778.68 0.12
22 23 48.86 110.91 778.52 0.11
22 24 48.82 110.97 778.35 0.11
22 25 48.78 111.03 778.18 0.11
22 26 48.74 111.09 778.01 0.11
22 27 48.70 111.15 777.83 0.11
22 28 48.66 111.21 777.65 0.11
22 29 48.62 111.27 777.47 0.11
22 30 48.58 111.33 777.29 0.11
22 31 48.53 111.38 777.10 0.11
22 32 48.49 111.44 776.91 0.11
22 33 48.45 111.50 776.72 0.11
22 34 48.40 111.56 776.52 0.11
22 35 48.36 111.61 776.33 0.11
22 36 48.31 111.67 776.13 0.11
22 37 48.26 111.72 775.92 0.11
22 38 48.22 111.78 775.72 0.11
22 39 48.17 111.83 775.51 0.11
22 40 48.12 111.89 775.30 0.11
22 41 48.07 111.94 775.08 0.11
22 42 48.02 111.99 774.87 0.11
22 43 47.97 112.05 774.65 0.11
22 44 47.92 112.10 774.43 0.11
22 45 47.87 112.15 774.20 0.11
22 46 47.82 112.20 773.98 0.11
22 47 47.77 112.26 773.75 0.11
22 48 47.72 112.31 773.52 0.11
22 49 47.66 112.36 773.28 0.11
22 50 47.61 112.41 773.05 0.11
22 51 47.55 112.46 772.81 0.11
22 52 47.50 112.51 772.56 0.11
22 53 47.44 112.56 772.32 0.11
22 54 47.39 112.61 772.07 0.11
22 55 47.33 112.66 771.82 0.11
22 56 47.27 112.70 771.57 0.10
22 57 47.22 112.75 771.32 0.10
22 58 47.16 112.80 771.06 0.10
22 59 47.10 112.85 770.80 0.10
23 00 47.04 112.89 770.54 0.10
23 01 46.98 112.94 770.28 0.10
23 02 46.92 112.99 770.01 0.10
23 03 46.86 113.03 769.75 0.10
23 04 46.80 113.08 769.47 0.10
23 05 46.73 113.12 769.20 0.10
23 06 46.67 113.17 768.93 0.10
23 07 46.61 113.21 768.65 0.10
23 08 46.54 113.25 768.37 0.10
23 09 46.48 113.30 768.09 0.10
23 10 46.41 113.34 767.80 0.10
23 11 46.35 113.38 767.52 0.10
23 12 46.28 113.43 767.23 0.10
23 13 46.22 113.47 766.94 0.10
23 14 46.15 113.51 766.64 0.10
23 15 46.08 113.55 766.35 0.10
23 16 46.02 113.59 766.05 0.10
23 17 45.95 113.63 765.69 0.10
23 18 45.88 113.67 765.31 0.10
23 19 45.81 113.71 764.93 0.10
23 20 45.74 113.75 764.55 0.10
23 21 45.67 113.79 764.17 0.10
23 22 45.60 113.83 763.78 0.10
23 23 45.53 113.87 763.39 0.10
23 24 45.46 113.91 762.99 0.10
23 25 45.38 113.95 762.60 0.10
23 26 45.31 113.98 762.20 0.10
23 27 45.24 114.02 761.80 0.10
23 28 45.16 114.06 761.39 0.10
23 29 45.09 114.10 760.99 0.10
23 30 45.02 114.13 760.58 0.10
23 31 44.94 114.17 760.23 0.10
23 32 44.86 114.20 759.90 0.10
23 33 44.79 114.24 759.57 0.10
23 34 44.71 114.27 759.24 0.10
23 35 44.64 114.31 758.90 0.10
23 36 44.56 114.34 758.56 0.10
23 37 44.48 114.38 758.22 0.10
23 38 44.40 114.41 757.88 0.10
23 39 44.32 114.45 757.53 0.10
23 40 44.25 114.48 757.19 0.10
23 41 44.17 114.51 756.84 0.10
23 42 44.09 114.54 756.49 0.10
23 43 44.01 114.58 756.14 0.10
23 44 43.93 114.61 755.70 0.09
23 45 43.85 114.64 755.26 0.09
23 46 43.76 114.67 754.81 0.09
23 47 43.68 114.70 754.36 0.09
23 48 43.60 114.73 753.91 0.09
23 49 43.52 114.77 753.46 0.09
23 50 43.43 114.80 753.01 0.09
23 51 43.35 114.83 752.55 0.09
23 52 43.27 114.86 752.09 0.09
23 53 43.18 114.88 751.63 0.09
23 54 43.10 114.91 751.16 0.09
23 55 43.01 114.94 750.70 0.09
23 56 42.93 114.97 750.23 0.09
23 57 42.84 115.00 749.76 0.09
23 58 42.76 115.03 749.29 0.09
23 59 42.67 115.05 748.82 0.09
00 00 42.58 115.08 748.34 0.09
00 01 42.50 115.11 747.86 0.09
00 02 42.41 115.14 747.38 0.09
00 03 42.32 115.16 746.90 0.09
00 04 42.23 115.19 746.42 0.09
00 05 42.15 115.21 745.93 0.09
00 06 42.06 115.24 745.44 0.09
00 07 41.97 115.27 744.96 0.09
00 08 41.88 115.29 744.46 0.09
00 09 41.79 115.32 743.97 0.09
00 10 41.70 115.34 743.48 0.09
00 11 41.61 115.37 742.98 0.09
00 12 41.52 115.39 742.48 0.09
00 13 41.43 115.41 741.98 0.09
00 14 41.33 115.44 741.48 0.09
00 15 41.24 115.46 740.98 0.09
00 16 41.15 115.48 740.47 0.09
00 17 41.06 115.51 739.96 0.09
00 18 40.97 115.53 739.42 0.09
00 19 40.87 115.55 738.80 0.09
00 20 40.78 115.57 738.19 0.09
00 21 40.69 115.59 737.57 0.09
00 22 40.59 115.62 736.95 0.09
00 23 40.50 115.64 736.33 0.09
00 24 40.40 115.66 735.71 0.09
00 25 40.31 115.68 735.08 0.09
00 26 40.21 115.70 734.46 0.09
00 27 40.12 115.72 733.83 0.09
00 28 40.02 115.74 733.20 0.09
00 29 39.93 115.76 732.65 0.09
00 30 39.83 115.78 732.12 0.09
00 31 39.73 115.80 731.59 0.09
00 32 39.64 115.82 731.06 0.09
00 33 39.54 115.84 730.53 0.09
00 34 39.44 115.85 729.99 0.09
00 35 39.34 115.87 729.46 0.09
00 36 39.25 115.89 728.92 0.09
00 37 39.15 115.91 728.38 0.09
00 38 39.05 115.93 727.84 0.09
00 39 38.95 115.94 727.25 0.09
00 40 38.85 115.96 726.60 0.09
00 41 38.75 115.98 725.94 0.09
00 42 38.65 115.99 725.29 0.09
00 43 38.55 116.01 724.63 0.09
00 44 38.45 116.03 723.98 0.09
00 45 38.35 116.04 723.32 0.09
00 46 38.25 116.06 722.66 0.09
00 47 38.15 116.07 721.99 0.09
00 48 38.05 116.09 721.33 0.09
00 49 37.95 116.10 720.61 0.09
00 50 37.85 116.12 719.83 0.09
00 51 37.75 116.13 719.05 0.09
00 52 37.65 116.15 718.27 0.09
00 53 37.54 116.16 717.49 0.09
00 54 37.44 116.17 716.70 0.09
00 55 37.34 116.19 715.92 0.09
00 56 37.24 116.20 715.13 0.09
00 57 37.13 116.21 714.34 0.09
00 58 37.03 116.23 713.55 0.09
00 59 36.93 116.24 712.84 0.09
01 00 36.82 116.25 712.15 0.09
01 01 36.72 116.26 711.47 0.09
01 02 36.62 116.28 710.79 0.09
01 03 36.51 116.29 710.10 0.09
01 04 36.41 116.30 709.42 0.09
01 05 36.31 116.31 708.73 0.09
01 06 36.20 116.32 708.04 0.09
01 07 36.10 116.33 707.35 0.09
01 08 35.99 116.34 706.65 0.09
01 09 35.89 116.35 705.85 0.09
01 10 35.78 116.37 705.04 0.09
01 11 35.68 116.38 704.23 0.09
01 12 35.57 116.39 703.42 0.09
01 13 35.46 116.39 702.60 0.09
01 14 35.36 116.40 701.79 0.09
01 15 35.25 116.41 700.98 0.09
01 16 35.15 116.42 700.16 0.09
01 17 35.04 116.43 699.34 0.09
01 18 34.93 116.44 698.45 0.09
01 19 34.83 116.45 697.51 0.09
01 20 34.72 116.46 696.58 0.09
01 21 34.61 116.46 695.64 0.09
01 22 34.50 116.47 694.69 0.09
01 23 34.40 116.48 693.75 0.09
01 24 34.29 116.49 692.81 0.09
01 25 34.18 116.49 691.86 0.09
01 26 34.07 116.50 690.92 0.09
01 27 33.97 116.51 690.01 0.09
01 28 33.86 116.52 689.18 0.09
01 29 33.75 116.52 688.35 0.09
01 30 33.64 116.53 687.52 0.09
01 31 33.53 116.53 686.68 0.09
01 32 33.43 116.54 685.85 0.09
01 33 33.32 116.55 685.01 0.09
01 34 33.21 116.55 684.18 0.09
01 35 33.10 116.56 683.34 0.09
01 36 32.99 116.56 682.48 0.09
01 37 32.88 116.57 681.41 0.09
01 38 32.77 116.57 680.33 0.09
01 39 32.66 116.57 679.25 0.09
01 40 32.55 116.58 678.17 0.09
01 41 32.44 116.58 677.08 0.09
01 42 32.33 116.59 676.00 0.09
01 43 32.22 116.59 674.92 0.09
01 44 32.11 116.59 673.83 0.09
01 45 32.00 116.60 672.74 0.09
01 46 31.89 116.60 671.77 0.09
01 47 31.78 116.60 670.81 0.09
01 48 31.67 116.60 669.84 0.09
01 49 31.56 116.61 668.87 0.09
01 50 31.45 116.61 667.90 0.09
01 51 31.34 116.61 666.93 0.08
01 52 31.23 116.61 665.96 0.08
01 53 31.12 116.61 664.99 0.08
01 54 31.01 116.62 664.01 0.08
01 55 30.90 116.62 662.93 0.08
01 56 30.79 116.62 661.84 0.08
01 57 30.68 116.62 660.74 0.08
01 58 30.57 116.62 659.64 0.08
01 59 30.46 116.62 658.54 0.08
02 00 30.34 116.62 657.45 0.08
02 01 30.23 116.62 656.35 0.08
02 02 30.12 116.62 655.25 0.08
02 03 30.01 116.62 654.15 0.08
02 04 29.90 116.62 652.93 0.08
02 05 29.79 116.62 651.71 0.08
02 06 29.68 116.62 650.49 0.08
02 07 29.56 116.62 649.26 0.08
02 08 29.45 116.62 648.03 0.08
02 09 29.34 116.61 646.81 0.08
02 10 29.23 116.61 645.58 0.08
02 11 29.12 116.61 644.35 0.09
02 12 29.00 116.61 643.13 0.09
02 13 28.89 116.61 641.90 0.09
02 14 28.78 116.60 640.67 0.09
02 15 28.67 116.60 639.44 0.09
02 16 28.56 116.60 638.21 0.09
02 17 28.44 116.59 636.98 0.09
02 18 28.33 116.59 635.75 0.09
02 19 28.22 116.59 634.52 0.09
02 20 28.11 116.58 633.29 0.09
02 21 28.00 116.58 632.05 0.09
02 22 27.88 116.58 630.70 0.09
02 23 27.77 116.57 629.34 0.09
02 24 27.66 116.57 627.99 0.09
02 25 27.55 116.56 626.63 0.09
02 26 27.43 116.56 625.27 0.09
02 27 27.32 116.55 623.92 0.09
02 28 27.21 116.55 622.56 0.09
02 29 27.10 116.54 621.20 0.09
02 30 26.98 116.54 619.85 0.09
02 31 26.87 116.53 618.49 0.09
02 32 26.76 116.52 617.13 0.09
02 33 26.65 116.52 615.78 0.09
02 34 26.54 116.51 614.42 0.09
02 35 26.42 116.50 613.06 0.09
02 36 26.31 116.50 611.70 0.09
02 37 26.20 116.49 610.35 0.09
02 38 26.09 116.48 608.99 0.09
02 39 25.97 116.47 607.60 0.09
02 40 25.86 116.47 606.12 0.09
02 41 25.75 116.46 604.64 0.09
02 42 25.64 116.45 603.16 0.09
02 43 25.52 116.44 601.68 0.09
02 44 25.41 116.43 600.20 0.09
02 45 25.30 116.43 598.72 0.09
02 46 25.19 116.42 597.24 0.09
02 47 25.07 116.41 595.76 0.09
02 48 24.96 116.40 594.24 0.09
02 49 24.85 116.39 592.63 0.09
02 50 24.74 116.38 591.03 0.09
02 51 24.62 116.37 589.43 0.09
02 52 24.51 116.36 587.83 0.09
02 53 24.40 116.35 586.23 0.09
02 54 24.29 116.34 584.63 0.09
02 55 24.18 116.33 583.03 0.09
02 56 24.06 116.31 581.43 0.09
02 57 23.95 116.30 579.77 0.09
02 58 23.84 116.29 578.05 0.09
02 59 23.73 116.28 576.33 0.09
03 00 23.62 116.27 574.61 0.09
03 01 23.50 116.26 572.89 0.09
03 02 23.39 116.24 571.17 0.09
03 03 23.28 116.23 569.45 0.09
03 04 23.17 116.22 567.73 0.09
03 05 23.06 116.20 566.01 0.09
03 06 22.94 116.19 564.30 0.09
03 07 22.83 116.18 562.58 0.09
03 08 22.72 116.16 560.87 0.09
03 09 22.61 116.15 559.15 0.09
03 10 22.50 116.14 557.44 0.09
03 11 22.39 116.12 555.72 0.09
03 12 22.27 116.11 554.01 0.09
03 13 22.16 116.09 552.30 0.09
03 14 22.05 116.08 550.59 0.09
03 15 21.94 116.06 548.75 0.09
03 16 21.83 116.05 546.80 0.09
03 17 21.72 116.03 544.85 0.09
03 18 21.61 116.01 542.90 0.09
03 19 21.50 116.00 540.95 0.09
03 20 21.39 115.98 539.00 0.09
03 21 21.27 115.96 537.05 0.09
03 22 21.16 115.95 535.11 0.09
03 23 21.05 115.93 533.16 0.09
03 24 20.94 115.91 531.22 0.09
03 25 20.83 115.90 529.28 0.09
03 26 20.72 115.88 527.34 0.09
03 27 20.61 115.86 525.40 0.09
03 28 20.50 115.84 523.47 0.09
03 29 20.39 115.82 521.53 0.09
03 30 20.28 115.80 519.60 0.09
03 31 20.17 115.78 517.66 0.09
03 32 20.06 115.76 515.73 0.09
03 33 19.95 115.74 513.69 0.09
03 34 19.84 115.73 511.52 0.09
03 35 19.73 115.70 509.36 0.09
03 36 19.62 115.68 507.19 0.09
03 37 19.51 115.66 505.03 0.09
03 38 19.40 115.64 502.87 0.09
03 39 19.29 115.62 500.71 0.09
03 40 19.18 115.60 498.55 0.09
03 41 19.07 115.58 496.39 0.09
03 42 18.97 115.56 494.24 0.09
03 43 18.86 115.53 492.09 0.09
03 44 18.75 115.51 489.94 0.09
03 45 18.64 115.49 487.79 0.09
03 46 18.53 115.47 485.65 0.09
03 47 18.42 115.44 483.50 0.09
03 48 18.31 115.42 481.36 0.09
03 49 18.21 115.40 479.22 0.09
03 50 18.10 115.37 477.09 0.09
03 51 17.99 115.35 474.92 0.09
03 52 17.88 115.32 472.43 0.09
03 53 17.77 115.30 469.95 0.09
03 54 17.67 115.27 467.46 0.09
03 55 17.56 115.25 464.98 0.09
03 56 17.45 115.22 462.51 0.09
03 57 17.34 115.20 460.04 0.09
03 58 17.24 115.17 457.57 0.09
03 59 17.13 115.14 455.10 0.09
04 00 17.02 115.12 452.63 0.09
04 01 16.92 115.09 450.17 0.09
04 02 16.81 115.06 447.71 0.09
04 03 16.70 115.04 445.26 0.09
04 04 16.60 115.01 442.81 0.09
04 05 16.49 114.98 440.36 0.09
04 06 16.38 114.95 437.91 0.09
04 07 16.28 114.92 435.47 0.09
04 08 16.17 114.89 433.03 0.09
04 09 16.07 114.86 430.59 0.09
04 10 15.96 114.83 428.07 0.09
04 11 15.85 114.80 425.41 0.09
04 12 15.75 114.77 422.76 0.09
04 13 15.64 114.74 420.10 0.09
04 14 15.54 114.71 417.45 0.09
04 15 15.43 114.68 414.81 0.09
04 16 15.33 114.65 412.17 0.09
04 17 15.23 114.62 409.53 0.09
04 18 15.12 114.59 406.89 0.09
04 19 15.02 114.55 404.26 0.10
04 20 14.91 114.52 401.45 0.10
04 21 14.81 114.49 398.59 0.10
04 22 14.71 114.46 395.75 0.10
04 23 14.60 114.42 392.91 0.10
04 24 14.50 114.39 390.07 0.10
04 25 14.39 114.35 387.24 0.10
04 26 14.29 114.32 384.41 0.10
04 27 14.19 114.28 381.59 0.10
04 28 14.09 114.25 378.77 0.10
04 29 13.98 114.21 375.92 0.10
