2022 04 18 17 00 30.05 0.00 0.00
2022 04 18 17 01 30.17 0.00 0.00
2022 04 18 17 02 30.28 0.00 0.00
2022 04 18 17 03 30.39 0.00 0.00
2022 04 18 17 04 30.50 0.00 0.00
2022 04 18 17 05 30.61 0.00 0.00
2022 04 18 17 06 30.72 0.00 0.00
2022 04 18 17 07 30.83 0.00 0.00
2022 04 18 17 08 30.94 0.00 0.00
2022 04 18 17 09 31.05 0.00 0.00
2022 04 18 17 10 31.17 0.00 0.00
2022 04 18 17 11 31.28 0.00 0.00
2022 04 18 17 12 31.39 0.00 0.00
2022 04 18 17 13 31.50 0.00 0.00
2022 04 18 17 14 31.61 0.00 0.00
2022 04 18 17 15 31.72 0.00 0.00
2022 04 18 17 16 31.83 0.00 0.00
2022 04 18 17 17 31.94 0.00 0.00
2022 04 18 17 18 32.05 0.00 0.00
2022 04 18 17 19 32.16 69.88 0.00
2022 04 18 17 20 32.27 70.06 0.00
2022 04 18 17 21 32.38 70.24 0.00
2022 04 18 17 22 32.49 70.43 0.00
2022 04 18 17 23 32.60 70.61 0.00
2022 04 18 17 24 32.71 70.80 0.00
2022 04 18 17 25 32.82 70.98 0.00
2022 04 18 17 26 32.93 71.16 0.00
2022 04 18 17 27 33.03 71.35 0.00
2022 04 18 17 28 33.14 71.53 0.00
2022 04 18 17 29 33.25 71.71 0.00
2022 04 18 17 30 33.36 71.90 0.00
2022 04 18 17 31 33.47 72.08 0.00
2022 04 18 17 32 33.58 72.27 0.00
2022 04 18 17 33 33.69 72.45 0.00
2022 04 18 17 34 33.79 72.63 0.00
2022 04 18 17 35 33.90 72.82 0.00
2022 04 18 17 36 34.01 73.00 0.00
2022 04 18 17 37 34.12 73.18 0.00
2022 04 18 17 38 34.23 73.36 0.00
2022 04 18 17 39 34.33 73.55 0.00
2022 04 18 17 40 34.44 73.73 0.00
2022 04 18 17 41 34.55 73.91 0.00
2022 04 18 17 42 34.66 74.10 0.00
2022 04 18 17 43 34.76 74.28 0.00
2022 04 18 17 44 34.87 74.46 0.00
2022 04 18 17 45 34.98 74.64 0.00
2022 04 18 17 46 35.08 74.82 0.00
2022 04 18 17 47 35.19 75.01 0.00
2022 04 18 17 48 35.29 75.19 0.00
2022 04 18 17 49 35.40 75.37 0.00
2022 04 18 17 50 35.51 75.55 0.00
2022 04 18 17 51 35.61 75.73 0.00
2022 04 18 17 52 35.72 75.91 0.00
2022 04 18 17 53 35.82 76.09 0.00
2022 04 18 17 54 35.93 76.28 0.00
2022 04 18 17 55 36.03 76.46 0.00
2022 04 18 17 56 36.14 76.64 0.00
2022 04 18 17 57 36.24 76.82 0.00
2022 04 18 17 58 36.35 77.00 0.00
2022 04 18 17 59 36.45 77.18 0.00
2022 04 18 18 00 36.56 77.36 0.00
2022 04 18 18 01 36.66 77.54 0.00
2022 04 18 18 02 36.76 77.71 0.00
2022 04 18 18 03 36.87 77.89 0.00
2022 04 18 18 04 36.97 78.07 0.00
2022 04 18 18 05 37.07 78.25 0.00
2022 04 18 18 06 37.18 78.43 0.00
2022 04 18 18 07 37.28 78.61 0.00
2022 04 18 18 08 37.38 78.78 37.29
2022 04 18 18 09 37.48 78.96 37.24
2022 04 18 18 10 37.59 79.14 37.19
2022 04 18 18 11 37.69 79.32 37.14
2022 04 18 18 12 37.79 79.49 37.10
2022 04 18 18 13 37.89 79.67 37.05
2022 04 18 18 14 37.99 79.85 37.01
2022 04 18 18 15 38.09 80.02 36.97
2022 04 18 18 16 38.19 80.20 36.92
2022 04 18 18 17 38.29 80.37 36.88
2022 04 18 18 18 38.39 80.55 36.84
2022 04 18 18 19 38.49 80.72 36.80
2022 04 18 18 20 38.59 80.90 36.76
2022 04 18 18 21 38.69 81.07 36.73
2022 04 18 18 22 38.79 81.25 36.69
2022 04 18 18 23 38.89 81.42 36.66
2022 04 18 18 24 38.99 81.59 36.62
2022 04 18 18 25 39.09 81.77 36.59
2022 04 18 18 26 39.19 81.94 36.56
2022 04 18 18 27 39.29 82.11 36.53
2022 04 18 18 28 39.38 82.28 36.50
2022 04 18 18 29 39.48 82.45 36.47
2022 04 18 18 30 39.58 82.63 36.45
2022 04 18 18 31 39.67 82.80 36.42
2022 04 18 18 32 39.77 82.97 36.40
2022 04 18 18 33 39.87 83.14 36.37
2022 04 18 18 34 39.96 83.31 36.35
2022 04 18 18 35 40.06 83.48 36.33
2022 04 18 18 36 40.16 83.65 36.31
2022 04 18 18 37 40.25 83.82 36.30
2022 04 18 18 38 40.35 83.99 36.28
2022 04 18 18 39 40.44 84.15 36.27
2022 04 18 18 40 40.53 84.32 36.25
2022 04 18 18 41 40.63 84.49 36.24
2022 04 18 18 42 40.72 84.66 36.23
2022 04 18 18 43 40.82 84.83 36.22
2022 04 18 18 44 40.91 84.99 36.21
2022 04 18 18 45 41.00 85.16 36.20
2022 04 18 18 46 41.10 85.32 36.20
2022 04 18 18 47 41.19 85.49 36.20
2022 04 18 18 48 41.28 85.65 36.19
2022 04 18 18 49 41.37 85.82 36.19
2022 04 18 18 50 41.46 85.98 36.19
2022 04 18 18 51 41.55 86.15 36.19
2022 04 18 18 52 41.64 86.31 36.20
2022 04 18 18 53 41.73 86.48 36.20
2022 04 18 18 54 41.82 86.64 36.21
2022 04 18 18 55 41.91 86.80 36.22
2022 04 18 18 56 42.00 86.96 36.23
2022 04 18 18 57 42.09 87.12 36.24
2022 04 18 18 58 42.18 87.29 36.25
2022 04 18 18 59 42.27 87.45 36.27
2022 04 18 19 00 42.36 87.61 36.28
2022 04 18 19 01 42.45 87.77 36.30
2022 04 18 19 02 42.53 87.93 36.32
2022 04 18 19 03 42.62 88.09 36.34
2022 04 18 19 04 42.71 88.25 36.37
2022 04 18 19 05 42.79 88.40 36.39
2022 04 18 19 06 42.88 88.56 36.42
2022 04 18 19 07 42.96 88.72 36.45
2022 04 18 19 08 43.05 88.88 36.48
2022 04 18 19 09 43.13 89.03 36.51
2022 04 18 19 10 43.22 89.19 36.54
2022 04 18 19 11 43.30 89.35 36.58
2022 04 18 19 12 43.39 89.50 36.61
2022 04 18 19 13 43.47 89.66 36.65
2022 04 18 19 14 43.55 89.81 36.69
2022 04 18 19 15 43.63 89.97 36.73
2022 04 18 19 16 43.72 90.12 36.78
2022 04 18 19 17 43.80 90.27 36.82
2022 04 18 19 18 43.88 90.43 36.87
2022 04 18 19 19 43.96 90.58 36.92
2022 04 18 19 20 44.04 90.73 36.97
2022 04 18 19 21 44.12 90.88 37.02
2022 04 18 19 22 44.20 91.03 37.08
2022 04 18 19 23 44.28 91.18 37.14
2022 04 18 19 24 44.36 91.33 37.19
2022 04 18 19 25 44.44 91.48 37.25
2022 04 18 19 26 44.51 91.63 37.32
2022 04 18 19 27 44.59 91.78 37.38
2022 04 18 19 28 44.67 91.93 37.45
2022 04 18 19 29 44.74 92.08 37.51
2022 04 18 19 30 44.82 92.23 37.58
2022 04 18 19 31 44.90 92.37 37.66
2022 04 18 19 32 44.97 92.52 37.73
2022 04 18 19 33 45.05 92.67 37.80
2022 04 18 19 34 45.12 92.81 37.88
2022 04 18 19 35 45.19 92.96 37.96
2022 04 18 19 36 45.27 93.10 38.04
2022 04 18 19 37 45.34 93.25 38.13
2022 04 18 19 38 45.41 93.39 38.21
2022 04 18 19 39 45.48 93.53 38.30
2022 04 18 19 40 45.56 93.68 38.39
2022 04 18 19 41 45.63 93.82 38.48
2022 04 18 19 42 45.70 93.96 38.57
2022 04 18 19 43 45.77 94.10 38.66
2022 04 18 19 44 45.84 94.24 38.76
2022 04 18 19 45 45.91 94.38 38.86
2022 04 18 19 46 45.97 94.52 38.96
2022 04 18 19 47 46.04 94.66 39.06
2022 04 18 19 48 46.11 94.80 39.16
2022 04 18 19 49 46.18 94.94 39.27
2022 04 18 19 50 46.24 95.08 39.38
2022 04 18 19 51 46.31 95.22 39.49
2022 04 18 19 52 46.38 95.35 39.60
2022 04 18 19 53 46.44 95.49 39.71
2022 04 18 19 54 46.51 95.63 39.83
2022 04 18 19 55 46.57 95.76 39.95
2022 04 18 19 56 46.63 95.90 40.07
2022 04 18 19 57 46.70 96.03 40.19
2022 04 18 19 58 46.76 96.17 40.31
2022 04 18 19 59 46.82 96.30 40.44
2022 04 18 20 00 46.88 96.43 40.56
2022 04 18 20 01 46.94 96.57 40.69
2022 04 18 20 02 47.00 96.70 40.82
2022 04 18 20 03 47.06 96.83 40.95
2022 04 18 20 04 47.12 96.96 41.09
2022 04 18 20 05 47.18 97.09 41.22
2022 04 18 20 06 47.24 97.22 41.36
2022 04 18 20 07 47.30 97.35 41.50
2022 04 18 20 08 47.35 97.48 41.64
2022 04 18 20 09 47.41 97.61 41.79
2022 04 18 20 10 47.47 97.74 41.93
2022 04 18 20 11 47.52 97.87 42.08
2022 04 18 20 12 47.58 97.99 42.23
2022 04 18 20 13 47.63 98.12 42.38
2022 04 18 20 14 47.68 98.25 42.53
2022 04 18 20 15 47.74 98.37 42.69
2022 04 18 20 16 47.79 98.50 42.84
2022 04 18 20 17 47.84 98.62 43.00
2022 04 18 20 18 47.89 98.75 43.16
2022 04 18 20 19 47.94 98.87 43.32
2022 04 18 20 20 47.99 98.99 43.49
2022 04 18 20 21 48.04 99.12 43.65
2022 04 18 20 22 48.09 99.24 43.82
2022 04 18 20 23 48.14 99.36 43.98
2022 04 18 20 24 48.19 99.48 44.15
2022 04 18 20 25 48.24 99.60 44.33
2022 04 18 20 26 48.28 99.72 44.50
2022 04 18 20 27 48.33 99.84 44.67
2022 04 18 20 28 48.37 99.96 44.85
2022 04 18 20 29 48.42 100.08 45.03
2022 04 18 20 30 48.46 100.20 45.21
2022 04 18 20 31 48.51 100.32 45.39
2022 04 18 20 32 48.55 100.43 45.57
2022 04 18 20 33 48.59 100.55 45.76
2022 04 18 20 34 48.63 100.67 45.95
2022 04 18 20 35 48.68 100.78 46.13
2022 04 18 20 36 48.72 100.90 46.32
2022 04 18 20 37 48.76 101.01 46.51
2022 04 18 20 38 48.79 101.13 46.71
2022 04 18 20 39 48.83 101.24 46.90
2022 04 18 20 40 48.87 101.36 47.10
2022 04 18 20 41 48.91 101.47 47.29
2022 04 18 20 42 48.94 101.58 47.49
2022 04 18 20 43 48.98 101.69 47.69
2022 04 18 20 44 49.02 101.80 47.89
2022 04 18 20 45 49.05 101.91 48.10
2022 04 18 20 46 49.08 102.02 48.30
2022 04 18 20 47 49.12 102.13 48.51
2022 04 18 20 48 49.15 102.24 48.71
2022 04 18 20 49 49.18 102.35 48.92
2022 04 18 20 50 49.21 102.46 49.13
2022 04 18 20 51 49.25 102.57 49.34
2022 04 18 20 52 49.28 102.68 49.56
2022 04 18 20 53 49.30 102.78 49.77
2022 04 18 20 54 49.33 102.89 49.99
2022 04 18 20 55 49.36 102.99 50.20
2022 04 18 20 56 49.39 103.10 50.42
2022 04 18 20 57 49.42 103.20 50.64
2022 04 18 20 58 49.44 103.31 50.86
2022 04 18 20 59 49.47 103.41 51.08
2022 04 18 21 00 49.49 103.52 51.31
2022 04 18 21 01 49.52 103.62 51.53
2022 04 18 21 02 49.54 103.72 51.76
2022 04 18 21 03 49.56 103.82 51.98
2022 04 18 21 04 49.58 103.92 52.21
2022 04 18 21 05 49.61 104.03 52.44
2022 04 18 21 06 49.63 104.13 52.67
2022 04 18 21 07 49.65 104.23 52.90
2022 04 18 21 08 49.67 104.32 53.14
2022 04 18 21 09 49.68 104.42 53.37
2022 04 18 21 10 49.70 104.52 53.61
2022 04 18 21 11 49.72 104.62 53.84
2022 04 18 21 12 49.74 104.72 54.08
2022 04 18 21 13 49.75 104.81 54.32
2022 04 18 21 14 49.77 104.91 54.56
2022 04 18 21 15 49.78 105.01 54.80
2022 04 18 21 16 49.80 105.10 55.04
2022 04 18 21 17 49.81 105.20 55.28
2022 04 18 21 18 49.82 105.29 55.52
2022 04 18 21 19 49.83 105.38 55.77
2022 04 18 21 20 49.84 105.48 56.01
2022 04 18 21 21 49.85 105.57 56.26
2022 04 18 21 22 49.86 105.66 56.51
2022 04 18 21 23 49.87 105.76 56.76
2022 04 18 21 24 49.88 105.85 57.00
2022 04 18 21 25 49.89 105.94 57.25
2022 04 18 21 26 49.90 106.03 57.50
2022 04 18 21 27 49.90 106.12 57.76
2022 04 18 21 28 49.91 106.21 58.01
2022 04 18 21 29 49.91 106.30 58.26
2022 04 18 21 30 49.92 106.39 58.52
2022 04 18 21 31 49.92 106.47 58.77
2022 04 18 21 32 49.92 106.56 59.03
2022 04 18 21 33 49.92 106.65 59.28
2022 04 18 21 34 49.92 106.74 59.54
2022 04 18 21 35 49.92 106.82 59.80
2022 04 18 21 36 49.92 106.91 60.06
2022 04 18 21 37 49.92 106.99 60.32
2022 04 18 21 38 49.92 107.08 60.58
2022 04 18 21 39 49.92 107.16 60.84
2022 04 18 21 40 49.92 107.25 61.10
2022 04 18 21 41 49.91 107.33 61.36
2022 04 18 21 42 49.91 107.41 61.63
2022 04 18 21 43 49.90 107.49 61.89
2022 04 18 21 44 49.90 107.58 62.16
2022 04 18 21 45 49.89 107.66 62.42
2022 04 18 21 46 49.88 107.74 62.69
2022 04 18 21 47 49.88 107.82 62.95
2022 04 18 21 48 49.87 107.90 63.22
2022 04 18 21 49 49.86 107.98 63.49
2022 04 18 21 50 49.85 108.06 63.76
2022 04 18 21 51 49.84 108.14 64.02
2022 04 18 21 52 49.83 108.22 64.29
2022 04 18 21 53 49.81 108.29 64.56
2022 04 18 21 54 49.80 108.37 64.83
2022 04 18 21 55 49.79 108.45 65.10
2022 04 18 21 56 49.77 108.52 65.38
2022 04 18 21 57 49.76 108.60 65.65
2022 04 18 21 58 49.74 108.67 65.92
2022 04 18 21 59 49.73 108.75 66.19
2022 04 18 22 00 49.71 108.82 66.47
2022 04 18 22 01 49.69 108.90 66.74
2022 04 18 22 02 49.67 108.97 67.01
2022 04 18 22 03 49.66 109.05 67.29
2022 04 18 22 04 49.64 109.12 67.56
2022 04 18 22 05 49.62 109.19 67.84
2022 04 18 22 06 49.59 109.26 68.11
2022 04 18 22 07 49.57 109.33 68.39
2022 04 18 22 08 49.55 109.40 68.67
2022 04 18 22 09 49.53 109.48 68.94
2022 04 18 22 10 49.50 109.55 69.22
2022 04 18 22 11 49.48 109.62 69.50
2022 04 18 22 12 49.45 109.68 69.78
2022 04 18 22 13 49.43 109.75 70.06
2022 04 18 22 14 49.40 109.82 70.33
2022 04 18 22 15 49.37 109.89 70.61
2022 04 18 22 16 49.35 109.96 70.89
2022 04 18 22 17 49.32 110.02 71.17
2022 04 18 22 18 49.29 110.09 71.45
2022 04 18 22 19 49.26 110.16 71.73
2022 04 18 22 20 49.23 110.22 72.01
2022 04 18 22 21 49.20 110.29 72.29
2022 04 18 22 22 49.17 110.35 72.57
2022 04 18 22 23 49.13 110.42 72.86
2022 04 18 22 24 49.10 110.48 73.14
2022 04 18 22 25 49.07 110.55 73.42
2022 04 18 22 26 49.03 110.61 73.70
2022 04 18 22 27 49.00 110.67 73.98
2022 04 18 22 28 48.96 110.73 74.27
2022 04 18 22 29 48.93 110.80 74.55
2022 04 18 22 30 48.89 110.86 74.83
2022 04 18 22 31 48.85 110.92 75.11
2022 04 18 22 32 48.81 110.98 75.40
2022 04 18 22 33 48.77 111.04 75.68
2022 04 18 22 34 48.73 111.10 75.97
2022 04 18 22 35 48.69 111.16 76.25
2022 04 18 22 36 48.65 111.22 76.53
2022 04 18 22 37 48.61 111.28 76.82
2022 04 18 22 38 48.57 111.33 77.10
2022 04 18 22 39 48.53 111.39 77.39
2022 04 18 22 40 48.48 111.45 77.67
2022 04 18 22 41 48.44 111.51 77.96
2022 04 18 22 42 48.40 111.56 78.24
2022 04 18 22 43 48.35 111.62 78.53
2022 04 18 22 44 48.30 111.68 78.81
2022 04 18 22 45 48.26 111.73 79.10
2022 04 18 22 46 48.21 111.79 79.39
2022 04 18 22 47 48.16 111.84 79.67
2022 04 18 22 48 48.12 111.89 79.96
2022 04 18 22 49 48.07 111.95 80.25
2022 04 18 22 50 48.02 112.00 80.53
2022 04 18 22 51 47.97 112.06 80.82
2022 04 18 22 52 47.92 112.11 81.11
2022 04 18 22 53 47.87 112.16 81.39
2022 04 18 22 54 47.81 112.21 81.68
2022 04 18 22 55 47.76 112.26 81.97
2022 04 18 22 56 47.71 112.31 82.26
2022 04 18 22 57 47.66 112.37 82.55
2022 04 18 22 58 47.60 112.42 82.84
2022 04 18 22 59 47.55 112.47 83.12
2022 04 18 23 00 47.49 112.52 83.41
2022 04 18 23 01 47.44 112.56 83.70
2022 04 18 23 02 47.38 112.61 83.99
2022 04 18 23 03 47.32 112.66 84.28
2022 04 18 23 04 47.27 112.71 84.57
2022 04 18 23 05 47.21 112.76 84.86
2022 04 18 23 06 47.15 112.81 85.15
2022 04 18 23 07 47.09 112.85 85.44
2022 04 18 23 08 47.03 112.90 85.73
2022 04 18 23 09 46.97 112.95 86.02
2022 04 18 23 10 46.91 112.99 86.32
2022 04 18 23 11 46.85 113.04 86.61
2022 04 18 23 12 46.79 113.08 86.90
2022 04 18 23 13 46.72 113.13 87.19
2022 04 18 23 14 46.66 113.17 87.48
2022 04 18 23 15 46.60 113.22 87.78
2022 04 18 23 16 46.54 113.26 88.07
2022 04 18 23 17 46.47 113.30 88.37
2022 04 18 23 18 46.41 113.35 88.66
2022 04 18 23 19 46.34 113.39 88.96
2022 04 18 23 20 46.27 113.43 89.25
2022 04 18 23 21 46.21 113.47 89.55
2022 04 18 23 22 46.14 113.52 89.84
2022 04 18 23 23 46.07 113.56 90.14
2022 04 18 23 24 46.01 113.60 90.44
2022 04 18 23 25 45.94 113.64 90.74
2022 04 18 23 26 45.87 113.68 91.04
2022 04 18 23 27 45.80 113.72 91.33
2022 04 18 23 28 45.73 113.76 91.63
2022 04 18 23 29 45.66 113.80 91.94
2022 04 18 23 30 45.59 113.84 92.24
2022 04 18 23 31 45.52 113.88 92.54
2022 04 18 23 32 45.45 113.91 92.84
2022 04 18 23 33 45.37 113.95 93.15
2022 04 18 23 34 45.30 113.99 93.45
2022 04 18 23 35 45.23 114.03 93.76
2022 04 18 23 36 45.15 114.06 94.06
2022 04 18 23 37 45.08 114.10 94.37
2022 04 18 23 38 45.01 114.14 94.68
2022 04 18 23 39 44.93 114.17 94.99
2022 04 18 23 40 44.85 114.21 95.30
2022 04 18 23 41 44.78 114.24 95.62
2022 04 18 23 42 44.70 114.28 95.93
2022 04 18 23 43 44.63 114.31 96.24
2022 04 18 23 44 44.55 114.35 96.56
2022 04 18 23 45 44.47 114.38 96.88
2022 04 18 23 46 44.39 114.42 97.20
2022 04 18 23 47 44.31 114.45 97.52
2022 04 18 23 48 44.24 114.48 97.84
2022 04 18 23 49 44.16 114.52 98.17
2022 04 18 23 50 44.08 114.55 98.50
2022 04 18 23 51 44.00 114.58 98.83
2022 04 18 23 52 43.92 114.61 99.16
2022 04 18 23 53 43.83 114.65 99.49
2022 04 18 23 54 43.75 114.68 99.83
2022 04 18 23 55 43.67 114.71 100.17
2022 04 18 23 56 43.59 114.74 100.51
2022 04 18 23 57 43.51 114.77 100.85
2022 04 18 23 58 43.42 114.80 101.20
2022 04 18 23 59 43.34 114.83 101.55
2022 04 19 00 00 43.26 114.86 101.90
2022 04 19 00 01 43.17 114.89 102.26
2022 04 19 00 02 43.09 114.92 102.62
2022 04 19 00 03 43.00 114.95 102.98
2022 04 19 00 04 42.92 114.97 103.35
2022 04 19 00 05 42.83 115.00 103.72
2022 04 19 00 06 42.75 115.03 104.10
2022 04 19 00 07 42.66 115.06 104.48
2022 04 19 00 08 42.57 115.09 104.87
2022 04 19 00 09 42.49 115.11 105.26
2022 04 19 00 10 42.40 115.14 105.66
2022 04 19 00 11 42.31 115.17 106.07
2022 04 19 00 12 42.22 115.19 106.48
2022 04 19 00 13 42.13 115.22 106.89
2022 04 19 00 14 42.04 115.24 107.32
2022 04 19 00 15 41.96 115.27 107.75
2022 04 19 00 16 41.87 115.29 108.19
2022 04 19 00 17 41.78 115.32 108.64
2022 04 19 00 18 41.69 115.34 109.10
2022 04 19 00 19 41.60 115.37 109.56
2022 04 19 00 20 41.50 115.39 110.04
2022 04 19 00 21 41.41 115.42 110.53
2022 04 19 00 22 41.32 115.44 111.03
2022 04 19 00 23 41.23 115.46 111.54
2022 04 19 00 24 41.14 115.49 112.07
2022 04 19 00 25 41.05 115.51 112.61
2022 04 19 00 26 40.95 115.53 113.16
2022 04 19 00 27 40.86 115.55 113.73
2022 04 19 00 28 40.77 115.58 114.31
2022 04 19 00 29 40.67 115.60 114.91
2022 04 19 00 30 40.58 115.62 115.53
2022 04 19 00 31 40.48 115.64 116.16
2022 04 19 00 32 40.39 115.66 116.81
2022 04 19 00 33 40.29 115.68 117.48
2022 04 19 00 34 40.20 115.70 118.17
2022 04 19 00 35 40.10 115.72 118.87
2022 04 19 00 36 40.01 115.74 119.59
2022 04 19 00 37 39.91 115.76 120.32
2022 04 19 00 38 39.82 115.78 121.05
2022 04 19 00 39 39.72 115.80 121.78
2022 04 19 00 40 39.62 115.82 122.51
2022 04 19 00 41 39.53 115.84 123.22
2022 04 19 00 42 39.43 115.86 123.89
2022 04 19 00 43 39.33 115.87 124.51
2022 04 19 00 44 39.23 115.89 125.05
2022 04 19 00 45 39.13 115.91 125.48
2022 04 19 00 46 39.04 115.93 125.76
2022 04 19 00 47 38.94 115.95 125.87
2022 04 19 00 48 38.84 115.96 125.75
2022 04 19 00 49 38.74 115.98 125.37
2022 04 19 00 50 38.64 116.00 124.71
2022 04 19 00 51 38.54 116.01 123.74
2022 04 19 00 52 38.44 116.03 122.48
2022 04 19 00 53 38.34 116.04 120.94
2022 04 19 00 54 38.24 116.06 119.16
2022 04 19 00 55 38.14 116.07 117.19
2022 04 19 00 56 38.04 116.09 115.09
2022 04 19 00 57 37.94 116.10 112.92
2022 04 19 00 58 37.84 116.12 110.72
2022 04 19 00 59 37.73 116.13 108.54
2022 04 19 01 00 37.63 116.15 106.42
2022 04 19 01 01 37.53 116.16 104.37
2022 04 19 01 02 37.43 116.18 102.42
2022 04 19 01 03 37.33 116.19 100.57
2022 04 19 01 04 37.22 116.20 98.82
2022 04 19 01 05 37.12 116.22 97.18
2022 04 19 01 06 37.02 116.23 95.64
2022 04 19 01 07 36.91 116.24 94.19
2022 04 19 01 08 36.81 116.25 92.84
2022 04 19 01 09 36.71 116.27 91.56
2022 04 19 01 10 36.60 116.28 90.37
2022 04 19 01 11 36.50 116.29 89.25
2022 04 19 01 12 36.40 116.30 88.19
2022 04 19 01 13 36.29 116.31 87.19
2022 04 19 01 14 36.19 116.32 86.25
2022 04 19 01 15 36.08 116.34 85.36
2022 04 19 01 16 35.98 116.35 84.51
2022 04 19 01 17 35.87 116.36 83.71
2022 04 19 01 18 35.77 116.37 82.95
2022 04 19 01 19 35.66 116.38 82.22
2022 04 19 01 20 35.56 116.39 81.52
2022 04 19 01 21 35.45 116.40 80.86
2022 04 19 01 22 35.34 116.41 80.22
2022 04 19 01 23 35.24 116.41 79.60
2022 04 19 01 24 35.13 116.42 79.01
2022 04 19 01 25 35.02 116.43 78.44
2022 04 19 01 26 34.92 116.44 77.89
2022 04 19 01 27 34.81 116.45 77.36
2022 04 19 01 28 34.70 116.46 76.85
2022 04 19 01 29 34.60 116.47 76.35
2022 04 19 01 30 34.49 116.47 75.87
2022 04 19 01 31 34.38 116.48 75.40
2022 04 19 01 32 34.28 116.49 74.95
2022 04 19 01 33 34.17 116.50 74.51
2022 04 19 01 34 34.06 116.50 74.07
2022 04 19 01 35 33.95 116.51 73.65
2022 04 19 01 36 33.84 116.52 73.24
2022 04 19 01 37 33.74 116.52 72.84
2022 04 19 01 38 33.63 116.53 72.45
2022 04 19 01 39 33.52 116.53 72.06
2022 04 19 01 40 33.41 116.54 71.69
2022 04 19 01 41 33.30 116.55 71.32
2022 04 19 01 42 33.19 116.55 70.96
2022 04 19 01 43 33.08 116.56 70.60
2022 04 19 01 44 32.98 116.56 70.25
2022 04 19 01 45 32.87 116.57 69.91
2022 04 19 01 46 32.76 116.57 69.57
2022 04 19 01 47 32.65 116.58 69.24
2022 04 19 01 48 32.54 116.58 68.91
2022 04 19 01 49 32.43 116.58 68.59
2022 04 19 01 50 32.32 116.59 68.27
2022 04 19 01 51 32.21 116.59 67.96
2022 04 19 01 52 32.10 116.59 67.65
2022 04 19 01 53 31.99 116.60 67.35
2022 04 19 01 54 31.88 116.60 67.04
2022 04 19 01 55 31.77 116.60 66.75
2022 04 19 01 56 31.66 116.61 66.45
2022 04 19 01 57 31.55 116.61 66.16
2022 04 19 01 58 31.44 116.61 65.88
2022 04 19 01 59 31.33 116.61 65.59
2022 04 19 02 00 31.22 116.61 65.31
2022 04 19 02 01 31.11 116.61 65.03
2022 04 19 02 02 31.00 116.62 64.76
2022 04 19 02 03 30.88 116.62 64.48
2022 04 19 02 04 30.77 116.62 64.21
2022 04 19 02 05 30.66 116.62 63.95
2022 04 19 02 06 30.55 116.62 63.68
2022 04 19 02 07 30.44 116.62 63.42
2022 04 19 02 08 30.33 116.62 63.16
2022 04 19 02 09 30.22 116.62 62.90
2022 04 19 02 10 30.11 116.62 62.64
2022 04 19 02 11 29.99 116.62 62.39
2022 04 19 02 12 29.88 116.62 62.13
2022 04 19 02 13 29.77 116.62 61.88
2022 04 19 02 14 29.66 116.62 61.63
2022 04 19 02 15 29.55 116.62 61.38
2022 04 19 02 16 29.44 116.62 61.14
2022 04 19 02 17 29.33 116.61 60.89
2022 04 19 02 18 29.21 116.61 60.65
2022 04 19 02 19 29.10 116.61 60.41
2022 04 19 02 20 28.99 116.61 60.17
2022 04 19 02 21 28.88 116.61 59.93
2022 04 19 02 22 28.77 116.60 59.69
2022 04 19 02 23 28.65 116.60 59.46
2022 04 19 02 24 28.54 116.60 59.23
2022 04 19 02 25 28.43 116.59 58.99
2022 04 19 02 26 28.32 116.59 58.76
2022 04 19 02 27 28.21 116.59 58.53
2022 04 19 02 28 28.09 116.58 58.30
2022 04 19 02 29 27.98 116.58 58.07
2022 04 19 02 30 27.87 116.58 57.84
2022 04 19 02 31 27.76 116.57 57.62
2022 04 19 02 32 27.64 116.57 57.39
2022 04 19 02 33 27.53 116.56 57.17
2022 04 19 02 34 27.42 116.56 56.95
2022 04 19 02 35 27.31 116.55 56.73
2022 04 19 02 36 27.19 116.55 56.50
2022 04 19 02 37 27.08 116.54 56.28
2022 04 19 02 38 26.97 116.53 56.06
2022 04 19 02 39 26.86 116.53 55.85
2022 04 19 02 40 26.74 116.52 55.63
2022 04 19 02 41 26.63 116.52 55.41
2022 04 19 02 42 26.52 116.51 55.20
2022 04 19 02 43 26.41 116.50 54.98
2022 04 19 02 44 26.29 116.50 54.77
2022 04 19 02 45 26.18 116.49 54.55
2022 04 19 02 46 26.07 116.48 54.34
2022 04 19 02 47 25.96 116.47 54.13
2022 04 19 02 48 25.85 116.47 53.92
2022 04 19 02 49 25.73 116.46 53.71
2022 04 19 02 50 25.62 116.45 53.50
2022 04 19 02 51 25.51 116.44 53.29
2022 04 19 02 52 25.40 116.43 53.08
2022 04 19 02 53 25.28 116.42 52.87
2022 04 19 02 54 25.17 116.42 52.67
2022 04 19 02 55 25.06 116.41 52.46
2022 04 19 02 56 24.95 116.40 52.25
2022 04 19 02 57 24.83 116.39 52.05
2022 04 19 02 58 24.72 116.38 51.84
2022 04 19 02 59 24.61 116.37 51.64
2022 04 19 03 00 24.50 116.36 51.43
2022 04 19 03 01 24.38 116.35 51.23
2022 04 19 03 02 24.27 116.34 51.03
2022 04 19 03 03 24.16 116.32 50.83
2022 04 19 03 04 24.05 116.31 50.63
2022 04 19 03 05 23.94 116.30 50.42
2022 04 19 03 06 23.82 116.29 50.22
2022 04 19 03 07 23.71 116.28 50.02
2022 04 19 03 08 23.60 116.27 49.82
2022 04 19 03 09 23.49 116.25 49.62
2022 04 19 03 10 23.38 116.24 49.43
2022 04 19 03 11 23.26 116.23 49.23
2022 04 19 03 12 23.15 116.22 49.03
2022 04 19 03 13 23.04 116.20 48.83
2022 04 19 03 14 22.93 116.19 48.64
2022 04 19 03 15 22.82 116.18 48.44
2022 04 19 03 16 22.71 116.16 48.24
2022 04 19 03 17 22.59 116.15 48.05
2022 04 19 03 18 22.48 116.13 47.85
2022 04 19 03 19 22.37 116.12 47.66
2022 04 19 03 20 22.26 116.11 47.46
2022 04 19 03 21 22.15 116.09 47.27
2022 04 19 03 22 22.04 116.07 47.07
2022 04 19 03 23 21.93 116.06 46.88
2022 04 19 03 24 21.81 116.04 46.69
2022 04 19 03 25 21.70 116.03 46.50
2022 04 19 03 26 21.59 116.01 46.30
2022 04 19 03 27 21.48 116.00 46.11
2022 04 19 03 28 21.37 115.98 45.92
2022 04 19 03 29 21.26 115.96 45.73
2022 04 19 03 30 21.15 115.95 45.54
2022 04 19 03 31 21.04 115.93 45.35
2022 04 19 03 32 20.93 115.91 45.16
2022 04 19 03 33 20.82 115.89 44.97
2022 04 19 03 34 20.71 115.87 44.78
2022 04 19 03 35 20.60 115.86 44.59
2022 04 19 03 36 20.49 115.84 44.40
2022 04 19 03 37 20.38 115.82 44.21
2022 04 19 03 38 20.26 115.80 44.02
2022 04 19 03 39 20.15 115.78 43.83
2022 04 19 03 40 20.04 115.76 43.64
2022 04 19 03 41 19.94 115.74 43.45
2022 04 19 03 42 19.83 115.72 43.27
2022 04 19 03 43 19.72 115.70 43.08
2022 04 19 03 44 19.61 115.68 42.89
2022 04 19 03 45 19.50 115.66 42.71
2022 04 19 03 46 19.39 115.64 42.52
2022 04 19 03 47 19.28 115.62 42.33
2022 04 19 03 48 19.17 115.60 42.15
2022 04 19 03 49 19.06 115.58 41.96
2022 04 19 03 50 18.95 115.55 41.77
2022 04 19 03 51 18.84 115.53 41.59
2022 04 19 03 52 18.73 115.51 41.40
2022 04 19 03 53 18.62 115.49 41.22
2022 04 19 03 54 18.52 115.46 41.03
2022 04 19 03 55 18.41 115.44 40.85
2022 04 19 03 56 18.30 115.42 40.67
2022 04 19 03 57 18.19 115.39 40.48
2022 04 19 03 58 18.08 115.37 40.30
2022 04 19 03 59 17.97 115.34 40.11
2022 04 19 04 00 17.87 115.32 39.93
2022 04 19 04 01 17.76 115.30 39.75
2022 04 19 04 02 17.65 115.27 39.56
2022 04 19 04 03 17.54 115.24 39.38
2022 04 19 04 04 17.44 115.22 39.20
2022 04 19 04 05 17.33 115.19 39.01
2022 04 19 04 06 17.22 115.17 38.83
2022 04 19 04 07 17.11 115.14 38.65
2022 04 19 04 08 17.01 115.11 38.47
2022 04 19 04 09 16.90 115.09 38.28
2022 04 19 04 10 16.79 115.06 38.10
2022 04 19 04 11 16.69 115.03 37.92
2022 04 19 04 12 16.58 115.00 37.74
2022 04 19 04 13 16.47 114.98 37.56
2022 04 19 04 14 16.37 114.95 37.38
2022 04 19 04 15 16.26 114.92 37.20
2022 04 19 04 16 16.16 114.89 37.01
2022 04 19 04 17 16.05 114.86 36.83
2022 04 19 04 18 15.95 114.83 36.65
2022 04 19 04 19 15.84 114.80 36.47
2022 04 19 04 20 15.73 114.77 36.29
2022 04 19 04 21 15.63 114.74 36.11
2022 04 19 04 22 15.52 114.71 35.93
2022 04 19 04 23 15.42 114.68 35.75
2022 04 19 04 24 15.32 114.65 35.57
2022 04 19 04 25 15.21 114.61 35.39
2022 04 19 04 26 15.11 114.58 35.21
2022 04 19 04 27 15.00 114.55 35.03
2022 04 19 04 28 14.90 114.52 34.85
2022 04 19 04 29 14.79 0.00 0.00
2022 04 19 04 30 14.69 0.00 0.00
2022 04 19 04 31 14.59 0.00 0.00
2022 04 19 04 32 14.48 0.00 0.00
2022 04 19 04 33 14.38 0.00 0.00
2022 04 19 04 34 14.28 0.00 0.00
2022 04 19 04 35 14.17 0.00 0.00
2022 04 19 04 36 14.07 0.00 0.00
2022 04 19 04 37 13.97 0.00 0.00
2022 04 19 04 38 13.87 0.00 0.00
2022 04 19 04 39 13.76 0.00 0.00
2022 04 19 04 40 13.66 0.00 0.00
2022 04 19 04 41 13.56 0.00 0.00
2022 04 19 04 42 13.46 0.00 0.00
2022 04 19 04 43 13.36 0.00 0.00
2022 04 19 04 44 13.26 0.00 0.00
2022 04 19 04 45 13.16 0.00 0.00
2022 04 19 04 46 13.05 0.00 0.00
2022 04 19 04 47 12.95 0.00 0.00
2022 04 19 04 48 12.85 0.00 0.00
2022 04 19 04 49 12.75 0.00 0.00
2022 04 19 04 50 12.65 0.00 0.00
2022 04 19 04 51 12.55 0.00 0.00
2022 04 19 04 52 12.45 0.00 0.00
2022 04 19 04 53 12.35 0.00 0.00
2022 04 19 04 54 12.25 0.00 0.00
2022 04 19 04 55 12.15 0.00 0.00
2022 04 19 04 56 12.06 0.00 0.00
2022 04 19 04 57 11.96 0.00 0.00
2022 04 19 04 58 11.86 0.00 0.00
2022 04 19 04 59 11.76 0.00 0.00
