2022 04 15 17 00 28.74 0.00 0.00
2022 04 15 17 01 28.85 0.00 0.00
2022 04 15 17 02 28.96 0.00 0.00
2022 04 15 17 03 29.07 0.00 0.00
2022 04 15 17 04 29.18 0.00 0.00
2022 04 15 17 05 29.30 0.00 0.00
2022 04 15 17 06 29.41 0.00 0.00
2022 04 15 17 07 29.52 0.00 0.00
2022 04 15 17 08 29.63 0.00 0.00
2022 04 15 17 09 29.74 0.00 0.00
2022 04 15 17 10 29.85 0.00 0.00
2022 04 15 17 11 29.97 0.00 0.00
2022 04 15 17 12 30.08 0.00 0.00
2022 04 15 17 13 30.19 0.00 0.00
2022 04 15 17 14 30.30 0.00 0.00
2022 04 15 17 15 30.41 0.00 0.00
2022 04 15 17 16 30.52 0.00 0.00
2022 04 15 17 17 30.63 0.00 0.00
2022 04 15 17 18 30.74 0.00 0.00
2022 04 15 17 19 30.86 0.00 0.00
2022 04 15 17 20 30.97 0.00 0.00
2022 04 15 17 21 31.08 0.00 0.00
2022 04 15 17 22 31.19 0.00 0.00
2022 04 15 17 23 31.30 0.00 0.00
2022 04 15 17 24 31.41 0.00 0.00
2022 04 15 17 25 31.52 0.00 0.00
2022 04 15 17 26 31.63 0.00 0.00
2022 04 15 17 27 31.74 0.00 0.00
2022 04 15 17 28 31.85 0.00 0.00
2022 04 15 17 29 31.96 0.00 0.00
2022 04 15 17 30 32.07 0.00 0.00
2022 04 15 17 31 32.18 0.00 0.00
2022 04 15 17 32 32.29 0.00 0.00
2022 04 15 17 33 32.40 0.00 0.00
2022 04 15 17 34 32.51 0.00 0.00
2022 04 15 17 35 32.62 0.00 0.00
2022 04 15 17 36 32.73 0.00 0.00
2022 04 15 17 37 32.84 0.00 0.00
2022 04 15 17 38 32.95 0.00 0.00
2022 04 15 17 39 33.06 0.00 0.00
2022 04 15 17 40 33.17 0.00 0.00
2022 04 15 17 41 33.27 0.00 0.00
2022 04 15 17 42 33.38 0.00 0.00
2022 04 15 17 43 33.49 0.00 0.00
2022 04 15 17 44 33.60 0.00 0.00
2022 04 15 17 45 33.71 0.00 0.00
2022 04 15 17 46 33.82 0.00 0.00
2022 04 15 17 47 33.92 0.00 0.00
2022 04 15 17 48 34.03 0.00 0.00
2022 04 15 17 49 34.14 0.00 0.00
2022 04 15 17 50 34.25 0.00 0.00
2022 04 15 17 51 34.36 0.00 0.00
2022 04 15 17 52 34.46 0.00 0.00
2022 04 15 17 53 34.57 0.00 0.00
2022 04 15 17 54 34.68 0.00 0.00
2022 04 15 17 55 34.78 0.00 0.00
2022 04 15 17 56 34.89 74.50 34.93
2022 04 15 17 57 35.00 74.68 35.14
2022 04 15 17 58 35.10 74.86 35.35
2022 04 15 17 59 35.21 75.04 35.56
2022 04 15 18 00 35.32 75.23 35.77
2022 04 15 18 01 35.42 75.41 35.98
2022 04 15 18 02 35.53 75.59 36.20
2022 04 15 18 03 35.63 75.77 36.41
2022 04 15 18 04 35.74 75.95 36.63
2022 04 15 18 05 35.84 76.13 36.85
2022 04 15 18 06 35.95 76.31 37.07
2022 04 15 18 07 36.05 76.49 37.29
2022 04 15 18 08 36.16 76.67 37.51
2022 04 15 18 09 36.26 76.85 37.74
2022 04 15 18 10 36.37 77.03 37.96
2022 04 15 18 11 36.47 77.21 38.19
2022 04 15 18 12 36.58 77.39 38.42
2022 04 15 18 13 36.68 77.57 38.65
2022 04 15 18 14 36.78 77.75 38.88
2022 04 15 18 15 36.89 77.93 39.11
2022 04 15 18 16 36.99 78.11 39.35
2022 04 15 18 17 37.09 78.29 39.58
2022 04 15 18 18 37.20 78.46 39.82
2022 04 15 18 19 37.30 78.64 40.05
2022 04 15 18 20 37.40 78.82 40.29
2022 04 15 18 21 37.50 79.00 40.53
2022 04 15 18 22 37.61 79.18 40.78
2022 04 15 18 23 37.71 79.35 41.02
2022 04 15 18 24 37.81 79.53 41.26
2022 04 15 18 25 37.91 79.71 41.51
2022 04 15 18 26 38.01 79.88 41.76
2022 04 15 18 27 38.11 80.06 42.00
2022 04 15 18 28 38.21 80.23 42.25
2022 04 15 18 29 38.31 80.41 42.51
2022 04 15 18 30 38.41 80.58 42.76
2022 04 15 18 31 38.51 80.76 43.01
2022 04 15 18 32 38.61 80.93 43.27
2022 04 15 18 33 38.71 81.11 43.52
2022 04 15 18 34 38.81 81.28 43.78
2022 04 15 18 35 38.91 81.45 44.04
2022 04 15 18 36 39.01 81.63 44.30
2022 04 15 18 37 39.11 81.80 44.56
2022 04 15 18 38 39.21 81.97 44.82
2022 04 15 18 39 39.31 82.15 45.09
2022 04 15 18 40 39.40 82.32 45.35
2022 04 15 18 41 39.50 82.49 45.62
2022 04 15 18 42 39.60 82.66 45.89
2022 04 15 18 43 39.69 82.83 46.16
2022 04 15 18 44 39.79 83.00 46.43
2022 04 15 18 45 39.89 83.17 46.70
2022 04 15 18 46 39.98 83.34 46.98
2022 04 15 18 47 40.08 83.51 47.25
2022 04 15 18 48 40.18 83.68 47.53
2022 04 15 18 49 40.27 83.85 47.81
2022 04 15 18 50 40.37 84.02 48.08
2022 04 15 18 51 40.46 84.19 48.37
2022 04 15 18 52 40.55 84.36 48.65
2022 04 15 18 53 40.65 84.53 48.93
2022 04 15 18 54 40.74 84.69 49.21
2022 04 15 18 55 40.84 84.86 49.50
2022 04 15 18 56 40.93 85.03 49.79
2022 04 15 18 57 41.02 85.19 50.08
2022 04 15 18 58 41.11 85.36 50.36
2022 04 15 18 59 41.21 85.52 50.66
2022 04 15 19 00 41.30 85.69 50.95
2022 04 15 19 01 41.39 85.85 51.24
2022 04 15 19 02 41.48 86.02 51.54
2022 04 15 19 03 41.57 86.18 51.83
2022 04 15 19 04 41.66 86.35 52.13
2022 04 15 19 05 41.75 86.51 52.43
2022 04 15 19 06 41.84 86.67 52.73
2022 04 15 19 07 41.93 86.83 53.03
2022 04 15 19 08 42.02 87.00 53.34
2022 04 15 19 09 42.11 87.16 53.64
2022 04 15 19 10 42.20 87.32 53.95
2022 04 15 19 11 42.29 87.48 54.25
2022 04 15 19 12 42.38 87.64 54.56
2022 04 15 19 13 42.46 87.80 54.87
2022 04 15 19 14 42.55 87.96 55.18
2022 04 15 19 15 42.64 88.12 55.50
2022 04 15 19 16 42.72 88.28 55.81
2022 04 15 19 17 42.81 88.44 56.13
2022 04 15 19 18 42.90 88.59 56.44
2022 04 15 19 19 42.98 88.75 56.76
2022 04 15 19 20 43.07 88.91 57.08
2022 04 15 19 21 43.15 89.07 57.40
2022 04 15 19 22 43.24 89.22 57.73
2022 04 15 19 23 43.32 89.38 58.05
2022 04 15 19 24 43.40 89.53 58.38
2022 04 15 19 25 43.49 89.69 58.70
2022 04 15 19 26 43.57 89.84 59.03
2022 04 15 19 27 43.65 90.00 59.36
2022 04 15 19 28 43.73 90.15 59.69
2022 04 15 19 29 43.81 90.30 60.03
2022 04 15 19 30 43.90 90.46 60.36
2022 04 15 19 31 43.98 90.61 60.69
2022 04 15 19 32 44.06 90.76 61.03
2022 04 15 19 33 44.14 90.91 61.37
2022 04 15 19 34 44.22 91.06 61.71
2022 04 15 19 35 44.29 91.21 62.05
2022 04 15 19 36 44.37 91.36 62.39
2022 04 15 19 37 44.45 91.51 62.74
2022 04 15 19 38 44.53 91.66 63.08
2022 04 15 19 39 44.61 91.81 63.43
2022 04 15 19 40 44.68 91.96 63.78
2022 04 15 19 41 44.76 92.11 64.13
2022 04 15 19 42 44.84 92.26 64.48
2022 04 15 19 43 44.91 92.40 64.83
2022 04 15 19 44 44.99 92.55 65.19
2022 04 15 19 45 45.06 92.70 65.54
2022 04 15 19 46 45.14 92.84 65.90
2022 04 15 19 47 45.21 92.99 66.26
2022 04 15 19 48 45.28 93.13 66.62
2022 04 15 19 49 45.35 93.27 66.98
2022 04 15 19 50 45.43 93.42 67.34
2022 04 15 19 51 45.50 93.56 67.71
2022 04 15 19 52 45.57 93.70 68.07
2022 04 15 19 53 45.64 93.85 68.44
2022 04 15 19 54 45.71 93.99 68.81
2022 04 15 19 55 45.78 94.13 69.18
2022 04 15 19 56 45.85 94.27 69.55
2022 04 15 19 57 45.92 94.41 69.93
2022 04 15 19 58 45.99 94.55 70.30
2022 04 15 19 59 46.06 94.69 70.68
2022 04 15 20 00 46.12 94.83 71.06
2022 04 15 20 01 46.19 94.97 71.44
2022 04 15 20 02 46.26 95.11 71.82
2022 04 15 20 03 46.32 95.24 72.20
2022 04 15 20 04 46.39 95.38 72.58
2022 04 15 20 05 46.45 95.52 72.97
2022 04 15 20 06 46.52 95.65 73.36
2022 04 15 20 07 46.58 95.79 73.75
2022 04 15 20 08 46.65 95.92 74.14
2022 04 15 20 09 46.71 96.06 74.53
2022 04 15 20 10 46.77 96.19 74.92
2022 04 15 20 11 46.83 96.33 75.31
2022 04 15 20 12 46.89 96.46 75.71
2022 04 15 20 13 46.96 96.59 76.11
2022 04 15 20 14 47.02 96.72 76.51
2022 04 15 20 15 47.08 96.86 76.91
2022 04 15 20 16 47.13 96.99 77.31
2022 04 15 20 17 47.19 97.12 77.71
2022 04 15 20 18 47.25 97.25 78.12
2022 04 15 20 19 47.31 97.38 78.52
2022 04 15 20 20 47.37 97.51 78.93
2022 04 15 20 21 47.42 97.64 79.34
2022 04 15 20 22 47.48 97.76 79.75
2022 04 15 20 23 47.53 97.89 80.16
2022 04 15 20 24 47.59 98.02 80.57
2022 04 15 20 25 47.64 98.15 80.99
2022 04 15 20 26 47.70 98.27 81.40
2022 04 15 20 27 47.75 98.40 81.82
2022 04 15 20 28 47.80 98.52 82.24
2022 04 15 20 29 47.85 98.65 82.66
2022 04 15 20 30 47.90 98.77 83.08
2022 04 15 20 31 47.95 98.90 83.50
2022 04 15 20 32 48.00 99.02 83.93
2022 04 15 20 33 48.05 99.14 84.35
2022 04 15 20 34 48.10 99.26 84.78
2022 04 15 20 35 48.15 99.39 85.21
2022 04 15 20 36 48.20 99.51 85.64
2022 04 15 20 37 48.25 99.63 86.07
2022 04 15 20 38 48.29 99.75 86.50
2022 04 15 20 39 48.34 99.87 86.93
2022 04 15 20 40 48.38 99.99 87.36
2022 04 15 20 41 48.43 100.11 87.80
2022 04 15 20 42 48.47 100.22 88.23
2022 04 15 20 43 48.52 100.34 88.67
2022 04 15 20 44 48.56 100.46 89.11
2022 04 15 20 45 48.60 100.58 89.55
2022 04 15 20 46 48.64 100.69 89.99
2022 04 15 20 47 48.68 100.81 90.43
2022 04 15 20 48 48.72 100.92 90.87
2022 04 15 20 49 48.76 101.04 91.31
2022 04 15 20 50 48.80 101.15 91.75
2022 04 15 20 51 48.84 101.27 92.20
2022 04 15 20 52 48.88 101.38 92.64
2022 04 15 20 53 48.92 101.49 93.09
2022 04 15 20 54 48.95 101.60 93.53
2022 04 15 20 55 48.99 101.72 93.98
2022 04 15 20 56 49.02 101.83 94.43
2022 04 15 20 57 49.06 101.94 94.87
2022 04 15 20 58 49.09 102.05 95.32
2022 04 15 20 59 49.13 102.16 95.77
2022 04 15 21 00 49.16 102.27 96.22
2022 04 15 21 01 49.19 102.37 96.66
2022 04 15 21 02 49.22 102.48 97.11
2022 04 15 21 03 49.25 102.59 97.56
2022 04 15 21 04 49.28 102.70 98.01
2022 04 15 21 05 49.31 102.80 98.46
2022 04 15 21 06 49.34 102.91 98.90
2022 04 15 21 07 49.37 103.02 99.35
2022 04 15 21 08 49.39 103.12 99.80
2022 04 15 21 09 49.42 103.23 100.24
2022 04 15 21 10 49.45 103.33 100.69
2022 04 15 21 11 49.47 103.43 101.13
2022 04 15 21 12 49.50 103.54 101.57
2022 04 15 21 13 49.52 103.64 102.02
2022 04 15 21 14 49.54 103.74 102.46
2022 04 15 21 15 49.57 103.84 102.90
2022 04 15 21 16 49.59 103.95 103.33
2022 04 15 21 17 49.61 104.05 103.77
2022 04 15 21 18 49.63 104.15 104.20
2022 04 15 21 19 49.65 104.25 104.64
2022 04 15 21 20 49.67 104.35 105.07
2022 04 15 21 21 49.69 104.44 105.50
2022 04 15 21 22 49.71 104.54 105.92
2022 04 15 21 23 49.72 104.64 106.35
2022 04 15 21 24 49.74 104.74 106.77
2022 04 15 21 25 49.76 104.83 107.18
2022 04 15 21 26 49.77 104.93 107.60
2022 04 15 21 27 49.78 105.03 108.01
2022 04 15 21 28 49.80 105.12 108.42
2022 04 15 21 29 49.81 105.22 108.82
2022 04 15 21 30 49.82 105.31 109.22
2022 04 15 21 31 49.84 105.40 109.61
2022 04 15 21 32 49.85 105.50 110.00
2022 04 15 21 33 49.86 105.59 110.39
2022 04 15 21 34 49.87 105.68 110.77
2022 04 15 21 35 49.87 105.77 111.15
2022 04 15 21 36 49.88 105.87 111.52
2022 04 15 21 37 49.89 105.96 111.88
2022 04 15 21 38 49.90 106.05 112.24
2022 04 15 21 39 49.90 106.14 112.59
2022 04 15 21 40 49.91 106.23 112.93
2022 04 15 21 41 49.91 106.32 113.27
2022 04 15 21 42 49.92 106.40 113.60
2022 04 15 21 43 49.92 106.49 113.93
2022 04 15 21 44 49.92 106.58 114.24
2022 04 15 21 45 49.92 106.67 114.55
2022 04 15 21 46 49.92 106.75 114.85
2022 04 15 21 47 49.93 106.84 115.14
2022 04 15 21 48 49.92 106.93 115.42
2022 04 15 21 49 49.92 107.01 115.70
2022 04 15 21 50 49.92 107.09 115.96
2022 04 15 21 51 49.92 107.18 116.21
2022 04 15 21 52 49.92 107.26 116.46
2022 04 15 21 53 49.91 107.35 116.69
2022 04 15 21 54 49.91 107.43 116.91
2022 04 15 21 55 49.90 107.51 117.12
2022 04 15 21 56 49.90 107.59 117.33
2022 04 15 21 57 49.89 107.67 117.51
2022 04 15 21 58 49.88 107.76 117.69
2022 04 15 21 59 49.87 107.84 117.86
2022 04 15 22 00 49.87 107.92 118.01
2022 04 15 22 01 49.86 108.00 118.15
2022 04 15 22 02 49.85 108.07 118.28
2022 04 15 22 03 49.84 108.15 118.39
2022 04 15 22 04 49.82 108.23 118.50
2022 04 15 22 05 49.81 108.31 118.59
2022 04 15 22 06 49.80 108.39 118.66
2022 04 15 22 07 49.79 108.46 118.72
2022 04 15 22 08 49.77 108.54 118.77
2022 04 15 22 09 49.76 108.62 118.81
2022 04 15 22 10 49.74 108.69 118.83
2022 04 15 22 11 49.72 108.77 118.84
2022 04 15 22 12 49.71 108.84 118.83
2022 04 15 22 13 49.69 108.91 118.81
2022 04 15 22 14 49.67 108.99 118.78
2022 04 15 22 15 49.65 109.06 118.73
2022 04 15 22 16 49.63 109.13 118.67
2022 04 15 22 17 49.61 109.21 118.59
2022 04 15 22 18 49.59 109.28 118.50
2022 04 15 22 19 49.57 109.35 118.40
2022 04 15 22 20 49.55 109.42 118.28
2022 04 15 22 21 49.52 109.49 118.15
2022 04 15 22 22 49.50 109.56 118.01
2022 04 15 22 23 49.47 109.63 117.85
2022 04 15 22 24 49.45 109.70 117.68
2022 04 15 22 25 49.42 109.77 117.50
2022 04 15 22 26 49.40 109.84 117.31
2022 04 15 22 27 49.37 109.90 117.10
2022 04 15 22 28 49.34 109.97 116.88
2022 04 15 22 29 49.31 110.04 116.65
2022 04 15 22 30 49.28 110.10 116.41
2022 04 15 22 31 49.25 110.17 116.15
2022 04 15 22 32 49.22 110.24 115.89
2022 04 15 22 33 49.19 110.30 115.61
2022 04 15 22 34 49.16 110.37 115.32
2022 04 15 22 35 49.13 110.43 115.03
2022 04 15 22 36 49.09 110.49 114.72
2022 04 15 22 37 49.06 110.56 114.40
2022 04 15 22 38 49.03 110.62 114.07
2022 04 15 22 39 48.99 110.68 113.74
2022 04 15 22 40 48.95 110.75 113.40
2022 04 15 22 41 48.92 110.81 113.04
2022 04 15 22 42 48.88 110.87 112.68
2022 04 15 22 43 48.84 110.93 112.31
2022 04 15 22 44 48.80 110.99 111.94
2022 04 15 22 45 48.77 111.05 111.55
2022 04 15 22 46 48.73 111.11 111.16
2022 04 15 22 47 48.69 111.17 110.77
2022 04 15 22 48 48.64 111.23 110.36
2022 04 15 22 49 48.60 111.29 109.96
2022 04 15 22 50 48.56 111.35 109.54
2022 04 15 22 51 48.52 111.40 109.12
2022 04 15 22 52 48.47 111.46 108.70
2022 04 15 22 53 48.43 111.52 108.27
2022 04 15 22 54 48.39 111.58 107.83
2022 04 15 22 55 48.34 111.63 107.39
2022 04 15 22 56 48.30 111.69 106.95
2022 04 15 22 57 48.25 111.74 106.50
2022 04 15 22 58 48.20 111.80 106.05
2022 04 15 22 59 48.15 111.85 105.60
2022 04 15 23 00 48.11 111.91 105.14
2022 04 15 23 01 48.06 111.96 104.68
2022 04 15 23 02 48.01 112.01 104.22
2022 04 15 23 03 47.96 112.07 103.76
2022 04 15 23 04 47.91 112.12 103.29
2022 04 15 23 05 47.86 112.17 102.82
2022 04 15 23 06 47.80 112.22 102.35
2022 04 15 23 07 47.75 112.27 101.88
2022 04 15 23 08 47.70 112.33 101.41
2022 04 15 23 09 47.64 112.38 100.93
2022 04 15 23 10 47.59 112.43 100.45
2022 04 15 23 11 47.54 112.48 99.98
2022 04 15 23 12 47.48 112.53 99.50
2022 04 15 23 13 47.43 112.58 99.02
2022 04 15 23 14 47.37 112.62 98.54
2022 04 15 23 15 47.31 112.67 98.06
2022 04 15 23 16 47.25 112.72 97.58
2022 04 15 23 17 47.20 112.77 97.10
2022 04 15 23 18 47.14 112.82 96.62
2022 04 15 23 19 47.08 112.86 96.15
2022 04 15 23 20 47.02 112.91 95.67
2022 04 15 23 21 46.96 112.96 95.19
2022 04 15 23 22 46.90 113.00 94.71
2022 04 15 23 23 46.84 113.05 94.23
2022 04 15 23 24 46.77 113.09 93.75
2022 04 15 23 25 46.71 113.14 93.28
2022 04 15 23 26 46.65 113.18 92.80
2022 04 15 23 27 46.59 113.23 92.33
2022 04 15 23 28 46.52 113.27 91.85
2022 04 15 23 29 46.46 113.31 91.38
2022 04 15 23 30 46.39 113.36 90.91
2022 04 15 23 31 46.33 113.40 90.43
2022 04 15 23 32 46.26 113.44 89.97
2022 04 15 23 33 46.19 113.48 89.50
2022 04 15 23 34 46.13 113.52 89.03
2022 04 15 23 35 46.06 113.57 88.56
2022 04 15 23 36 45.99 113.61 88.10
2022 04 15 23 37 45.92 113.65 87.64
2022 04 15 23 38 45.85 113.69 87.17
2022 04 15 23 39 45.79 113.73 86.71
2022 04 15 23 40 45.72 113.77 86.25
2022 04 15 23 41 45.65 113.81 85.80
2022 04 15 23 42 45.57 113.85 85.34
2022 04 15 23 43 45.50 113.88 84.89
2022 04 15 23 44 45.43 113.92 84.43
2022 04 15 23 45 45.36 113.96 83.98
2022 04 15 23 46 45.29 114.00 83.53
2022 04 15 23 47 45.21 114.03 83.09
2022 04 15 23 48 45.14 114.07 82.64
2022 04 15 23 49 45.06 114.11 82.20
2022 04 15 23 50 44.99 114.14 81.76
2022 04 15 23 51 44.91 114.18 81.32
2022 04 15 23 52 44.84 114.22 80.88
2022 04 15 23 53 44.76 114.25 80.44
2022 04 15 23 54 44.69 114.29 80.00
2022 04 15 23 55 44.61 114.32 79.57
2022 04 15 23 56 44.53 114.36 79.14
2022 04 15 23 57 44.46 114.39 78.71
2022 04 15 23 58 44.38 114.42 78.28
2022 04 15 23 59 44.30 114.46 77.86
2022 04 16 00 00 44.22 114.49 77.43
2022 04 16 00 01 44.14 114.52 77.01
2022 04 16 00 02 44.06 114.56 76.59
2022 04 16 00 03 43.98 114.59 76.17
2022 04 16 00 04 43.90 114.62 75.76
2022 04 16 00 05 43.82 114.65 75.34
2022 04 16 00 06 43.74 114.68 74.93
2022 04 16 00 07 43.65 114.71 74.52
2022 04 16 00 08 43.57 114.75 74.11
2022 04 16 00 09 43.49 114.78 73.70
2022 04 16 00 10 43.41 114.81 73.29
2022 04 16 00 11 43.32 114.84 72.89
2022 04 16 00 12 43.24 114.87 72.49
2022 04 16 00 13 43.16 114.89 72.09
2022 04 16 00 14 43.07 114.92 71.69
2022 04 16 00 15 42.99 114.95 71.29
2022 04 16 00 16 42.90 114.98 70.90
2022 04 16 00 17 42.81 115.01 70.51
2022 04 16 00 18 42.73 115.04 70.11
2022 04 16 00 19 42.64 115.06 69.73
2022 04 16 00 20 42.56 115.09 69.34
2022 04 16 00 21 42.47 115.12 68.95
2022 04 16 00 22 42.38 115.15 68.57
2022 04 16 00 23 42.29 115.17 68.19
2022 04 16 00 24 42.20 115.20 67.81
2022 04 16 00 25 42.12 115.22 67.43
2022 04 16 00 26 42.03 115.25 67.05
2022 04 16 00 27 41.94 115.27 66.67
2022 04 16 00 28 41.85 115.30 66.30
2022 04 16 00 29 41.76 115.32 65.93
2022 04 16 00 30 41.67 115.35 65.56
2022 04 16 00 31 41.58 115.37 65.19
2022 04 16 00 32 41.49 115.40 64.82
2022 04 16 00 33 41.39 115.42 64.46
2022 04 16 00 34 41.30 115.44 64.09
2022 04 16 00 35 41.21 115.47 63.73
2022 04 16 00 36 41.12 115.49 63.37
2022 04 16 00 37 41.03 115.51 63.01
2022 04 16 00 38 40.93 115.54 62.66
2022 04 16 00 39 40.84 115.56 62.30
2022 04 16 00 40 40.75 115.58 61.95
2022 04 16 00 41 40.65 115.60 61.60
2022 04 16 00 42 40.56 115.62 61.25
2022 04 16 00 43 40.46 115.64 60.90
2022 04 16 00 44 40.37 115.67 60.55
2022 04 16 00 45 40.28 115.69 60.20
2022 04 16 00 46 40.18 115.71 59.86
2022 04 16 00 47 40.08 115.73 59.52
2022 04 16 00 48 39.99 115.75 59.18
2022 04 16 00 49 39.89 115.77 58.84
2022 04 16 00 50 39.80 115.79 58.50
2022 04 16 00 51 39.70 115.80 58.16
2022 04 16 00 52 39.60 115.82 57.83
2022 04 16 00 53 39.51 115.84 57.49
2022 04 16 00 54 39.41 115.86 57.16
2022 04 16 00 55 39.31 115.88 56.83
2022 04 16 00 56 39.21 115.90 56.50
2022 04 16 00 57 39.11 115.91 56.17
2022 04 16 00 58 39.02 115.93 55.85
2022 04 16 00 59 38.92 115.95 55.52
2022 04 16 01 00 38.82 115.97 55.20
2022 04 16 01 01 38.72 115.98 54.88
2022 04 16 01 02 38.62 116.00 54.56
2022 04 16 01 03 38.52 116.02 54.24
2022 04 16 01 04 38.42 116.03 53.92
2022 04 16 01 05 38.32 116.05 53.60
2022 04 16 01 06 38.22 116.06 53.29
2022 04 16 01 07 38.12 116.08 52.97
2022 04 16 01 08 38.02 116.09 52.66
2022 04 16 01 09 37.92 116.11 52.35
2022 04 16 01 10 37.81 116.12 52.04
2022 04 16 01 11 37.71 116.14 51.73
2022 04 16 01 12 37.61 116.15 51.42
2022 04 16 01 13 37.51 116.17 51.12
2022 04 16 01 14 37.41 116.18 50.81
2022 04 16 01 15 37.30 116.19 50.51
2022 04 16 01 16 37.20 116.21 50.21
2022 04 16 01 17 37.10 116.22 49.91
2022 04 16 01 18 37.00 116.23 49.61
2022 04 16 01 19 36.89 116.24 49.31
2022 04 16 01 20 36.79 116.26 49.01
2022 04 16 01 21 36.69 116.27 48.72
2022 04 16 01 22 36.58 116.28 48.42
2022 04 16 01 23 36.48 116.29 48.13
2022 04 16 01 24 36.37 116.30 47.84
2022 04 16 01 25 36.27 116.32 47.55
2022 04 16 01 26 36.16 116.33 47.26
2022 04 16 01 27 36.06 116.34 46.97
2022 04 16 01 28 35.96 116.35 46.68
2022 04 16 01 29 35.85 116.36 46.40
2022 04 16 01 30 35.74 116.37 46.11
2022 04 16 01 31 35.64 116.38 45.83
2022 04 16 01 32 35.53 116.39 45.55
2022 04 16 01 33 35.43 116.40 45.27
2022 04 16 01 34 35.32 116.41 44.99
2022 04 16 01 35 35.22 116.42 44.71
2022 04 16 01 36 35.11 116.43 44.43
2022 04 16 01 37 35.00 116.43 44.15
2022 04 16 01 38 34.90 116.44 43.88
2022 04 16 01 39 34.79 116.45 43.60
2022 04 16 01 40 34.68 116.46 43.33
2022 04 16 01 41 34.58 116.47 43.06
2022 04 16 01 42 34.47 116.48 42.79
2022 04 16 01 43 34.36 116.48 42.52
2022 04 16 01 44 34.25 116.49 42.25
2022 04 16 01 45 34.15 116.50 41.98
2022 04 16 01 46 34.04 116.50 41.72
2022 04 16 01 47 33.93 116.51 41.45
2022 04 16 01 48 33.82 116.52 41.19
2022 04 16 01 49 33.71 116.52 40.93
2022 04 16 01 50 33.61 116.53 40.66
2022 04 16 01 51 33.50 116.54 40.40
2022 04 16 01 52 33.39 116.54 40.14
2022 04 16 01 53 33.28 116.55 39.88
2022 04 16 01 54 33.17 116.55 39.63
2022 04 16 01 55 33.06 116.56 39.37
2022 04 16 01 56 32.95 116.56 39.12
2022 04 16 01 57 32.84 116.57 38.86
2022 04 16 01 58 32.73 116.57 38.61
2022 04 16 01 59 32.63 116.58 38.36
2022 04 16 02 00 32.52 116.58 38.11
2022 04 16 02 01 32.41 116.58 37.86
2022 04 16 02 02 32.30 116.59 37.61
2022 04 16 02 03 32.19 116.59 37.36
2022 04 16 02 04 32.08 116.59 37.11
2022 04 16 02 05 31.97 116.60 36.87
2022 04 16 02 06 31.86 116.60 36.62
2022 04 16 02 07 31.75 116.60 36.38
2022 04 16 02 08 31.64 116.61 36.14
2022 04 16 02 09 31.53 116.61 35.89
2022 04 16 02 10 31.42 116.61 35.65
2022 04 16 02 11 31.30 116.61 35.41
2022 04 16 02 12 31.19 116.61 35.18
2022 04 16 02 13 31.08 116.62 34.94
2022 04 16 02 14 30.97 116.62 34.70
2022 04 16 02 15 30.86 116.62 34.47
2022 04 16 02 16 30.75 116.62 34.23
2022 04 16 02 17 30.64 116.62 34.00
2022 04 16 02 18 30.53 116.62 33.77
2022 04 16 02 19 30.42 116.62 33.54
2022 04 16 02 20 30.31 116.62 33.31
2022 04 16 02 21 30.19 116.62 33.08
2022 04 16 02 22 30.08 116.62 32.85
2022 04 16 02 23 29.97 116.62 32.62
2022 04 16 02 24 29.86 116.62 32.40
2022 04 16 02 25 29.75 116.62 32.17
2022 04 16 02 26 29.64 116.62 31.95
2022 04 16 02 27 29.53 116.62 31.73
2022 04 16 02 28 29.41 116.61 31.50
2022 04 16 02 29 29.30 116.61 31.28
2022 04 16 02 30 29.19 116.61 31.06
2022 04 16 02 31 29.08 116.61 30.85
2022 04 16 02 32 28.97 116.61 30.63
2022 04 16 02 33 28.85 116.60 30.41
2022 04 16 02 34 28.74 116.60 30.20
2022 04 16 02 35 28.63 116.60 29.98
2022 04 16 02 36 28.52 116.60 29.77
2022 04 16 02 37 28.41 116.59 29.56
2022 04 16 02 38 28.29 116.59 29.35
2022 04 16 02 39 28.18 116.59 29.14
2022 04 16 02 40 28.07 116.58 28.93
2022 04 16 02 41 27.96 116.58 28.72
2022 04 16 02 42 27.85 116.57 28.51
2022 04 16 02 43 27.73 116.57 28.31
2022 04 16 02 44 27.62 116.57 28.10
2022 04 16 02 45 27.51 116.56 27.90
2022 04 16 02 46 27.40 116.56 27.70
2022 04 16 02 47 27.28 116.55 27.50
2022 04 16 02 48 27.17 116.55 27.30
2022 04 16 02 49 27.06 116.54 27.10
2022 04 16 02 50 26.95 116.53 26.90
2022 04 16 02 51 26.83 116.53 26.71
2022 04 16 02 52 26.72 116.52 26.51
2022 04 16 02 53 26.61 116.52 26.32
2022 04 16 02 54 26.50 116.51 26.13
2022 04 16 02 55 26.38 116.50 25.93
2022 04 16 02 56 26.27 116.49 25.74
2022 04 16 02 57 26.16 116.49 25.55
2022 04 16 02 58 26.05 116.48 25.37
2022 04 16 02 59 25.93 116.47 25.18
2022 04 16 03 00 25.82 116.46 24.99
2022 04 16 03 01 25.71 116.46 24.81
2022 04 16 03 02 25.60 116.45 24.63
2022 04 16 03 03 25.48 116.44 24.45
2022 04 16 03 04 25.37 116.43 24.27
2022 04 16 03 05 25.26 116.42 24.09
2022 04 16 03 06 25.15 116.41 23.91
2022 04 16 03 07 25.04 116.40 23.73
2022 04 16 03 08 24.92 116.39 23.56
2022 04 16 03 09 24.81 116.38 23.39
2022 04 16 03 10 24.70 116.38 23.21
2022 04 16 03 11 24.59 116.36 23.04
2022 04 16 03 12 24.47 116.35 22.87
2022 04 16 03 13 24.36 116.34 22.71
2022 04 16 03 14 24.25 116.33 22.54
2022 04 16 03 15 24.14 116.32 22.37
2022 04 16 03 16 24.03 116.31 22.21
2022 04 16 03 17 23.91 116.30 22.05
2022 04 16 03 18 23.80 116.29 21.89
2022 04 16 03 19 23.69 116.28 21.73
2022 04 16 03 20 23.58 116.26 21.57
2022 04 16 03 21 23.46 116.25 21.42
2022 04 16 03 22 23.35 116.24 21.26
2022 04 16 03 23 23.24 116.23 21.11
2022 04 16 03 24 23.13 116.21 20.96
2022 04 16 03 25 23.02 116.20 20.81
2022 04 16 03 26 22.91 116.19 20.66
2022 04 16 03 27 22.79 116.17 20.51
2022 04 16 03 28 22.68 116.16 20.37
2022 04 16 03 29 22.57 116.15 20.23
2022 04 16 03 30 22.46 116.13 20.09
2022 04 16 03 31 22.35 116.12 19.95
2022 04 16 03 32 22.24 116.10 19.81
2022 04 16 03 33 22.13 116.09 19.67
2022 04 16 03 34 22.01 116.07 19.54
2022 04 16 03 35 21.90 116.06 19.41
2022 04 16 03 36 21.79 116.04 19.28
2022 04 16 03 37 21.68 116.02 19.15
2022 04 16 03 38 21.57 116.01 19.02
2022 04 16 03 39 21.46 115.99 18.90
2022 04 16 03 40 21.35 115.98 18.78
2022 04 16 03 41 21.24 115.96 18.66
2022 04 16 03 42 21.13 115.94 18.54
2022 04 16 03 43 21.02 115.92 18.42
2022 04 16 03 44 20.90 115.91 18.31
2022 04 16 03 45 20.79 115.89 18.19
2022 04 16 03 46 20.68 115.87 18.08
2022 04 16 03 47 20.57 115.85 17.98
2022 04 16 03 48 20.46 115.83 17.87
2022 04 16 03 49 20.35 115.82 17.77
2022 04 16 03 50 20.24 115.80 17.67
2022 04 16 03 51 20.13 115.78 17.57
2022 04 16 03 52 20.02 115.76 17.47
2022 04 16 03 53 19.91 0.00 0.00
2022 04 16 03 54 19.80 0.00 0.00
2022 04 16 03 55 19.69 0.00 0.00
2022 04 16 03 56 19.58 0.00 0.00
2022 04 16 03 57 19.47 0.00 0.00
2022 04 16 03 58 19.36 0.00 0.00
2022 04 16 03 59 19.26 0.00 0.00
2022 04 16 04 00 19.15 0.00 0.00
2022 04 16 04 01 19.04 0.00 0.00
2022 04 16 04 02 18.93 0.00 0.00
2022 04 16 04 03 18.82 0.00 0.00
2022 04 16 04 04 18.71 0.00 0.00
2022 04 16 04 05 18.60 0.00 0.00
2022 04 16 04 06 18.49 0.00 0.00
2022 04 16 04 07 18.38 0.00 0.00
2022 04 16 04 08 18.28 0.00 0.00
2022 04 16 04 09 18.17 0.00 0.00
2022 04 16 04 10 18.06 0.00 0.00
2022 04 16 04 11 17.95 0.00 0.00
2022 04 16 04 12 17.84 0.00 0.00
2022 04 16 04 13 17.74 0.00 0.00
2022 04 16 04 14 17.63 0.00 0.00
2022 04 16 04 15 17.52 0.00 0.00
2022 04 16 04 16 17.41 0.00 0.00
2022 04 16 04 17 17.31 0.00 0.00
2022 04 16 04 18 17.20 0.00 0.00
2022 04 16 04 19 17.09 0.00 0.00
2022 04 16 04 20 16.99 0.00 0.00
2022 04 16 04 21 16.88 0.00 0.00
2022 04 16 04 22 16.77 0.00 0.00
2022 04 16 04 23 16.67 0.00 0.00
2022 04 16 04 24 16.56 0.00 0.00
2022 04 16 04 25 16.45 0.00 0.00
2022 04 16 04 26 16.35 0.00 0.00
2022 04 16 04 27 16.24 0.00 0.00
2022 04 16 04 28 16.14 0.00 0.00
2022 04 16 04 29 16.03 0.00 0.00
2022 04 16 04 30 15.92 0.00 0.00
2022 04 16 04 31 15.82 0.00 0.00
2022 04 16 04 32 15.71 0.00 0.00
2022 04 16 04 33 15.61 0.00 0.00
2022 04 16 04 34 15.50 0.00 0.00
2022 04 16 04 35 15.40 0.00 0.00
2022 04 16 04 36 15.29 0.00 0.00
2022 04 16 04 37 15.19 0.00 0.00
2022 04 16 04 38 15.09 0.00 0.00
2022 04 16 04 39 14.98 0.00 0.00
2022 04 16 04 40 14.88 0.00 0.00
2022 04 16 04 41 14.77 0.00 0.00
2022 04 16 04 42 14.67 0.00 0.00
2022 04 16 04 43 14.57 0.00 0.00
2022 04 16 04 44 14.46 0.00 0.00
2022 04 16 04 45 14.36 0.00 0.00
2022 04 16 04 46 14.26 0.00 0.00
2022 04 16 04 47 14.15 0.00 0.00
2022 04 16 04 48 14.05 0.00 0.00
2022 04 16 04 49 13.95 0.00 0.00
2022 04 16 04 50 13.85 0.00 0.00
2022 04 16 04 51 13.74 0.00 0.00
2022 04 16 04 52 13.64 0.00 0.00
2022 04 16 04 53 13.54 0.00 0.00
2022 04 16 04 54 13.44 0.00 0.00
2022 04 16 04 55 13.34 0.00 0.00
2022 04 16 04 56 13.24 0.00 0.00
2022 04 16 04 57 13.13 0.00 0.00
2022 04 16 04 58 13.03 0.00 0.00
2022 04 16 04 59 12.93 0.00 0.00
