17 27 28.68 64.16 639.54 0.53
17 28 28.79 64.34 640.77 0.53
17 29 28.90 64.52 642.00 0.53
17 30 29.01 64.70 643.23 0.53
17 31 29.13 64.88 644.46 0.53
17 32 29.24 65.07 645.68 0.52
17 33 29.35 65.25 646.91 0.52
17 34 29.46 65.43 648.14 0.52
17 35 29.57 65.61 649.36 0.52
17 36 29.68 65.79 650.59 0.52
17 37 29.80 65.97 651.81 0.51
17 38 29.91 66.16 653.04 0.51
17 39 30.02 66.34 654.24 0.51
17 40 30.13 66.52 655.34 0.51
17 41 30.24 66.70 656.44 0.51
17 42 30.35 66.88 657.54 0.50
17 43 30.46 67.07 658.63 0.50
17 44 30.58 67.25 659.73 0.50
17 45 30.69 67.43 660.83 0.50
17 46 30.80 67.62 661.93 0.50
17 47 30.91 67.80 663.02 0.49
17 48 31.02 67.98 664.09 0.49
17 49 31.13 68.17 665.07 0.49
17 50 31.24 68.35 666.04 0.49
17 51 31.35 68.53 667.01 0.49
17 52 31.46 68.72 667.98 0.48
17 53 31.57 68.90 668.95 0.48
17 54 31.68 69.08 669.92 0.48
17 55 31.79 69.27 670.89 0.48
17 56 31.90 69.45 671.85 0.48
17 57 32.01 69.64 672.83 0.47
17 58 32.12 69.82 673.92 0.47
17 59 32.23 70.00 675.00 0.47
18 00 32.34 70.19 676.09 0.47
18 01 32.45 70.37 677.17 0.47
18 02 32.56 70.55 678.25 0.46
18 03 32.67 70.74 679.33 0.46
18 04 32.78 70.92 680.41 0.46
18 05 32.89 71.11 681.49 0.46
18 06 33.00 71.29 682.57 0.46
18 07 33.11 71.47 683.41 0.45
18 08 33.22 71.66 684.25 0.45
18 09 33.33 71.84 685.08 0.45
18 10 33.43 72.02 685.92 0.45
18 11 33.54 72.21 686.75 0.45
18 12 33.65 72.39 687.58 0.44
18 13 33.76 72.57 688.41 0.44
18 14 33.87 72.76 689.24 0.44
18 15 33.98 72.94 690.07 0.44
18 16 34.08 73.12 690.99 0.44
18 17 34.19 73.31 691.94 0.43
18 18 34.30 73.49 692.88 0.43
18 19 34.41 73.67 693.83 0.43
18 20 34.51 73.86 694.77 0.43
18 21 34.62 74.04 695.71 0.43
18 22 34.73 74.22 696.65 0.42
18 23 34.83 74.40 697.59 0.42
18 24 34.94 74.59 698.52 0.42
18 25 35.05 74.77 699.41 0.42
18 26 35.15 74.95 700.23 0.42
18 27 35.26 75.13 701.04 0.41
18 28 35.37 75.31 701.86 0.41
18 29 35.47 75.49 702.67 0.41
18 30 35.58 75.68 703.48 0.41
18 31 35.68 75.86 704.29 0.41
18 32 35.79 76.04 705.10 0.41
18 33 35.89 76.22 705.91 0.40
18 34 36.00 76.40 706.72 0.40
18 35 36.10 76.58 707.41 0.40
18 36 36.21 76.76 708.10 0.40
18 37 36.31 76.94 708.79 0.40
18 38 36.42 77.12 709.47 0.39
18 39 36.52 77.30 710.16 0.39
18 40 36.63 77.48 710.84 0.39
18 41 36.73 77.66 711.53 0.39
18 42 36.83 77.84 712.21 0.39
18 43 36.94 78.02 712.89 0.38
18 44 37.04 78.19 713.61 0.38
18 45 37.14 78.37 714.40 0.38
18 46 37.25 78.55 715.19 0.38
18 47 37.35 78.73 715.98 0.38
18 48 37.45 78.91 716.76 0.38
18 49 37.55 79.08 717.55 0.37
18 50 37.65 79.26 718.33 0.37
18 51 37.76 79.44 719.11 0.37
18 52 37.86 79.61 719.89 0.37
18 53 37.96 79.79 720.67 0.37
18 54 38.06 79.97 721.38 0.36
18 55 38.16 80.14 722.04 0.36
18 56 38.26 80.32 722.71 0.36
18 57 38.36 80.49 723.37 0.36
18 58 38.46 80.67 724.03 0.36
18 59 38.56 80.84 724.68 0.36
19 00 38.66 81.02 725.34 0.35
19 01 38.76 81.19 725.99 0.35
19 02 38.86 81.36 726.65 0.35
19 03 38.96 81.54 727.30 0.35
19 04 39.06 81.71 727.88 0.35
19 05 39.15 81.88 728.42 0.35
19 06 39.25 82.06 728.96 0.34
19 07 39.35 82.23 729.50 0.34
19 08 39.45 82.40 730.03 0.34
19 09 39.55 82.57 730.57 0.34
19 10 39.64 82.74 731.10 0.34
19 11 39.74 82.91 731.63 0.34
19 12 39.84 83.08 732.16 0.33
19 13 39.93 83.25 732.69 0.33
19 14 40.03 83.42 733.25 0.33
19 15 40.12 83.59 733.88 0.33
19 16 40.22 83.76 734.51 0.33
19 17 40.31 83.93 735.13 0.33
19 18 40.41 84.10 735.76 0.32
19 19 40.50 84.27 736.38 0.32
19 20 40.60 84.44 737.00 0.32
19 21 40.69 84.60 737.62 0.32
19 22 40.79 84.77 738.23 0.32
19 23 40.88 84.94 738.85 0.32
19 24 40.97 85.11 739.46 0.31
19 25 41.06 85.27 740.00 0.31
19 26 41.16 85.44 740.51 0.31
19 27 41.25 85.60 741.01 0.31
19 28 41.34 85.77 741.52 0.31
19 29 41.43 85.93 742.02 0.31
19 30 41.52 86.10 742.52 0.30
19 31 41.61 86.26 743.02 0.30
19 32 41.70 86.42 743.51 0.30
19 33 41.80 86.59 744.01 0.30
19 34 41.88 86.75 744.50 0.30
19 35 41.97 86.91 744.99 0.30
19 36 42.06 87.07 745.48 0.30
19 37 42.15 87.23 745.97 0.29
19 38 42.24 87.40 746.45 0.29
19 39 42.33 87.56 746.94 0.29
19 40 42.42 87.72 747.42 0.29
19 41 42.50 87.88 747.90 0.29
19 42 42.59 88.04 748.37 0.29
19 43 42.68 88.19 748.85 0.29
19 44 42.76 88.35 749.32 0.28
19 45 42.85 88.51 749.80 0.28
19 46 42.94 88.67 750.26 0.28
19 47 43.02 88.83 750.73 0.28
19 48 43.11 88.98 751.20 0.28
19 49 43.19 89.14 751.66 0.28
19 50 43.27 89.30 752.12 0.28
19 51 43.36 89.45 752.58 0.27
19 52 43.44 89.61 753.04 0.27
19 53 43.52 89.76 753.49 0.27
19 54 43.61 89.92 753.95 0.27
19 55 43.69 90.07 754.40 0.27
19 56 43.77 90.22 754.84 0.27
19 57 43.85 90.38 755.29 0.27
19 58 43.93 90.53 755.73 0.26
19 59 44.01 90.68 756.16 0.26
20 00 44.09 90.83 756.51 0.26
20 01 44.17 90.98 756.86 0.26
20 02 44.25 91.13 757.21 0.26
20 03 44.33 91.29 757.56 0.26
20 04 44.41 91.44 757.90 0.26
20 05 44.49 91.58 758.24 0.25
20 06 44.56 91.73 758.58 0.25
20 07 44.64 91.88 758.92 0.25
20 08 44.72 92.03 759.26 0.25
20 09 44.79 92.18 759.59 0.25
20 10 44.87 92.33 759.93 0.25
20 11 44.95 92.47 760.26 0.25
20 12 45.02 92.62 760.61 0.25
20 13 45.09 92.76 761.02 0.24
20 14 45.17 92.91 761.42 0.24
20 15 45.24 93.05 761.82 0.24
20 16 45.32 93.20 762.23 0.24
20 17 45.39 93.34 762.62 0.24
20 18 45.46 93.49 763.02 0.24
20 19 45.53 93.63 763.41 0.24
20 20 45.60 93.77 763.80 0.24
20 21 45.67 93.91 764.19 0.23
20 22 45.74 94.06 764.58 0.23
20 23 45.81 94.20 764.96 0.23
20 24 45.88 94.34 765.34 0.23
20 25 45.95 94.48 765.72 0.23
20 26 46.02 94.62 766.07 0.23
20 27 46.09 94.76 766.37 0.23
20 28 46.15 94.89 766.66 0.23
20 29 46.22 95.03 766.96 0.23
20 30 46.29 95.17 767.25 0.22
20 31 46.35 95.31 767.53 0.22
20 32 46.42 95.45 767.82 0.22
20 33 46.48 95.58 768.11 0.22
20 34 46.55 95.72 768.39 0.22
20 35 46.61 95.85 768.67 0.22
20 36 46.67 95.99 768.94 0.22
20 37 46.74 96.12 769.22 0.22
20 38 46.80 96.26 769.49 0.22
20 39 46.86 96.39 769.76 0.21
20 40 46.92 96.52 770.03 0.21
20 41 46.98 96.65 770.30 0.21
20 42 47.04 96.79 770.56 0.21
20 43 47.10 96.92 770.82 0.21
20 44 47.16 97.05 771.08 0.21
20 45 47.22 97.18 771.34 0.21
20 46 47.28 97.31 771.59 0.21
20 47 47.33 97.44 771.84 0.21
20 48 47.39 97.57 772.09 0.21
20 49 47.45 97.70 772.34 0.20
20 50 47.50 97.82 772.58 0.20
20 51 47.56 97.95 772.82 0.20
20 52 47.61 98.08 773.06 0.20
20 53 47.67 98.21 773.30 0.20
20 54 47.72 98.33 773.53 0.20
20 55 47.77 98.46 773.76 0.20
20 56 47.82 98.58 773.99 0.20
20 57 47.88 98.71 774.22 0.20
20 58 47.93 98.83 774.44 0.20
20 59 47.98 98.95 774.66 0.19
21 00 48.03 99.08 774.88 0.19
21 01 48.08 99.20 775.10 0.19
21 02 48.12 99.32 775.31 0.19
21 03 48.17 99.44 775.52 0.19
21 04 48.22 99.56 775.73 0.19
21 05 48.27 99.68 775.93 0.19
21 06 48.31 99.80 776.14 0.19
21 07 48.36 99.92 776.34 0.19
21 08 48.40 100.04 776.53 0.19
21 09 48.45 100.16 776.73 0.19
21 10 48.49 100.28 776.92 0.18
21 11 48.53 100.40 777.11 0.18
21 12 48.58 100.51 777.30 0.18
21 13 48.62 100.63 777.48 0.18
21 14 48.66 100.75 777.66 0.18
21 15 48.70 100.86 777.84 0.18
21 16 48.74 100.98 778.01 0.18
21 17 48.78 101.09 778.19 0.18
21 18 48.82 101.20 778.36 0.18
21 19 48.86 101.32 778.52 0.18
21 20 48.89 101.43 778.69 0.18
21 21 48.93 101.54 778.85 0.18
21 22 48.97 101.66 779.01 0.17
21 23 49.00 101.77 779.16 0.17
21 24 49.04 101.88 779.28 0.17
21 25 49.07 101.99 779.39 0.17
21 26 49.11 102.10 779.50 0.17
21 27 49.14 102.21 779.61 0.17
21 28 49.17 102.32 779.72 0.17
21 29 49.20 102.43 779.82 0.17
21 30 49.23 102.53 779.92 0.17
21 31 49.26 102.64 780.02 0.17
21 32 49.29 102.75 780.12 0.17
21 33 49.32 102.85 780.21 0.17
21 34 49.35 102.96 780.31 0.17
21 35 49.38 103.07 780.40 0.16
21 36 49.41 103.17 780.49 0.16
21 37 49.43 103.27 780.57 0.16
21 38 49.46 103.38 780.66 0.16
21 39 49.48 103.48 780.74 0.16
21 40 49.51 103.59 780.82 0.16
21 41 49.53 103.69 780.90 0.16
21 42 49.55 103.79 780.97 0.16
21 43 49.58 103.89 781.05 0.16
21 44 49.60 103.99 781.12 0.16
21 45 49.62 104.09 781.19 0.16
21 46 49.64 104.19 781.25 0.16
21 47 49.66 104.29 781.32 0.16
21 48 49.68 104.39 781.38 0.16
21 49 49.69 104.49 781.44 0.15
21 50 49.71 104.59 781.50 0.15
21 51 49.73 104.69 781.55 0.15
21 52 49.75 104.78 781.61 0.15
21 53 49.76 104.88 781.66 0.15
21 54 49.78 104.97 781.70 0.15
21 55 49.79 105.07 781.75 0.15
21 56 49.80 105.17 781.79 0.15
21 57 49.82 105.26 781.84 0.15
21 58 49.83 105.35 781.88 0.15
21 59 49.84 105.45 781.91 0.15
22 00 49.85 105.54 781.95 0.15
22 01 49.86 105.63 781.98 0.15
22 02 49.87 105.73 782.01 0.15
22 03 49.88 105.82 782.04 0.15
22 04 49.88 105.91 782.06 0.15
22 05 49.89 106.00 782.09 0.14
22 06 49.90 106.09 782.11 0.14
22 07 49.90 106.18 782.13 0.14
22 08 49.91 106.27 782.14 0.14
22 09 49.91 106.36 782.16 0.14
22 10 49.92 106.45 782.17 0.14
22 11 49.92 106.53 782.18 0.14
22 12 49.92 106.62 782.18 0.14
22 13 49.92 106.71 782.19 0.14
22 14 49.92 106.79 782.19 0.14
22 15 49.92 106.88 782.19 0.14
22 16 49.92 106.96 782.19 0.14
22 17 49.92 107.05 782.18 0.14
22 18 49.92 107.13 782.18 0.14
22 19 49.92 107.22 782.17 0.14
22 20 49.91 107.30 782.16 0.14
22 21 49.91 107.38 782.14 0.14
22 22 49.90 107.47 782.13 0.14
22 23 49.90 107.55 782.11 0.13
22 24 49.89 107.63 782.09 0.13
22 25 49.88 107.71 782.06 0.13
22 26 49.88 107.79 782.04 0.13
22 27 49.87 107.87 782.01 0.13
22 28 49.86 107.95 781.98 0.13
22 29 49.85 108.03 781.95 0.13
22 30 49.84 108.11 781.92 0.13
22 31 49.83 108.19 781.88 0.13
22 32 49.82 108.27 781.84 0.13
22 33 49.80 108.34 781.80 0.13
22 34 49.79 108.42 781.75 0.13
22 35 49.78 108.50 781.71 0.13
22 36 49.76 108.57 781.66 0.13
22 37 49.75 108.65 781.61 0.13
22 38 49.73 108.72 781.56 0.13
22 39 49.71 108.80 781.50 0.13
22 40 49.70 108.87 781.45 0.13
22 41 49.68 108.95 781.39 0.13
22 42 49.66 109.02 781.32 0.13
22 43 49.64 109.09 781.26 0.13
22 44 49.62 109.17 781.19 0.13
22 45 49.60 109.24 781.12 0.12
22 46 49.58 109.31 781.05 0.12
22 47 49.56 109.38 780.98 0.12
22 48 49.53 109.45 780.91 0.12
22 49 49.51 109.52 780.83 0.12
22 50 49.48 109.59 780.75 0.12
22 51 49.46 109.66 780.67 0.12
22 52 49.43 109.73 780.58 0.12
22 53 49.41 109.80 780.50 0.12
22 54 49.38 109.87 780.41 0.12
22 55 49.35 109.93 780.32 0.12
22 56 49.33 110.00 780.22 0.12
22 57 49.30 110.07 780.13 0.12
22 58 49.27 110.13 780.03 0.12
22 59 49.24 110.20 779.93 0.12
23 00 49.21 110.27 779.83 0.12
23 01 49.17 110.33 779.73 0.12
23 02 49.14 110.40 779.62 0.12
23 03 49.11 110.46 779.51 0.12
23 04 49.08 110.52 779.40 0.12
23 05 49.04 110.59 779.29 0.12
23 06 49.01 110.65 779.17 0.12
23 07 48.97 110.71 779.03 0.12
23 08 48.94 110.77 778.87 0.12
23 09 48.90 110.84 778.71 0.12
23 10 48.86 110.90 778.54 0.11
23 11 48.82 110.96 778.37 0.11
23 12 48.78 111.02 778.20 0.11
23 13 48.74 111.08 778.03 0.11
23 14 48.70 111.14 777.86 0.11
23 15 48.66 111.20 777.68 0.11
23 16 48.62 111.26 777.50 0.11
23 17 48.58 111.31 777.31 0.11
23 18 48.54 111.37 777.13 0.11
23 19 48.50 111.43 776.94 0.11
23 20 48.45 111.49 776.75 0.11
23 21 48.41 111.54 776.55 0.11
23 22 48.36 111.60 776.36 0.11
23 23 48.32 111.66 776.16 0.11
23 24 48.27 111.71 775.95 0.11
23 25 48.22 111.77 775.75 0.11
23 26 48.18 111.82 775.54 0.11
23 27 48.13 111.88 775.33 0.11
23 28 48.08 111.93 775.12 0.11
23 29 48.03 111.98 774.90 0.11
23 30 47.98 112.04 774.68 0.11
23 31 47.93 112.09 774.46 0.11
23 32 47.88 112.14 774.24 0.11
23 33 47.83 112.19 774.01 0.11
23 34 47.78 112.25 773.78 0.11
23 35 47.72 112.30 773.55 0.11
23 36 47.67 112.35 773.32 0.11
23 37 47.62 112.40 773.08 0.11
23 38 47.56 112.45 772.84 0.11
23 39 47.51 112.50 772.60 0.11
23 40 47.45 112.55 772.36 0.11
23 41 47.40 112.60 772.11 0.11
23 42 47.34 112.65 771.86 0.11
23 43 47.28 112.69 771.61 0.10
23 44 47.22 112.74 771.36 0.10
23 45 47.17 112.79 771.10 0.10
23 46 47.11 112.84 770.85 0.10
23 47 47.05 112.88 770.59 0.10
23 48 46.99 112.93 770.32 0.10
23 49 46.93 112.98 770.06 0.10
23 50 46.87 113.02 769.79 0.10
23 51 46.81 113.07 769.52 0.10
23 52 46.74 113.11 769.25 0.10
23 53 46.68 113.16 768.97 0.10
23 54 46.62 113.20 768.69 0.10
23 55 46.55 113.25 768.41 0.10
23 56 46.49 113.29 768.13 0.10
23 57 46.43 113.33 767.85 0.10
23 58 46.36 113.37 767.56 0.10
23 59 46.29 113.42 767.27 0.10
00 00 46.23 113.46 766.98 0.10
00 01 46.16 113.50 766.69 0.10
00 02 46.09 113.54 766.40 0.10
00 03 46.03 113.58 766.10 0.10
00 04 45.96 113.62 765.75 0.10
00 05 45.89 113.67 765.38 0.10
00 06 45.82 113.71 765.00 0.10
00 07 45.75 113.75 764.61 0.10
00 08 45.68 113.78 764.23 0.10
00 09 45.61 113.82 763.84 0.10
00 10 45.54 113.86 763.45 0.10
00 11 45.47 113.90 763.06 0.10
00 12 45.39 113.94 762.66 0.10
00 13 45.32 113.98 762.26 0.10
00 14 45.25 114.01 761.86 0.10
00 15 45.18 114.05 761.46 0.10
00 16 45.10 114.09 761.06 0.10
00 17 45.03 114.12 760.65 0.10
00 18 44.95 114.16 760.29 0.10
00 19 44.88 114.20 759.96 0.10
00 20 44.80 114.23 759.63 0.10
00 21 44.73 114.27 759.29 0.10
00 22 44.65 114.30 758.95 0.10
00 23 44.57 114.34 758.62 0.10
00 24 44.49 114.37 758.28 0.10
00 25 44.42 114.41 757.93 0.10
00 26 44.34 114.44 757.59 0.10
00 27 44.26 114.47 757.24 0.10
00 28 44.18 114.51 756.90 0.10
00 29 44.10 114.54 756.55 0.10
00 30 44.02 114.57 756.20 0.10
00 31 43.94 114.60 755.78 0.09
00 32 43.86 114.63 755.33 0.09
00 33 43.78 114.67 754.89 0.09
00 34 43.70 114.70 754.44 0.09
00 35 43.61 114.73 753.99 0.09
00 36 43.53 114.76 753.54 0.09
00 37 43.45 114.79 753.08 0.09
00 38 43.37 114.82 752.63 0.09
00 39 43.28 114.85 752.17 0.09
00 40 43.20 114.88 751.71 0.09
00 41 43.11 114.91 751.24 0.09
00 42 43.03 114.94 750.78 0.09
00 43 42.94 114.96 750.31 0.09
00 44 42.86 114.99 749.84 0.09
00 45 42.77 115.02 749.37 0.09
00 46 42.69 115.05 748.90 0.09
00 47 42.60 115.08 748.42 0.09
00 48 42.51 115.10 747.94 0.09
00 49 42.43 115.13 747.46 0.09
00 50 42.34 115.16 746.98 0.09
00 51 42.25 115.18 746.50 0.09
00 52 42.16 115.21 746.02 0.09
00 53 42.07 115.24 745.53 0.09
00 54 41.98 115.26 745.04 0.09
00 55 41.89 115.29 744.55 0.09
00 56 41.80 115.31 744.06 0.09
00 57 41.71 115.34 743.56 0.09
00 58 41.62 115.36 743.07 0.09
00 59 41.53 115.38 742.57 0.09
01 00 41.44 115.41 742.07 0.09
01 01 41.35 115.43 741.57 0.09
01 02 41.26 115.45 741.06 0.09
01 03 41.17 115.48 740.56 0.09
01 04 41.07 115.50 740.05 0.09
01 05 40.98 115.52 739.52 0.09
01 06 40.89 115.55 738.91 0.09
01 07 40.79 115.57 738.29 0.09
01 08 40.70 115.59 737.68 0.09
01 09 40.61 115.61 737.06 0.09
01 10 40.51 115.63 736.44 0.09
01 11 40.42 115.65 735.82 0.09
01 12 40.32 115.67 735.19 0.09
01 13 40.23 115.69 734.57 0.09
01 14 40.13 115.71 733.94 0.09
01 15 40.04 115.73 733.31 0.09
01 16 39.94 115.75 732.74 0.09
01 17 39.85 115.77 732.21 0.09
01 18 39.75 115.79 731.68 0.09
01 19 39.65 115.81 731.15 0.09
01 20 39.56 115.83 730.62 0.09
01 21 39.46 115.85 730.09 0.09
01 22 39.36 115.87 729.55 0.09
01 23 39.26 115.89 729.01 0.09
01 24 39.16 115.90 728.48 0.09
01 25 39.07 115.92 727.94 0.09
01 26 38.97 115.94 727.36 0.09
01 27 38.87 115.96 726.71 0.09
01 28 38.77 115.97 726.06 0.09
01 29 38.67 115.99 725.40 0.09
01 30 38.57 116.01 724.75 0.09
01 31 38.47 116.02 724.09 0.09
01 32 38.37 116.04 723.43 0.09
01 33 38.27 116.05 722.77 0.09
01 34 38.17 116.07 722.11 0.09
01 35 38.07 116.08 721.45 0.09
01 36 37.97 116.10 720.75 0.09
01 37 37.87 116.11 719.97 0.09
01 38 37.77 116.13 719.19 0.09
01 39 37.66 116.14 718.41 0.09
01 40 37.56 116.16 717.63 0.09
01 41 37.46 116.17 716.84 0.09
01 42 37.36 116.18 716.06 0.09
01 43 37.26 116.20 715.27 0.09
01 44 37.15 116.21 714.48 0.09
01 45 37.05 116.22 713.69 0.09
01 46 36.95 116.24 712.95 0.09
01 47 36.84 116.25 712.27 0.09
01 48 36.74 116.26 711.59 0.09
01 49 36.64 116.27 710.91 0.09
01 50 36.53 116.29 710.23 0.09
01 51 36.43 116.30 709.54 0.09
01 52 36.32 116.31 708.85 0.09
01 53 36.22 116.32 708.17 0.09
01 54 36.11 116.33 707.48 0.09
01 55 36.01 116.34 706.79 0.09
01 56 35.90 116.35 705.99 0.09
01 57 35.80 116.36 705.18 0.09
01 58 35.69 116.37 704.37 0.09
01 59 35.59 116.38 703.56 0.09
02 00 35.48 116.39 702.75 0.09
02 01 35.38 116.40 701.94 0.09
02 02 35.27 116.41 701.12 0.09
02 03 35.16 116.42 700.31 0.09
02 04 35.06 116.43 699.49 0.09
02 05 34.95 116.44 698.62 0.09
02 06 34.84 116.45 697.68 0.09
02 07 34.74 116.45 696.74 0.09
02 08 34.63 116.46 695.80 0.09
02 09 34.52 116.47 694.86 0.09
02 10 34.42 116.48 693.92 0.09
02 11 34.31 116.49 692.98 0.09
02 12 34.20 116.49 692.03 0.09
02 13 34.09 116.50 691.09 0.09
02 14 33.99 116.51 690.16 0.09
02 15 33.88 116.51 689.33 0.09
02 16 33.77 116.52 688.50 0.09
02 17 33.66 116.53 687.66 0.09
02 18 33.55 116.53 686.83 0.09
02 19 33.44 116.54 686.00 0.09
02 20 33.34 116.54 685.16 0.09
02 21 33.23 116.55 684.33 0.09
02 22 33.12 116.55 683.49 0.09
02 23 33.01 116.56 682.65 0.09
02 24 32.90 116.56 681.60 0.09
02 25 32.79 116.57 680.52 0.09
02 26 32.68 116.57 679.44 0.09
02 27 32.57 116.58 678.36 0.09
02 28 32.46 116.58 677.28 0.09
02 29 32.35 116.58 676.19 0.09
02 30 32.24 116.59 675.11 0.09
02 31 32.13 116.59 674.03 0.09
02 32 32.02 116.59 672.94 0.09
02 33 31.91 116.60 671.95 0.09
02 34 31.80 116.60 670.98 0.09
02 35 31.69 116.60 670.01 0.09
02 36 31.58 116.61 669.04 0.09
02 37 31.47 116.61 668.07 0.09
02 38 31.36 116.61 667.10 0.08
02 39 31.25 116.61 666.13 0.08
02 40 31.14 116.61 665.16 0.08
02 41 31.03 116.62 664.19 0.08
02 42 30.92 116.62 663.13 0.08
02 43 30.81 116.62 662.03 0.08
02 44 30.70 116.62 660.94 0.08
02 45 30.59 116.62 659.84 0.08
02 46 30.48 116.62 658.74 0.08
02 47 30.36 116.62 657.64 0.08
02 48 30.25 116.62 656.54 0.08
02 49 30.14 116.62 655.45 0.08
02 50 30.03 116.62 654.34 0.08
02 51 29.92 116.62 653.15 0.08
02 52 29.81 116.62 651.93 0.08
02 53 29.70 116.62 650.71 0.08
02 54 29.58 116.62 649.48 0.08
02 55 29.47 116.61 648.26 0.08
02 56 29.36 116.61 647.03 0.08
02 57 29.25 116.61 645.80 0.08
02 58 29.14 116.61 644.58 0.09
02 59 29.02 116.61 643.35 0.09
03 00 28.91 116.61 642.12 0.09
03 01 28.80 116.60 640.89 0.09
03 02 28.69 116.60 639.66 0.09
03 03 28.58 116.60 638.43 0.09
03 04 28.46 116.59 637.20 0.09
03 05 28.35 116.59 635.97 0.09
03 06 28.24 116.59 634.74 0.09
03 07 28.13 116.58 633.51 0.09
03 08 28.02 116.58 632.28 0.09
03 09 27.90 116.58 630.94 0.09
03 10 27.79 116.57 629.59 0.09
03 11 27.68 116.57 628.23 0.09
03 12 27.57 116.56 626.88 0.09
03 13 27.45 116.56 625.52 0.09
03 14 27.34 116.55 624.16 0.09
03 15 27.23 116.55 622.81 0.09
03 16 27.12 116.54 621.45 0.09
03 17 27.01 116.54 620.09 0.09
03 18 26.89 116.53 618.74 0.09
03 19 26.78 116.52 617.38 0.09
03 20 26.67 116.52 616.02 0.09
03 21 26.56 116.51 614.67 0.09
03 22 26.44 116.50 613.31 0.09
03 23 26.33 116.50 611.95 0.09
03 24 26.22 116.49 610.59 0.09
03 25 26.11 116.48 609.24 0.09
03 26 25.99 116.48 607.87 0.09
03 27 25.88 116.47 606.39 0.09
03 28 25.77 116.46 604.91 0.09
03 29 25.66 116.45 603.43 0.09
03 30 25.54 116.44 601.95 0.09
03 31 25.43 116.43 600.47 0.09
03 32 25.32 116.43 598.99 0.09
03 33 25.21 116.42 597.51 0.09
03 34 25.09 116.41 596.03 0.09
03 35 24.98 116.40 594.53 0.09
03 36 24.87 116.39 592.93 0.09
03 37 24.76 116.38 591.33 0.09
03 38 24.64 116.37 589.72 0.09
03 39 24.53 116.36 588.12 0.09
03 40 24.42 116.35 586.52 0.09
03 41 24.31 116.34 584.92 0.09
03 42 24.20 116.33 583.32 0.09
03 43 24.08 116.32 581.72 0.09
03 44 23.97 116.30 580.09 0.09
03 45 23.86 116.29 578.37 0.09
03 46 23.75 116.28 576.65 0.09
03 47 23.64 116.27 574.93 0.09
03 48 23.52 116.26 573.20 0.09
03 49 23.41 116.24 571.49 0.09
03 50 23.30 116.23 569.77 0.09
03 51 23.19 116.22 568.05 0.09
03 52 23.08 116.21 566.33 0.09
03 53 22.96 116.19 564.61 0.09
03 54 22.85 116.18 562.90 0.09
03 55 22.74 116.17 561.18 0.09
03 56 22.63 116.15 559.47 0.09
03 57 22.52 116.14 557.75 0.09
03 58 22.41 116.12 556.04 0.09
03 59 22.29 116.11 554.33 0.09
04 00 22.18 116.09 552.62 0.09
04 01 22.07 116.08 550.91 0.09
04 02 21.96 116.06 549.11 0.09
04 03 21.85 116.05 547.16 0.09
04 04 21.74 116.03 545.21 0.09
04 05 21.63 116.02 543.26 0.09
04 06 21.52 116.00 541.31 0.09
04 07 21.41 115.98 539.36 0.09
04 08 21.29 115.97 537.41 0.09
04 09 21.18 115.95 535.47 0.09
04 10 21.07 115.93 533.52 0.09
04 11 20.96 115.92 531.58 0.09
04 12 20.85 115.90 529.64 0.09
04 13 20.74 115.88 527.70 0.09
04 14 20.63 115.86 525.76 0.09
04 15 20.52 115.84 523.82 0.09
04 16 20.41 115.82 521.89 0.09
04 17 20.30 115.81 519.95 0.09
04 18 20.19 115.79 518.02 0.09
04 19 20.08 115.77 516.09 0.09
04 20 19.97 115.75 514.10 0.09
04 21 19.86 115.73 511.93 0.09
04 22 19.75 115.71 509.76 0.09
04 23 19.64 115.69 507.59 0.09
04 24 19.53 115.67 505.43 0.09
