17 14 34.18 73.29 691.85 0.43
17 15 34.29 73.47 692.80 0.43
17 16 34.40 73.66 693.74 0.43
17 17 34.50 73.84 694.68 0.43
17 18 34.61 74.02 695.62 0.43
17 19 34.72 74.20 696.56 0.42
17 20 34.82 74.39 697.50 0.42
17 21 34.93 74.57 698.44 0.42
17 22 35.04 74.75 699.33 0.42
17 23 35.14 74.93 700.15 0.42
17 24 35.25 75.11 700.96 0.41
17 25 35.36 75.30 701.78 0.41
17 26 35.46 75.48 702.59 0.41
17 27 35.57 75.66 703.41 0.41
17 28 35.67 75.84 704.22 0.41
17 29 35.78 76.02 705.03 0.41
17 30 35.88 76.20 705.83 0.40
17 31 35.99 76.38 706.64 0.40
17 32 36.09 76.56 707.34 0.40
17 33 36.20 76.74 708.03 0.40
17 34 36.30 76.92 708.72 0.40
17 35 36.41 77.10 709.41 0.39
17 36 36.51 77.28 710.09 0.39
17 37 36.62 77.46 710.78 0.39
17 38 36.72 77.64 711.46 0.39
17 39 36.82 77.82 712.14 0.39
17 40 36.93 78.00 712.82 0.38
17 41 37.03 78.18 713.54 0.38
17 42 37.13 78.36 714.33 0.38
17 43 37.24 78.53 715.12 0.38
17 44 37.34 78.71 715.90 0.38
17 45 37.44 78.89 716.69 0.38
17 46 37.54 79.07 717.47 0.37
17 47 37.64 79.24 718.26 0.37
17 48 37.75 79.42 719.04 0.37
17 49 37.85 79.60 719.82 0.37
17 50 37.95 79.77 720.60 0.37
17 51 38.05 79.95 721.32 0.36
17 52 38.15 80.13 721.98 0.36
17 53 38.25 80.30 722.64 0.36
17 54 38.35 80.48 723.30 0.36
17 55 38.45 80.65 723.96 0.36
17 56 38.55 80.83 724.62 0.36
17 57 38.65 81.00 725.28 0.35
17 58 38.75 81.17 725.93 0.35
17 59 38.85 81.35 726.58 0.35
18 00 38.95 81.52 727.23 0.35
18 01 39.05 81.70 727.83 0.35
18 02 39.15 81.87 728.37 0.35
18 03 39.24 82.04 728.91 0.34
18 04 39.34 82.21 729.45 0.34
18 05 39.44 82.38 729.98 0.34
18 06 39.54 82.56 730.52 0.34
18 07 39.63 82.73 731.05 0.34
18 08 39.73 82.90 731.58 0.34
18 09 39.83 83.07 732.11 0.33
18 10 39.92 83.24 732.64 0.33
18 11 40.02 83.41 733.19 0.33
18 12 40.11 83.58 733.82 0.33
18 13 40.21 83.75 734.44 0.33
18 14 40.31 83.92 735.07 0.33
18 15 40.40 84.09 735.70 0.32
18 16 40.49 84.25 736.32 0.32
18 17 40.59 84.42 736.94 0.32
18 18 40.68 84.59 737.56 0.32
18 19 40.78 84.76 738.17 0.32
18 20 40.87 84.92 738.79 0.32
18 21 40.96 85.09 739.40 0.31
18 22 41.06 85.26 739.95 0.31
18 23 41.15 85.42 740.46 0.31
18 24 41.24 85.59 740.96 0.31
18 25 41.33 85.75 741.47 0.31
18 26 41.42 85.92 741.97 0.31
18 27 41.51 86.08 742.47 0.30
18 28 41.61 86.24 742.97 0.30
18 29 41.70 86.41 743.46 0.30
18 30 41.79 86.57 743.96 0.30
18 31 41.88 86.73 744.45 0.30
18 32 41.97 86.90 744.94 0.30
18 33 42.05 87.06 745.43 0.30
18 34 42.14 87.22 745.92 0.29
18 35 42.23 87.38 746.40 0.29
18 36 42.32 87.54 746.89 0.29
18 37 42.41 87.70 747.37 0.29
18 38 42.50 87.86 747.85 0.29
18 39 42.58 88.02 748.33 0.29
18 40 42.67 88.18 748.80 0.29
18 41 42.76 88.34 749.28 0.28
18 42 42.84 88.50 749.75 0.28
18 43 42.93 88.65 750.22 0.28
18 44 43.01 88.81 750.69 0.28
18 45 43.10 88.97 751.15 0.28
18 46 43.18 89.13 751.61 0.28
18 47 43.27 89.28 752.08 0.28
18 48 43.35 89.44 752.53 0.27
18 49 43.43 89.59 752.99 0.27
18 50 43.52 89.75 753.45 0.27
18 51 43.60 89.90 753.90 0.27
18 52 43.68 90.06 754.35 0.27
18 53 43.76 90.21 754.80 0.27
18 54 43.84 90.36 755.25 0.27
18 55 43.92 90.51 755.69 0.26
18 56 44.00 90.67 756.13 0.26
18 57 44.08 90.82 756.48 0.26
18 58 44.16 90.97 756.83 0.26
18 59 44.24 91.12 757.18 0.26
19 00 44.32 91.27 757.52 0.26
19 01 44.40 91.42 757.87 0.26
19 02 44.48 91.57 758.21 0.25
19 03 44.56 91.72 758.55 0.25
19 04 44.63 91.87 758.89 0.25
19 05 44.71 92.02 759.22 0.25
19 06 44.79 92.16 759.56 0.25
19 07 44.86 92.31 759.89 0.25
19 08 44.94 92.46 760.22 0.25
19 09 45.01 92.60 760.56 0.25
19 10 45.09 92.75 760.97 0.24
19 11 45.16 92.90 761.38 0.24
19 12 45.23 93.04 761.78 0.24
19 13 45.31 93.19 762.18 0.24
19 14 45.38 93.33 762.58 0.24
19 15 45.45 93.47 762.98 0.24
19 16 45.52 93.62 763.37 0.24
19 17 45.60 93.76 763.76 0.24
19 18 45.67 93.90 764.15 0.24
19 19 45.74 94.04 764.54 0.23
19 20 45.81 94.18 764.92 0.23
19 21 45.88 94.32 765.30 0.23
19 22 45.94 94.46 765.68 0.23
19 23 46.01 94.60 766.04 0.23
19 24 46.08 94.74 766.34 0.23
19 25 46.15 94.88 766.63 0.23
19 26 46.21 95.02 766.92 0.23
19 27 46.28 95.16 767.22 0.22
19 28 46.35 95.30 767.50 0.22
19 29 46.41 95.43 767.79 0.22
19 30 46.48 95.57 768.07 0.22
19 31 46.54 95.70 768.36 0.22
19 32 46.60 95.84 768.64 0.22
19 33 46.67 95.97 768.91 0.22
19 34 46.73 96.11 769.19 0.22
19 35 46.79 96.24 769.46 0.22
19 36 46.85 96.38 769.73 0.21
19 37 46.92 96.51 770.00 0.21
19 38 46.98 96.64 770.27 0.21
19 39 47.04 96.77 770.53 0.21
19 40 47.10 96.91 770.79 0.21
19 41 47.15 97.04 771.05 0.21
19 42 47.21 97.17 771.31 0.21
19 43 47.27 97.30 771.56 0.21
19 44 47.33 97.43 771.81 0.21
19 45 47.38 97.56 772.06 0.21
19 46 47.44 97.68 772.31 0.20
19 47 47.50 97.81 772.55 0.20
19 48 47.55 97.94 772.79 0.20
19 49 47.61 98.07 773.03 0.20
19 50 47.66 98.19 773.27 0.20
19 51 47.71 98.32 773.50 0.20
19 52 47.77 98.44 773.73 0.20
19 53 47.82 98.57 773.96 0.20
19 54 47.87 98.69 774.19 0.20
19 55 47.92 98.82 774.41 0.20
19 56 47.97 98.94 774.64 0.19
19 57 48.02 99.06 774.85 0.19
19 58 48.07 99.19 775.07 0.19
19 59 48.12 99.31 775.28 0.19
20 00 48.17 99.43 775.50 0.19
20 01 48.21 99.55 775.70 0.19
20 02 48.26 99.67 775.91 0.19
20 03 48.31 99.79 776.11 0.19
20 04 48.35 99.91 776.31 0.19
20 05 48.40 100.03 776.51 0.19
20 06 48.44 100.15 776.70 0.19
20 07 48.49 100.27 776.90 0.18
20 08 48.53 100.39 777.09 0.18
20 09 48.57 100.50 777.27 0.18
20 10 48.61 100.62 777.46 0.18
20 11 48.66 100.73 777.64 0.18
20 12 48.70 100.85 777.82 0.18
20 13 48.74 100.97 777.99 0.18
20 14 48.78 101.08 778.17 0.18
20 15 48.81 101.19 778.34 0.18
20 16 48.85 101.31 778.50 0.18
20 17 48.89 101.42 778.67 0.18
20 18 48.93 101.53 778.83 0.18
20 19 48.96 101.64 778.99 0.17
20 20 49.00 101.76 779.15 0.17
20 21 49.03 101.87 779.26 0.17
20 22 49.07 101.98 779.38 0.17
20 23 49.10 102.09 779.49 0.17
20 24 49.13 102.20 779.59 0.17
20 25 49.17 102.31 779.70 0.17
20 26 49.20 102.41 779.81 0.17
20 27 49.23 102.52 779.91 0.17
20 28 49.26 102.63 780.01 0.17
20 29 49.29 102.74 780.11 0.17
20 30 49.32 102.84 780.20 0.17
20 31 49.35 102.95 780.29 0.17
20 32 49.37 103.06 780.39 0.16
20 33 49.40 103.16 780.47 0.16
20 34 49.43 103.26 780.56 0.16
20 35 49.45 103.37 780.65 0.16
20 36 49.48 103.47 780.73 0.16
20 37 49.50 103.58 780.81 0.16
20 38 49.53 103.68 780.89 0.16
20 39 49.55 103.78 780.96 0.16
20 40 49.57 103.88 781.04 0.16
20 41 49.59 103.98 781.11 0.16
20 42 49.61 104.08 781.18 0.16
20 43 49.64 104.18 781.24 0.16
20 44 49.65 104.28 781.31 0.16
20 45 49.67 104.38 781.37 0.16
20 46 49.69 104.48 781.43 0.15
20 47 49.71 104.58 781.49 0.15
20 48 49.73 104.68 781.54 0.15
20 49 49.74 104.77 781.60 0.15
20 50 49.76 104.87 781.65 0.15
20 51 49.77 104.97 781.70 0.15
20 52 49.79 105.06 781.74 0.15
20 53 49.80 105.16 781.79 0.15
20 54 49.81 105.25 781.83 0.15
20 55 49.82 105.34 781.87 0.15
20 56 49.84 105.44 781.90 0.15
20 57 49.85 105.53 781.94 0.15
20 58 49.86 105.62 781.97 0.15
20 59 49.87 105.72 782.00 0.15
21 00 49.87 105.81 782.03 0.15
21 01 49.88 105.90 782.06 0.15
21 02 49.89 105.99 782.08 0.14
21 03 49.90 106.08 782.10 0.14
21 04 49.90 106.17 782.12 0.14
21 05 49.91 106.26 782.14 0.14
21 06 49.91 106.35 782.15 0.14
21 07 49.91 106.44 782.16 0.14
21 08 49.92 106.52 782.17 0.14
21 09 49.92 106.61 782.18 0.14
21 10 49.92 106.70 782.18 0.14
21 11 49.92 106.78 782.19 0.14
21 12 49.92 106.87 782.19 0.14
21 13 49.92 106.96 782.18 0.14
21 14 49.92 107.04 782.18 0.14
21 15 49.92 107.13 782.17 0.14
21 16 49.92 107.21 782.16 0.14
21 17 49.91 107.29 782.15 0.14
21 18 49.91 107.38 782.14 0.14
21 19 49.90 107.46 782.12 0.14
21 20 49.90 107.54 782.11 0.13
21 21 49.89 107.62 782.09 0.13
21 22 49.88 107.70 782.06 0.13
21 23 49.88 107.78 782.04 0.13
21 24 49.87 107.86 782.01 0.13
21 25 49.86 107.94 781.98 0.13
21 26 49.85 108.02 781.95 0.13
21 27 49.84 108.10 781.91 0.13
21 28 49.83 108.18 781.88 0.13
21 29 49.82 108.26 781.84 0.13
21 30 49.80 108.34 781.80 0.13
21 31 49.79 108.41 781.75 0.13
21 32 49.78 108.49 781.71 0.13
21 33 49.76 108.57 781.66 0.13
21 34 49.75 108.64 781.61 0.13
21 35 49.73 108.72 781.56 0.13
21 36 49.71 108.79 781.50 0.13
21 37 49.70 108.87 781.45 0.13
21 38 49.68 108.94 781.39 0.13
21 39 49.66 109.01 781.32 0.13
21 40 49.64 109.09 781.26 0.13
21 41 49.62 109.16 781.19 0.13
21 42 49.60 109.23 781.13 0.12
21 43 49.58 109.30 781.06 0.12
21 44 49.56 109.37 780.98 0.12
21 45 49.53 109.44 780.91 0.12
21 46 49.51 109.52 780.83 0.12
21 47 49.49 109.58 780.75 0.12
21 48 49.46 109.65 780.67 0.12
21 49 49.44 109.72 780.59 0.12
21 50 49.41 109.79 780.50 0.12
21 51 49.38 109.86 780.41 0.12
21 52 49.35 109.93 780.32 0.12
21 53 49.33 109.99 780.23 0.12
21 54 49.30 110.06 780.13 0.12
21 55 49.27 110.13 780.03 0.12
21 56 49.24 110.19 779.94 0.12
21 57 49.21 110.26 779.83 0.12
21 58 49.18 110.32 779.73 0.12
21 59 49.14 110.39 779.62 0.12
22 00 49.11 110.45 779.52 0.12
22 01 49.08 110.52 779.41 0.12
22 02 49.04 110.58 779.29 0.12
22 03 49.01 110.64 779.18 0.12
22 04 48.97 110.71 779.03 0.12
22 05 48.94 110.77 778.87 0.12
22 06 48.90 110.83 778.71 0.12
22 07 48.86 110.89 778.55 0.11
22 08 48.82 110.95 778.38 0.11
22 09 48.79 111.01 778.21 0.11
22 10 48.75 111.07 778.04 0.11
22 11 48.71 111.13 777.87 0.11
22 12 48.67 111.19 777.69 0.11
22 13 48.63 111.25 777.51 0.11
22 14 48.58 111.31 777.32 0.11
22 15 48.54 111.37 777.14 0.11
22 16 48.50 111.42 776.95 0.11
22 17 48.45 111.48 776.76 0.11
22 18 48.41 111.54 776.56 0.11
22 19 48.37 111.59 776.37 0.11
22 20 48.32 111.65 776.17 0.11
22 21 48.27 111.71 775.97 0.11
22 22 48.23 111.76 775.76 0.11
22 23 48.18 111.82 775.55 0.11
22 24 48.13 111.87 775.34 0.11
22 25 48.08 111.92 775.13 0.11
22 26 48.03 111.98 774.91 0.11
22 27 47.99 112.03 774.70 0.11
22 28 47.93 112.08 774.48 0.11
22 29 47.88 112.14 774.25 0.11
22 30 47.83 112.19 774.03 0.11
22 31 47.78 112.24 773.80 0.11
22 32 47.73 112.29 773.57 0.11
22 33 47.67 112.34 773.33 0.11
22 34 47.62 112.39 773.10 0.11
22 35 47.57 112.44 772.86 0.11
22 36 47.51 112.49 772.62 0.11
22 37 47.46 112.54 772.38 0.11
22 38 47.40 112.59 772.13 0.11
22 39 47.34 112.64 771.88 0.11
22 40 47.29 112.69 771.63 0.10
22 41 47.23 112.74 771.38 0.10
22 42 47.17 112.78 771.12 0.10
22 43 47.11 112.83 770.86 0.10
22 44 47.05 112.88 770.60 0.10
22 45 46.99 112.93 770.34 0.10
22 46 46.93 112.97 770.08 0.10
22 47 46.87 113.02 769.81 0.10
22 48 46.81 113.06 769.54 0.10
22 49 46.75 113.11 769.27 0.10
22 50 46.69 113.15 768.99 0.10
22 51 46.62 113.20 768.71 0.10
22 52 46.56 113.24 768.43 0.10
22 53 46.49 113.28 768.15 0.10
22 54 46.43 113.33 767.87 0.10
22 55 46.36 113.37 767.58 0.10
22 56 46.30 113.41 767.30 0.10
22 57 46.23 113.45 767.00 0.10
22 58 46.17 113.50 766.71 0.10
22 59 46.10 113.54 766.42 0.10
23 00 46.03 113.58 766.12 0.10
23 01 45.96 113.62 765.78 0.10
23 02 45.89 113.66 765.40 0.10
23 03 45.83 113.70 765.02 0.10
23 04 45.76 113.74 764.64 0.10
23 05 45.69 113.78 764.26 0.10
23 06 45.61 113.82 763.87 0.10
23 07 45.54 113.86 763.48 0.10
23 08 45.47 113.90 763.09 0.10
23 09 45.40 113.93 762.69 0.10
23 10 45.33 113.97 762.29 0.10
23 11 45.25 114.01 761.89 0.10
23 12 45.18 114.05 761.49 0.10
23 13 45.11 114.08 761.09 0.10
23 14 45.03 114.12 760.68 0.10
23 15 44.96 114.16 760.31 0.10
23 16 44.88 114.19 759.98 0.10
23 17 44.81 114.23 759.65 0.10
23 18 44.73 114.26 759.32 0.10
23 19 44.65 114.30 758.98 0.10
23 20 44.58 114.33 758.64 0.10
23 21 44.50 114.37 758.30 0.10
23 22 44.42 114.40 757.96 0.10
23 23 44.34 114.44 757.62 0.10
23 24 44.27 114.47 757.27 0.10
23 25 44.19 114.50 756.92 0.10
23 26 44.11 114.53 756.57 0.10
23 27 44.03 114.57 756.22 0.10
23 28 43.95 114.60 755.81 0.09
23 29 43.87 114.63 755.37 0.09
23 30 43.78 114.66 754.92 0.09
23 31 43.70 114.69 754.47 0.09
23 32 43.62 114.72 754.02 0.09
23 33 43.54 114.76 753.57 0.09
23 34 43.46 114.79 753.12 0.09
23 35 43.37 114.82 752.66 0.09
23 36 43.29 114.85 752.20 0.09
23 37 43.20 114.87 751.74 0.09
23 38 43.12 114.90 751.28 0.09
23 39 43.04 114.93 750.81 0.09
23 40 42.95 114.96 750.35 0.09
23 41 42.86 114.99 749.88 0.09
23 42 42.78 115.02 749.41 0.09
23 43 42.69 115.05 748.93 0.09
23 44 42.61 115.07 748.46 0.09
23 45 42.52 115.10 747.98 0.09
23 46 42.43 115.13 747.50 0.09
23 47 42.34 115.15 747.02 0.09
23 48 42.26 115.18 746.54 0.09
23 49 42.17 115.21 746.05 0.09
23 50 42.08 115.23 745.57 0.09
23 51 41.99 115.26 745.08 0.09
23 52 41.90 115.28 744.59 0.09
23 53 41.81 115.31 744.10 0.09
23 54 41.72 115.33 743.60 0.09
23 55 41.63 115.36 743.11 0.09
23 56 41.54 115.38 742.61 0.09
23 57 41.45 115.40 742.11 0.09
23 58 41.36 115.43 741.61 0.09
23 59 41.27 115.45 741.10 0.09
00 00 41.17 115.48 740.60 0.09
00 01 41.08 115.50 740.09 0.09
00 02 40.99 115.52 739.57 0.09
00 03 40.90 115.54 738.96 0.09
00 04 40.80 115.56 738.34 0.09
00 05 40.71 115.59 737.73 0.09
00 06 40.61 115.61 737.11 0.09
00 07 40.52 115.63 736.49 0.09
00 08 40.43 115.65 735.87 0.09
00 09 40.33 115.67 735.24 0.09
00 10 40.24 115.69 734.62 0.09
00 11 40.14 115.71 733.99 0.09
00 12 40.05 115.73 733.36 0.09
00 13 39.95 115.75 732.78 0.09
00 14 39.85 115.77 732.26 0.09
00 15 39.76 115.79 731.73 0.09
00 16 39.66 115.81 731.20 0.09
00 17 39.56 115.83 730.66 0.09
00 18 39.47 115.85 730.13 0.09
00 19 39.37 115.87 729.60 0.09
00 20 39.27 115.88 729.06 0.09
00 21 39.17 115.90 728.52 0.09
00 22 39.07 115.92 727.98 0.09
00 23 38.98 115.94 727.41 0.09
00 24 38.88 115.95 726.76 0.09
00 25 38.78 115.97 726.11 0.09
00 26 38.68 115.99 725.46 0.09
00 27 38.58 116.00 724.80 0.09
00 28 38.48 116.02 724.14 0.09
00 29 38.38 116.04 723.49 0.09
00 30 38.28 116.05 722.83 0.09
00 31 38.18 116.07 722.16 0.09
00 32 38.08 116.08 721.50 0.09
00 33 37.98 116.10 720.81 0.09
00 34 37.88 116.11 720.03 0.09
00 35 37.77 116.13 719.25 0.09
00 36 37.67 116.14 718.47 0.09
00 37 37.57 116.15 717.69 0.09
00 38 37.47 116.17 716.91 0.09
00 39 37.37 116.18 716.12 0.09
00 40 37.26 116.20 715.33 0.09
00 41 37.16 116.21 714.55 0.09
00 42 37.06 116.22 713.75 0.09
00 43 36.96 116.23 713.01 0.09
00 44 36.85 116.25 712.33 0.09
00 45 36.75 116.26 711.65 0.09
00 46 36.64 116.27 710.97 0.09
00 47 36.54 116.28 710.28 0.09
00 48 36.44 116.30 709.60 0.09
00 49 36.33 116.31 708.91 0.09
00 50 36.23 116.32 708.22 0.09
00 51 36.12 116.33 707.53 0.09
00 52 36.02 116.34 706.84 0.09
00 53 35.91 116.35 706.06 0.09
00 54 35.81 116.36 705.25 0.09
00 55 35.70 116.37 704.44 0.09
00 56 35.60 116.38 703.63 0.09
00 57 35.49 116.39 702.82 0.09
00 58 35.39 116.40 702.00 0.09
00 59 35.28 116.41 701.19 0.09
01 00 35.17 116.42 700.37 0.09
01 01 35.07 116.43 699.56 0.09
01 02 34.96 116.44 698.70 0.09
01 03 34.85 116.44 697.76 0.09
01 04 34.75 116.45 696.82 0.09
01 05 34.64 116.46 695.88 0.09
01 06 34.53 116.47 694.94 0.09
01 07 34.43 116.48 694.00 0.09
01 08 34.32 116.48 693.06 0.09
01 09 34.21 116.49 692.11 0.09
01 10 34.10 116.50 691.17 0.09
01 11 34.00 116.51 690.23 0.09
01 12 33.89 116.51 689.40 0.09
01 13 33.78 116.52 688.57 0.09
01 14 33.67 116.52 687.74 0.09
01 15 33.56 116.53 686.90 0.09
01 16 33.45 116.54 686.07 0.09
01 17 33.35 116.54 685.24 0.09
01 18 33.24 116.55 684.40 0.09
01 19 33.13 116.55 683.56 0.09
01 20 33.02 116.56 682.73 0.09
01 21 32.91 116.56 681.69 0.09
01 22 32.80 116.57 680.61 0.09
01 23 32.69 116.57 679.53 0.09
01 24 32.58 116.58 678.45 0.09
01 25 32.47 116.58 677.37 0.09
01 26 32.36 116.58 676.29 0.09
01 27 32.25 116.59 675.20 0.09
01 28 32.14 116.59 674.12 0.09
01 29 32.03 116.59 673.03 0.09
01 30 31.92 116.60 672.03 0.09
01 31 31.81 116.60 671.06 0.09
01 32 31.70 116.60 670.10 0.09
01 33 31.59 116.60 669.13 0.09
01 34 31.48 116.61 668.16 0.09
01 35 31.37 116.61 667.19 0.09
01 36 31.26 116.61 666.22 0.08
01 37 31.15 116.61 665.25 0.08
01 38 31.04 116.61 664.27 0.08
01 39 30.93 116.62 663.22 0.08
01 40 30.82 116.62 662.13 0.08
01 41 30.71 116.62 661.03 0.08
01 42 30.60 116.62 659.94 0.08
01 43 30.48 116.62 658.84 0.08
01 44 30.37 116.62 657.74 0.08
01 45 30.26 116.62 656.64 0.08
01 46 30.15 116.62 655.54 0.08
01 47 30.04 116.62 654.44 0.08
01 48 29.93 116.62 653.26 0.08
01 49 29.82 116.62 652.04 0.08
01 50 29.71 116.62 650.81 0.08
01 51 29.59 116.62 649.59 0.08
01 52 29.48 116.61 648.36 0.08
01 53 29.37 116.61 647.14 0.08
01 54 29.26 116.61 645.91 0.08
01 55 29.15 116.61 644.68 0.09
01 56 29.03 116.61 643.46 0.09
01 57 28.92 116.60 642.23 0.09
01 58 28.81 116.60 641.00 0.09
01 59 28.70 116.60 639.77 0.09
02 00 28.59 116.60 638.54 0.09
02 01 28.47 116.59 637.31 0.09
02 02 28.36 116.59 636.08 0.09
02 03 28.25 116.59 634.85 0.09
02 04 28.14 116.58 633.62 0.09
02 05 28.03 116.58 632.39 0.09
02 06 27.91 116.58 631.06 0.09
02 07 27.80 116.57 629.71 0.09
02 08 27.69 116.57 628.35 0.09
02 09 27.58 116.56 627.00 0.09
02 10 27.46 116.56 625.64 0.09
02 11 27.35 116.55 624.28 0.09
02 12 27.24 116.55 622.93 0.09
02 13 27.13 116.54 621.57 0.09
02 14 27.02 116.54 620.21 0.09
02 15 26.90 116.53 618.86 0.09
02 16 26.79 116.52 617.50 0.09
02 17 26.68 116.52 616.14 0.09
02 18 26.57 116.51 614.79 0.09
02 19 26.45 116.50 613.43 0.09
02 20 26.34 116.50 612.07 0.09
02 21 26.23 116.49 610.72 0.09
02 22 26.12 116.48 609.36 0.09
02 23 26.00 116.48 608.00 0.09
02 24 25.89 116.47 606.52 0.09
02 25 25.78 116.46 605.04 0.09
02 26 25.67 116.45 603.56 0.09
02 27 25.55 116.44 602.08 0.09
02 28 25.44 116.43 600.60 0.09
02 29 25.33 116.43 599.12 0.09
02 30 25.22 116.42 597.64 0.09
02 31 25.10 116.41 596.16 0.09
02 32 24.99 116.40 594.67 0.09
02 33 24.88 116.39 593.07 0.09
02 34 24.77 116.38 591.47 0.09
02 35 24.66 116.37 589.87 0.09
02 36 24.54 116.36 588.27 0.09
02 37 24.43 116.35 586.67 0.09
02 38 24.32 116.34 585.06 0.09
02 39 24.21 116.33 583.46 0.09
02 40 24.09 116.32 581.86 0.09
02 41 23.98 116.30 580.25 0.09
02 42 23.87 116.29 578.52 0.09
02 43 23.76 116.28 576.80 0.09
02 44 23.65 116.27 575.08 0.09
02 45 23.53 116.26 573.36 0.09
02 46 23.42 116.25 571.64 0.09
02 47 23.31 116.23 569.92 0.09
02 48 23.20 116.22 568.20 0.09
02 49 23.09 116.21 566.49 0.09
02 50 22.97 116.19 564.77 0.09
02 51 22.86 116.18 563.05 0.09
02 52 22.75 116.17 561.34 0.09
02 53 22.64 116.15 559.62 0.09
02 54 22.53 116.14 557.91 0.09
02 55 22.42 116.12 556.20 0.09
02 56 22.31 116.11 554.48 0.09
02 57 22.19 116.09 552.77 0.09
02 58 22.08 116.08 551.06 0.09
02 59 21.97 116.06 549.29 0.09
03 00 21.86 116.05 547.34 0.09
03 01 21.75 116.03 545.39 0.09
03 02 21.64 116.02 543.44 0.09
03 03 21.53 116.00 541.49 0.09
03 04 21.42 115.98 539.54 0.09
03 05 21.30 115.97 537.59 0.09
03 06 21.19 115.95 535.65 0.09
03 07 21.08 115.93 533.70 0.09
03 08 20.97 115.92 531.76 0.09
03 09 20.86 115.90 529.82 0.09
03 10 20.75 115.88 527.88 0.09
03 11 20.64 115.86 525.94 0.09
03 12 20.53 115.84 524.00 0.09
03 13 20.42 115.83 522.07 0.09
03 14 20.31 115.81 520.13 0.09
03 15 20.20 115.79 518.20 0.09
03 16 20.09 115.77 516.27 0.09
03 17 19.98 115.75 514.30 0.09
03 18 19.87 115.73 512.13 0.09
03 19 19.76 115.71 509.96 0.09
03 20 19.65 115.69 507.79 0.09
03 21 19.54 115.67 505.63 0.09
03 22 19.43 115.65 503.47 0.09
03 23 19.32 115.63 501.31 0.09
03 24 19.21 115.60 499.15 0.09
03 25 19.10 115.58 496.99 0.09
03 26 19.00 115.56 494.84 0.09
03 27 18.89 115.54 492.69 0.09
03 28 18.78 115.52 490.54 0.09
03 29 18.67 115.49 488.39 0.09
03 30 18.56 115.47 486.24 0.09
03 31 18.45 115.45 484.10 0.09
03 32 18.34 115.42 481.96 0.09
03 33 18.24 115.40 479.82 0.09
03 34 18.13 115.38 477.68 0.09
03 35 18.02 115.35 475.55 0.09
03 36 17.91 115.33 473.13 0.09
03 37 17.80 115.30 470.64 0.09
03 38 17.70 115.28 468.16 0.09
03 39 17.59 115.25 465.68 0.09
03 40 17.48 115.23 463.20 0.09
03 41 17.37 115.20 460.73 0.09
03 42 17.27 115.18 458.26 0.09
03 43 17.16 115.15 455.79 0.09
03 44 17.05 115.12 453.33 0.09
03 45 16.95 115.10 450.86 0.09
03 46 16.84 115.07 448.40 0.09
03 47 16.73 115.04 445.95 0.09
03 48 16.63 115.01 443.50 0.09
03 49 16.52 114.99 441.05 0.09
03 50 16.41 114.96 438.60 0.09
03 51 16.31 114.93 436.16 0.09
03 52 16.20 114.90 433.72 0.09
03 53 16.10 114.87 431.28 0.09
03 54 15.99 114.84 428.83 0.09
03 55 15.88 114.81 426.16 0.09
03 56 15.78 114.78 423.51 0.09
03 57 15.67 114.75 420.85 0.09
03 58 15.57 114.72 418.20 0.09
03 59 15.46 114.69 415.55 0.09
04 00 15.36 114.66 412.91 0.09
04 01 15.25 114.63 410.27 0.09
04 02 15.15 114.59 407.64 0.09
04 03 15.05 114.56 405.01 0.10
04 04 14.94 114.53 402.25 0.10
04 05 14.84 114.50 399.40 0.10
04 06 14.73 114.46 396.55 0.10
04 07 14.63 114.43 393.71 0.10
04 08 14.53 114.40 390.87 0.10
04 09 14.42 114.36 388.04 0.10
04 10 14.32 114.33 385.21 0.10
04 11 14.22 114.29 382.39 0.10
04 12 14.12 114.26 379.57 0.10
04 13 14.01 114.22 376.75 0.10
04 14 13.91 114.19 373.75 0.10
04 15 13.81 114.15 370.72 0.10
04 16 13.71 114.11 367.69 0.10
04 17 13.60 114.08 364.67 0.10
04 18 13.50 114.04 361.66 0.10
04 19 13.40 114.00 358.65 0.10
04 20 13.30 113.97 355.64 0.10
04 21 13.20 113.93 352.65 0.10
04 22 13.10 113.89 349.65 0.10
04 23 13.00 113.85 346.66 0.10
04 24 12.90 113.81 343.57 0.10
04 25 12.80 113.77 340.48 0.10
04 26 12.69 113.73 337.40 0.10
04 27 12.59 113.69 334.33 0.10
04 28 12.49 113.65 331.26 0.10
04 29 12.40 113.61 328.19 0.10
04 30 12.30 113.57 325.13 0.10
