2022 04 19 17 00 30.49 67.11 0.00
2022 04 19 17 01 30.60 67.30 0.00
2022 04 19 17 02 30.71 67.48 0.00
2022 04 19 17 03 30.83 67.66 0.00
2022 04 19 17 04 30.94 67.84 0.00
2022 04 19 17 05 31.05 68.03 0.00
2022 04 19 17 06 31.16 68.21 0.00
2022 04 19 17 07 31.27 68.39 0.00
2022 04 19 17 08 31.38 68.58 0.00
2022 04 19 17 09 31.49 68.76 0.00
2022 04 19 17 10 31.60 68.95 0.00
2022 04 19 17 11 31.71 69.13 0.00
2022 04 19 17 12 31.82 69.31 0.00
2022 04 19 17 13 31.93 69.50 0.00
2022 04 19 17 14 32.04 69.68 0.00
2022 04 19 17 15 32.15 69.86 0.00
2022 04 19 17 16 32.26 70.05 0.00
2022 04 19 17 17 32.37 70.23 0.00
2022 04 19 17 18 32.48 70.42 0.00
2022 04 19 17 19 32.59 70.60 0.00
2022 04 19 17 20 32.70 70.78 0.00
2022 04 19 17 21 32.81 70.97 0.00
2022 04 19 17 22 32.92 71.15 0.00
2022 04 19 17 23 33.03 71.33 0.00
2022 04 19 17 24 33.14 71.52 0.00
2022 04 19 17 25 33.24 71.70 0.00
2022 04 19 17 26 33.35 71.89 0.00
2022 04 19 17 27 33.46 72.07 0.00
2022 04 19 17 28 33.57 72.25 0.00
2022 04 19 17 29 33.68 72.44 0.00
2022 04 19 17 30 33.79 72.62 0.00
2022 04 19 17 31 33.90 72.80 0.00
2022 04 19 17 32 34.00 72.99 0.00
2022 04 19 17 33 34.11 73.17 0.00
2022 04 19 17 34 34.22 73.35 0.00
2022 04 19 17 35 34.33 73.54 0.00
2022 04 19 17 36 34.43 73.72 0.00
2022 04 19 17 37 34.54 73.90 0.00
2022 04 19 17 38 34.65 74.08 0.00
2022 04 19 17 39 34.75 74.27 0.00
2022 04 19 17 40 34.86 74.45 0.00
2022 04 19 17 41 34.97 74.63 0.00
2022 04 19 17 42 35.07 74.81 0.00
2022 04 19 17 43 35.18 74.99 0.00
2022 04 19 17 44 35.29 75.18 0.00
2022 04 19 17 45 35.39 75.36 0.00
2022 04 19 17 46 35.50 75.54 0.00
2022 04 19 17 47 35.61 75.72 0.00
2022 04 19 17 48 35.71 75.90 0.00
2022 04 19 17 49 35.82 76.08 0.00
2022 04 19 17 50 35.92 76.26 0.00
2022 04 19 17 51 36.03 76.44 0.00
2022 04 19 17 52 36.13 76.62 0.00
2022 04 19 17 53 36.24 76.80 0.00
2022 04 19 17 54 36.34 76.98 0.00
2022 04 19 17 55 36.44 77.16 0.00
2022 04 19 17 56 36.55 77.34 0.00
2022 04 19 17 57 36.65 77.52 0.00
2022 04 19 17 58 36.76 77.70 0.00
2022 04 19 17 59 36.86 77.88 0.00
2022 04 19 18 00 36.96 78.06 0.00
2022 04 19 18 01 37.07 78.24 0.00
2022 04 19 18 02 37.17 78.42 0.00
2022 04 19 18 03 37.27 78.59 0.00
2022 04 19 18 04 37.37 78.77 0.00
2022 04 19 18 05 37.48 78.95 0.00
2022 04 19 18 06 37.58 79.13 0.00
2022 04 19 18 07 37.68 79.30 0.00
2022 04 19 18 08 37.78 79.48 0.00
2022 04 19 18 09 37.88 79.66 0.00
2022 04 19 18 10 37.98 79.83 0.00
2022 04 19 18 11 38.09 80.01 0.00
2022 04 19 18 12 38.19 80.19 0.00
2022 04 19 18 13 38.29 80.36 0.00
2022 04 19 18 14 38.39 80.54 0.00
2022 04 19 18 15 38.49 80.71 0.00
2022 04 19 18 16 38.59 80.89 0.00
2022 04 19 18 17 38.69 81.06 0.00
2022 04 19 18 18 38.79 81.23 0.00
2022 04 19 18 19 38.88 81.41 0.00
2022 04 19 18 20 38.98 81.58 0.00
2022 04 19 18 21 39.08 81.75 0.00
2022 04 19 18 22 39.18 81.93 0.00
2022 04 19 18 23 39.28 82.10 0.00
2022 04 19 18 24 39.38 82.27 0.00
2022 04 19 18 25 39.47 82.44 0.00
2022 04 19 18 26 39.57 82.61 0.00
2022 04 19 18 27 39.67 82.79 0.00
2022 04 19 18 28 39.76 82.96 0.00
2022 04 19 18 29 39.86 83.13 0.00
2022 04 19 18 30 39.96 83.30 0.00
2022 04 19 18 31 40.05 83.47 0.00
2022 04 19 18 32 40.15 83.64 0.00
2022 04 19 18 33 40.24 83.81 0.00
2022 04 19 18 34 40.34 83.97 0.00
2022 04 19 18 35 40.43 84.14 0.00
2022 04 19 18 36 40.53 84.31 0.00
2022 04 19 18 37 40.62 84.48 0.00
2022 04 19 18 38 40.72 84.65 0.00
2022 04 19 18 39 40.81 84.81 0.00
2022 04 19 18 40 40.90 84.98 0.00
2022 04 19 18 41 41.00 85.15 0.00
2022 04 19 18 42 41.09 85.31 0.00
2022 04 19 18 43 41.18 85.48 0.00
2022 04 19 18 44 41.27 85.64 0.00
2022 04 19 18 45 41.36 85.81 0.00
2022 04 19 18 46 41.46 85.97 0.00
2022 04 19 18 47 41.55 86.14 0.00
2022 04 19 18 48 41.64 86.30 0.00
2022 04 19 18 49 41.73 86.46 0.00
2022 04 19 18 50 41.82 86.63 0.00
2022 04 19 18 51 41.91 86.79 0.00
2022 04 19 18 52 42.00 86.95 0.00
2022 04 19 18 53 42.09 87.11 0.00
2022 04 19 18 54 42.18 87.27 0.00
2022 04 19 18 55 42.26 87.44 0.00
2022 04 19 18 56 42.35 87.60 0.00
2022 04 19 18 57 42.44 87.76 0.00
2022 04 19 18 58 42.53 87.92 42.40
2022 04 19 18 59 42.61 88.08 42.34
2022 04 19 19 00 42.70 88.23 42.28
2022 04 19 19 01 42.79 88.39 42.22
2022 04 19 19 02 42.87 88.55 42.16
2022 04 19 19 03 42.96 88.71 42.11
2022 04 19 19 04 43.04 88.87 42.05
2022 04 19 19 05 43.13 89.02 42.00
2022 04 19 19 06 43.21 89.18 41.94
2022 04 19 19 07 43.30 89.34 41.89
2022 04 19 19 08 43.38 89.49 41.84
2022 04 19 19 09 43.46 89.65 41.79
2022 04 19 19 10 43.55 89.80 41.74
2022 04 19 19 11 43.63 89.95 41.69
2022 04 19 19 12 43.71 90.11 41.64
2022 04 19 19 13 43.79 90.26 41.59
2022 04 19 19 14 43.87 90.41 41.55
2022 04 19 19 15 43.95 90.57 41.50
2022 04 19 19 16 44.03 90.72 41.46
2022 04 19 19 17 44.11 90.87 41.42
2022 04 19 19 18 44.19 91.02 41.38
2022 04 19 19 19 44.27 91.17 41.33
2022 04 19 19 20 44.35 91.32 41.29
2022 04 19 19 21 44.43 91.47 41.26
2022 04 19 19 22 44.51 91.62 41.22
2022 04 19 19 23 44.58 91.77 41.18
2022 04 19 19 24 44.66 91.92 41.15
2022 04 19 19 25 44.74 92.07 41.11
2022 04 19 19 26 44.81 92.22 41.08
2022 04 19 19 27 44.89 92.36 41.05
2022 04 19 19 28 44.97 92.51 41.02
2022 04 19 19 29 45.04 92.66 40.99
2022 04 19 19 30 45.11 92.80 40.96
2022 04 19 19 31 45.19 92.95 40.94
2022 04 19 19 32 45.26 93.09 40.91
2022 04 19 19 33 45.33 93.24 40.89
2022 04 19 19 34 45.41 93.38 40.87
2022 04 19 19 35 45.48 93.52 40.84
2022 04 19 19 36 45.55 93.67 40.83
2022 04 19 19 37 45.62 93.81 40.81
2022 04 19 19 38 45.69 93.95 40.79
2022 04 19 19 39 45.76 94.09 40.77
2022 04 19 19 40 45.83 94.23 40.76
2022 04 19 19 41 45.90 94.37 40.75
2022 04 19 19 42 45.97 94.51 40.74
2022 04 19 19 43 46.04 94.65 40.73
2022 04 19 19 44 46.11 94.79 40.72
2022 04 19 19 45 46.17 94.93 40.71
2022 04 19 19 46 46.24 95.07 40.71
2022 04 19 19 47 46.31 95.21 40.70
2022 04 19 19 48 46.37 95.34 40.70
2022 04 19 19 49 46.44 95.48 40.70
2022 04 19 19 50 46.50 95.62 40.70
2022 04 19 19 51 46.57 95.75 40.70
2022 04 19 19 52 46.63 95.89 40.71
2022 04 19 19 53 46.69 96.02 40.71
2022 04 19 19 54 46.75 96.16 40.72
2022 04 19 19 55 46.82 96.29 40.73
2022 04 19 19 56 46.88 96.42 40.74
2022 04 19 19 57 46.94 96.56 40.75
2022 04 19 19 58 47.00 96.69 40.77
2022 04 19 19 59 47.06 96.82 40.78
2022 04 19 20 00 47.12 96.95 40.80
2022 04 19 20 01 47.18 97.08 40.82
2022 04 19 20 02 47.24 97.21 40.84
2022 04 19 20 03 47.29 97.34 40.86
2022 04 19 20 04 47.35 97.47 40.89
2022 04 19 20 05 47.41 97.60 40.91
2022 04 19 20 06 47.46 97.73 40.94
2022 04 19 20 07 47.52 97.86 40.97
2022 04 19 20 08 47.57 97.98 41.00
2022 04 19 20 09 47.63 98.11 41.03
2022 04 19 20 10 47.68 98.24 41.07
2022 04 19 20 11 47.73 98.36 41.11
2022 04 19 20 12 47.79 98.49 41.14
2022 04 19 20 13 47.84 98.61 41.18
2022 04 19 20 14 47.89 98.74 41.23
2022 04 19 20 15 47.94 98.86 41.27
2022 04 19 20 16 47.99 98.99 41.32
2022 04 19 20 17 48.04 99.11 41.36
2022 04 19 20 18 48.09 99.23 41.41
2022 04 19 20 19 48.14 99.35 41.46
2022 04 19 20 20 48.19 99.47 41.52
2022 04 19 20 21 48.23 99.59 41.57
2022 04 19 20 22 48.28 99.71 41.63
2022 04 19 20 23 48.33 99.83 41.69
2022 04 19 20 24 48.37 99.95 41.75
2022 04 19 20 25 48.42 100.07 41.81
2022 04 19 20 26 48.46 100.19 41.87
2022 04 19 20 27 48.50 100.31 41.94
2022 04 19 20 28 48.55 100.43 42.01
2022 04 19 20 29 48.59 100.54 42.08
2022 04 19 20 30 48.63 100.66 42.15
2022 04 19 20 31 48.67 100.78 42.22
2022 04 19 20 32 48.71 100.89 42.30
2022 04 19 20 33 48.75 101.01 42.38
2022 04 19 20 34 48.79 101.12 42.45
2022 04 19 20 35 48.83 101.23 42.53
2022 04 19 20 36 48.87 101.35 42.62
2022 04 19 20 37 48.91 101.46 42.70
2022 04 19 20 38 48.94 101.57 42.79
2022 04 19 20 39 48.98 101.68 42.88
2022 04 19 20 40 49.01 101.80 42.97
2022 04 19 20 41 49.05 101.91 43.06
2022 04 19 20 42 49.08 102.02 43.15
2022 04 19 20 43 49.12 102.13 43.25
2022 04 19 20 44 49.15 102.24 43.35
2022 04 19 20 45 49.18 102.35 43.45
2022 04 19 20 46 49.21 102.45 43.55
2022 04 19 20 47 49.24 102.56 43.65
2022 04 19 20 48 49.27 102.67 43.75
2022 04 19 20 49 49.30 102.78 43.86
2022 04 19 20 50 49.33 102.88 43.97
2022 04 19 20 51 49.36 102.99 44.08
2022 04 19 20 52 49.39 103.09 44.19
2022 04 19 20 53 49.41 103.20 44.30
2022 04 19 20 54 49.44 103.30 44.42
2022 04 19 20 55 49.47 103.41 44.54
2022 04 19 20 56 49.49 103.51 44.65
2022 04 19 20 57 49.51 103.61 44.78
2022 04 19 20 58 49.54 103.71 44.90
2022 04 19 20 59 49.56 103.82 45.02
2022 04 19 21 00 49.58 103.92 45.15
2022 04 19 21 01 49.60 104.02 45.27
2022 04 19 21 02 49.62 104.12 45.40
2022 04 19 21 03 49.64 104.22 45.53
2022 04 19 21 04 49.66 104.32 45.67
2022 04 19 21 05 49.68 104.42 45.80
2022 04 19 21 06 49.70 104.52 45.94
2022 04 19 21 07 49.72 104.61 46.07
2022 04 19 21 08 49.73 104.71 46.21
2022 04 19 21 09 49.75 104.81 46.35
2022 04 19 21 10 49.77 104.90 46.49
2022 04 19 21 11 49.78 105.00 46.64
2022 04 19 21 12 49.79 105.10 46.78
2022 04 19 21 13 49.81 105.19 46.93
2022 04 19 21 14 49.82 105.28 47.08
2022 04 19 21 15 49.83 105.38 47.22
2022 04 19 21 16 49.84 105.47 47.38
2022 04 19 21 17 49.85 105.56 47.53
2022 04 19 21 18 49.86 105.66 47.68
2022 04 19 21 19 49.87 105.75 47.84
2022 04 19 21 20 49.88 105.84 47.99
2022 04 19 21 21 49.89 105.93 48.15
2022 04 19 21 22 49.89 106.02 48.31
2022 04 19 21 23 49.90 106.11 48.47
2022 04 19 21 24 49.91 106.20 48.63
2022 04 19 21 25 49.91 106.29 48.80
2022 04 19 21 26 49.92 106.38 48.96
2022 04 19 21 27 49.92 106.47 49.13
2022 04 19 21 28 49.92 106.56 49.30
2022 04 19 21 29 49.92 106.64 49.47
2022 04 19 21 30 49.92 106.73 49.64
2022 04 19 21 31 49.92 106.82 49.81
2022 04 19 21 32 49.92 106.90 49.98
2022 04 19 21 33 49.92 106.99 50.15
2022 04 19 21 34 49.92 107.07 50.33
2022 04 19 21 35 49.92 107.16 50.50
2022 04 19 21 36 49.92 107.24 50.68
2022 04 19 21 37 49.91 107.32 50.86
2022 04 19 21 38 49.91 107.41 51.04
2022 04 19 21 39 49.90 107.49 51.22
2022 04 19 21 40 49.90 107.57 51.40
2022 04 19 21 41 49.89 107.65 51.58
2022 04 19 21 42 49.88 107.73 51.77
2022 04 19 21 43 49.88 107.81 51.95
2022 04 19 21 44 49.87 107.89 52.14
2022 04 19 21 45 49.86 107.97 52.33
2022 04 19 21 46 49.85 108.05 52.51
2022 04 19 21 47 49.84 108.13 52.70
2022 04 19 21 48 49.83 108.21 52.89
2022 04 19 21 49 49.82 108.29 53.08
2022 04 19 21 50 49.80 108.36 53.28
2022 04 19 21 51 49.79 108.44 53.47
2022 04 19 21 52 49.77 108.52 53.66
2022 04 19 21 53 49.76 108.59 53.86
2022 04 19 21 54 49.74 108.67 54.05
2022 04 19 21 55 49.73 108.74 54.25
2022 04 19 21 56 49.71 108.82 54.44
2022 04 19 21 57 49.69 108.89 54.64
2022 04 19 21 58 49.68 108.97 54.84
2022 04 19 21 59 49.66 109.04 55.04
2022 04 19 22 00 49.64 109.11 55.24
2022 04 19 22 01 49.62 109.19 55.44
2022 04 19 22 02 49.60 109.26 55.64
2022 04 19 22 03 49.57 109.33 55.84
2022 04 19 22 04 49.55 109.40 56.05
2022 04 19 22 05 49.53 109.47 56.25
2022 04 19 22 06 49.50 109.54 56.46
2022 04 19 22 07 49.48 109.61 56.66
2022 04 19 22 08 49.46 109.68 56.87
2022 04 19 22 09 49.43 109.75 57.07
2022 04 19 22 10 49.40 109.82 57.28
2022 04 19 22 11 49.38 109.88 57.49
2022 04 19 22 12 49.35 109.95 57.69
2022 04 19 22 13 49.32 110.02 57.90
2022 04 19 22 14 49.29 110.09 58.11
2022 04 19 22 15 49.26 110.15 58.32
2022 04 19 22 16 49.23 110.22 58.53
2022 04 19 22 17 49.20 110.28 58.74
2022 04 19 22 18 49.17 110.35 58.95
2022 04 19 22 19 49.14 110.41 59.16
2022 04 19 22 20 49.10 110.48 59.37
2022 04 19 22 21 49.07 110.54 59.59
2022 04 19 22 22 49.03 110.60 59.80
2022 04 19 22 23 49.00 110.67 60.01
2022 04 19 22 24 48.96 110.73 60.23
2022 04 19 22 25 48.93 110.79 60.44
2022 04 19 22 26 48.89 110.85 60.65
2022 04 19 22 27 48.85 110.91 60.87
2022 04 19 22 28 48.81 110.97 61.08
2022 04 19 22 29 48.78 111.03 61.30
2022 04 19 22 30 48.74 111.09 61.51
2022 04 19 22 31 48.70 111.15 61.73
2022 04 19 22 32 48.66 111.21 61.95
2022 04 19 22 33 48.61 111.27 62.16
2022 04 19 22 34 48.57 111.33 62.38
2022 04 19 22 35 48.53 111.39 62.60
2022 04 19 22 36 48.49 111.45 62.81
2022 04 19 22 37 48.44 111.50 63.03
2022 04 19 22 38 48.40 111.56 63.25
2022 04 19 22 39 48.35 111.62 63.47
2022 04 19 22 40 48.31 111.67 63.68
2022 04 19 22 41 48.26 111.73 63.90
2022 04 19 22 42 48.21 111.78 64.12
2022 04 19 22 43 48.17 111.84 64.34
2022 04 19 22 44 48.12 111.89 64.56
2022 04 19 22 45 48.07 111.94 64.77
2022 04 19 22 46 48.02 112.00 64.99
2022 04 19 22 47 47.97 112.05 65.21
2022 04 19 22 48 47.92 112.10 65.43
2022 04 19 22 49 47.87 112.16 65.65
2022 04 19 22 50 47.82 112.21 65.87
2022 04 19 22 51 47.77 112.26 66.09
2022 04 19 22 52 47.71 112.31 66.31
2022 04 19 22 53 47.66 112.36 66.53
2022 04 19 22 54 47.61 112.41 66.74
2022 04 19 22 55 47.55 112.46 66.96
2022 04 19 22 56 47.50 112.51 67.18
2022 04 19 22 57 47.44 112.56 67.40
2022 04 19 22 58 47.38 112.61 67.62
2022 04 19 22 59 47.33 112.66 67.84
2022 04 19 23 00 47.27 112.71 68.06
2022 04 19 23 01 47.21 112.76 68.28
2022 04 19 23 02 47.15 112.80 68.50
2022 04 19 23 03 47.09 112.85 68.72
2022 04 19 23 04 47.03 112.90 68.93
2022 04 19 23 05 46.97 112.94 69.15
2022 04 19 23 06 46.91 112.99 69.37
2022 04 19 23 07 46.85 113.03 69.59
2022 04 19 23 08 46.79 113.08 69.81
2022 04 19 23 09 46.73 113.12 70.03
2022 04 19 23 10 46.67 113.17 70.24
2022 04 19 23 11 46.60 113.21 70.46
2022 04 19 23 12 46.54 113.26 70.68
2022 04 19 23 13 46.48 113.30 70.90
2022 04 19 23 14 46.41 113.34 71.11
2022 04 19 23 15 46.34 113.39 71.33
2022 04 19 23 16 46.28 113.43 71.55
2022 04 19 23 17 46.21 113.47 71.77
2022 04 19 23 18 46.15 113.51 71.98
2022 04 19 23 19 46.08 113.55 72.20
2022 04 19 23 20 46.01 113.60 72.42
2022 04 19 23 21 45.94 113.64 72.63
2022 04 19 23 22 45.87 113.68 72.85
2022 04 19 23 23 45.80 113.72 73.06
2022 04 19 23 24 45.73 113.76 73.28
2022 04 19 23 25 45.66 113.80 73.49
2022 04 19 23 26 45.59 113.83 73.71
2022 04 19 23 27 45.52 113.87 73.92
2022 04 19 23 28 45.45 113.91 74.14
2022 04 19 23 29 45.38 113.95 74.35
2022 04 19 23 30 45.31 113.99 74.57
2022 04 19 23 31 45.23 114.02 74.78
2022 04 19 23 32 45.16 114.06 74.99
2022 04 19 23 33 45.08 114.10 75.21
2022 04 19 23 34 45.01 114.13 75.42
2022 04 19 23 35 44.94 114.17 75.63
2022 04 19 23 36 44.86 114.21 75.84
2022 04 19 23 37 44.78 114.24 76.05
2022 04 19 23 38 44.71 114.28 76.27
2022 04 19 23 39 44.63 114.31 76.48
2022 04 19 23 40 44.55 114.35 76.69
2022 04 19 23 41 44.48 114.38 76.90
2022 04 19 23 42 44.40 114.41 77.11
2022 04 19 23 43 44.32 114.45 77.32
2022 04 19 23 44 44.24 114.48 77.53
2022 04 19 23 45 44.16 114.51 77.74
2022 04 19 23 46 44.08 114.55 77.94
2022 04 19 23 47 44.00 114.58 78.15
2022 04 19 23 48 43.92 114.61 78.36
2022 04 19 23 49 43.84 114.64 78.57
2022 04 19 23 50 43.76 114.67 78.77
2022 04 19 23 51 43.68 114.71 78.98
2022 04 19 23 52 43.59 114.74 79.19
2022 04 19 23 53 43.51 114.77 79.39
2022 04 19 23 54 43.43 114.80 79.60
2022 04 19 23 55 43.35 114.83 79.80
2022 04 19 23 56 43.26 114.86 80.01
2022 04 19 23 57 43.18 114.89 80.21
2022 04 19 23 58 43.09 114.92 80.41
2022 04 19 23 59 43.01 114.94 80.62
2022 04 20 00 00 42.92 114.97 80.82
2022 04 20 00 01 42.84 115.00 81.02
2022 04 20 00 02 42.75 115.03 81.22
2022 04 20 00 03 42.67 115.06 81.42
2022 04 20 00 04 42.58 115.08 81.62
2022 04 20 00 05 42.49 115.11 81.82
2022 04 20 00 06 42.40 115.14 82.02
2022 04 20 00 07 42.32 115.16 82.22
2022 04 20 00 08 42.23 115.19 82.42
2022 04 20 00 09 42.14 115.22 82.62
2022 04 20 00 10 42.05 115.24 82.81
2022 04 20 00 11 41.96 115.27 83.01
2022 04 20 00 12 41.87 115.29 83.20
2022 04 20 00 13 41.78 115.32 83.40
2022 04 20 00 14 41.69 115.34 83.59
2022 04 20 00 15 41.60 115.37 83.79
2022 04 20 00 16 41.51 115.39 83.98
2022 04 20 00 17 41.42 115.41 84.17
2022 04 20 00 18 41.33 115.44 84.37
2022 04 20 00 19 41.24 115.46 84.56
2022 04 20 00 20 41.14 115.48 84.75
2022 04 20 00 21 41.05 115.51 84.94
2022 04 20 00 22 40.96 115.53 85.13
2022 04 20 00 23 40.87 115.55 85.32
2022 04 20 00 24 40.77 115.57 85.51
2022 04 20 00 25 40.68 115.60 85.69
2022 04 20 00 26 40.58 115.62 85.88
2022 04 20 00 27 40.49 115.64 86.07
2022 04 20 00 28 40.40 115.66 86.25
2022 04 20 00 29 40.30 115.68 86.43
2022 04 20 00 30 40.21 115.70 86.62
2022 04 20 00 31 40.11 115.72 86.80
2022 04 20 00 32 40.01 115.74 86.98
2022 04 20 00 33 39.92 115.76 87.16
2022 04 20 00 34 39.82 115.78 87.34
2022 04 20 00 35 39.73 115.80 87.52
2022 04 20 00 36 39.63 115.82 87.70
2022 04 20 00 37 39.53 115.84 87.87
2022 04 20 00 38 39.43 115.86 88.05
2022 04 20 00 39 39.34 115.87 88.23
2022 04 20 00 40 39.24 115.89 88.40
2022 04 20 00 41 39.14 115.91 88.57
2022 04 20 00 42 39.04 115.93 88.74
2022 04 20 00 43 38.94 115.94 88.91
2022 04 20 00 44 38.84 115.96 89.08
2022 04 20 00 45 38.75 115.98 89.25
2022 04 20 00 46 38.65 115.99 89.42
2022 04 20 00 47 38.55 116.01 89.58
2022 04 20 00 48 38.45 116.03 89.75
2022 04 20 00 49 38.35 116.04 89.91
2022 04 20 00 50 38.25 116.06 90.07
2022 04 20 00 51 38.15 116.07 90.23
2022 04 20 00 52 38.04 116.09 90.39
2022 04 20 00 53 37.94 116.10 90.54
2022 04 20 00 54 37.84 116.12 90.70
2022 04 20 00 55 37.74 116.13 90.85
2022 04 20 00 56 37.64 116.15 91.00
2022 04 20 00 57 37.54 116.16 91.15
2022 04 20 00 58 37.44 116.18 91.29
2022 04 20 00 59 37.33 116.19 91.44
2022 04 20 01 00 37.23 116.20 91.58
2022 04 20 01 01 37.13 116.22 91.72
2022 04 20 01 02 37.02 116.23 91.85
2022 04 20 01 03 36.92 116.24 91.99
2022 04 20 01 04 36.82 116.25 92.12
2022 04 20 01 05 36.71 116.27 92.25
2022 04 20 01 06 36.61 116.28 92.37
2022 04 20 01 07 36.51 116.29 92.49
2022 04 20 01 08 36.40 116.30 92.61
2022 04 20 01 09 36.30 116.31 92.73
2022 04 20 01 10 36.19 116.32 92.84
2022 04 20 01 11 36.09 116.33 92.94
2022 04 20 01 12 35.98 116.35 93.04
2022 04 20 01 13 35.88 116.36 93.14
2022 04 20 01 14 35.77 116.37 93.23
2022 04 20 01 15 35.67 116.38 93.31
2022 04 20 01 16 35.56 116.39 93.39
2022 04 20 01 17 35.46 116.40 93.46
2022 04 20 01 18 35.35 116.41 93.53
2022 04 20 01 19 35.24 116.41 93.59
2022 04 20 01 20 35.14 116.42 93.64
2022 04 20 01 21 35.03 116.43 93.67
2022 04 20 01 22 34.93 116.44 93.70
2022 04 20 01 23 34.82 116.45 93.72
2022 04 20 01 24 34.71 116.46 93.73
2022 04 20 01 25 34.60 116.47 93.72
2022 04 20 01 26 34.50 116.47 93.69
2022 04 20 01 27 34.39 116.48 93.65
2022 04 20 01 28 34.28 116.49 93.60
2022 04 20 01 29 34.18 116.50 93.52
2022 04 20 01 30 34.07 116.50 93.41
2022 04 20 01 31 33.96 116.51 93.28
2022 04 20 01 32 33.85 116.52 93.12
2022 04 20 01 33 33.74 116.52 92.93
2022 04 20 01 34 33.64 116.53 92.69
2022 04 20 01 35 33.53 116.53 92.41
2022 04 20 01 36 33.42 116.54 92.07
2022 04 20 01 37 33.31 116.55 91.67
2022 04 20 01 38 33.20 116.55 91.20
2022 04 20 01 39 33.09 116.56 90.64
2022 04 20 01 40 32.98 116.56 89.97
2022 04 20 01 41 32.87 116.57 89.18
2022 04 20 01 42 32.76 116.57 88.23
2022 04 20 01 43 32.65 116.57 87.09
2022 04 20 01 44 32.55 116.58 85.72
2022 04 20 01 45 32.44 116.58 84.07
2022 04 20 01 46 32.33 116.59 82.07
2022 04 20 01 47 32.22 116.59 79.67
2022 04 20 01 48 32.11 116.59 76.80
2022 04 20 01 49 32.00 116.60 73.46
2022 04 20 01 50 31.89 116.60 69.74
2022 04 20 01 51 31.78 116.60 65.90
2022 04 20 01 52 31.67 116.60 62.37
2022 04 20 01 53 31.56 116.61 59.63
2022 04 20 01 54 31.45 116.61 57.97
2022 04 20 01 55 31.33 116.61 57.35
2022 04 20 01 56 31.22 116.61 57.48
2022 04 20 01 57 31.11 116.61 58.05
2022 04 20 01 58 31.00 116.62 58.83
2022 04 20 01 59 30.89 116.62 59.67
2022 04 20 02 00 30.78 116.62 60.47
2022 04 20 02 01 30.67 116.62 61.22
2022 04 20 02 02 30.56 116.62 61.88
2022 04 20 02 03 30.45 116.62 62.47
2022 04 20 02 04 30.34 116.62 62.98
2022 04 20 02 05 30.23 116.62 63.42
2022 04 20 02 06 30.11 116.62 63.81
2022 04 20 02 07 30.00 116.62 64.13
2022 04 20 02 08 29.89 116.62 64.41
2022 04 20 02 09 29.78 116.62 64.65
2022 04 20 02 10 29.67 116.62 64.85
2022 04 20 02 11 29.56 116.62 65.02
2022 04 20 02 12 29.44 116.62 65.16
2022 04 20 02 13 29.33 116.61 65.27
2022 04 20 02 14 29.22 116.61 65.36
2022 04 20 02 15 29.11 116.61 65.43
2022 04 20 02 16 29.00 116.61 65.48
2022 04 20 02 17 28.89 116.61 65.52
2022 04 20 02 18 28.77 116.60 65.54
2022 04 20 02 19 28.66 116.60 65.55
2022 04 20 02 20 28.55 116.60 65.55
2022 04 20 02 21 28.44 116.59 65.53
2022 04 20 02 22 28.32 116.59 65.51
2022 04 20 02 23 28.21 116.59 65.47
2022 04 20 02 24 28.10 116.58 65.43
2022 04 20 02 25 27.99 116.58 65.38
2022 04 20 02 26 27.88 116.58 65.33
2022 04 20 02 27 27.76 116.57 65.26
2022 04 20 02 28 27.65 116.57 65.20
2022 04 20 02 29 27.54 116.56 65.12
2022 04 20 02 30 27.43 116.56 65.04
2022 04 20 02 31 27.31 116.55 64.96
2022 04 20 02 32 27.20 116.55 64.87
2022 04 20 02 33 27.09 116.54 64.78
2022 04 20 02 34 26.98 116.54 64.69
2022 04 20 02 35 26.86 116.53 64.59
2022 04 20 02 36 26.75 116.52 64.49
2022 04 20 02 37 26.64 116.52 64.38
2022 04 20 02 38 26.53 116.51 64.27
2022 04 20 02 39 26.42 116.50 64.16
2022 04 20 02 40 26.30 116.50 64.05
2022 04 20 02 41 26.19 116.49 63.93
2022 04 20 02 42 26.08 116.48 63.82
2022 04 20 02 43 25.97 116.47 63.70
2022 04 20 02 44 25.85 116.47 63.58
2022 04 20 02 45 25.74 116.46 63.45
2022 04 20 02 46 25.63 116.45 63.33
2022 04 20 02 47 25.52 116.44 63.20
2022 04 20 02 48 25.40 116.43 63.07
2022 04 20 02 49 25.29 116.42 62.94
2022 04 20 02 50 25.18 116.42 62.81
2022 04 20 02 51 25.07 116.41 62.68
2022 04 20 02 52 24.95 116.40 62.55
2022 04 20 02 53 24.84 116.39 62.41
2022 04 20 02 54 24.73 116.38 62.28
2022 04 20 02 55 24.62 116.37 62.14
2022 04 20 02 56 24.50 116.36 62.00
2022 04 20 02 57 24.39 116.35 61.86
2022 04 20 02 58 24.28 116.34 61.73
2022 04 20 02 59 24.17 116.33 61.58
2022 04 20 03 00 24.06 116.31 61.44
2022 04 20 03 01 23.94 116.30 61.30
2022 04 20 03 02 23.83 116.29 61.16
2022 04 20 03 03 23.72 116.28 61.01
2022 04 20 03 04 23.61 116.27 60.87
2022 04 20 03 05 23.50 116.26 60.73
2022 04 20 03 06 23.38 116.24 60.58
2022 04 20 03 07 23.27 116.23 60.43
2022 04 20 03 08 23.16 116.22 60.29
2022 04 20 03 09 23.05 116.20 60.14
2022 04 20 03 10 22.94 116.19 59.99
2022 04 20 03 11 22.82 116.18 59.84
2022 04 20 03 12 22.71 116.16 59.69
2022 04 20 03 13 22.60 116.15 59.55
2022 04 20 03 14 22.49 116.14 59.40
2022 04 20 03 15 22.38 116.12 59.25
2022 04 20 03 16 22.27 116.11 59.09
2022 04 20 03 17 22.16 116.09 58.94
2022 04 20 03 18 22.04 116.08 58.79
2022 04 20 03 19 21.93 116.06 58.64
2022 04 20 03 20 21.82 116.04 58.49
2022 04 20 03 21 21.71 116.03 58.34
2022 04 20 03 22 21.60 116.01 58.18
2022 04 20 03 23 21.49 116.00 58.03
2022 04 20 03 24 21.38 115.98 57.88
2022 04 20 03 25 21.27 115.96 57.72
2022 04 20 03 26 21.16 115.95 57.57
2022 04 20 03 27 21.05 115.93 57.41
2022 04 20 03 28 20.93 115.91 57.26
2022 04 20 03 29 20.82 115.89 57.10
2022 04 20 03 30 20.71 115.88 56.95
2022 04 20 03 31 20.60 115.86 56.79
2022 04 20 03 32 20.49 115.84 56.64
2022 04 20 03 33 20.38 115.82 56.48
2022 04 20 03 34 20.27 115.80 56.33
2022 04 20 03 35 20.16 115.78 56.17
2022 04 20 03 36 20.05 115.76 56.01
2022 04 20 03 37 19.94 115.74 55.86
2022 04 20 03 38 19.83 115.72 55.70
2022 04 20 03 39 19.72 115.70 55.54
2022 04 20 03 40 19.61 115.68 55.39
2022 04 20 03 41 19.50 115.66 55.23
2022 04 20 03 42 19.39 115.64 55.07
2022 04 20 03 43 19.29 115.62 54.91
2022 04 20 03 44 19.18 115.60 54.75
2022 04 20 03 45 19.07 115.58 54.60
2022 04 20 03 46 18.96 115.56 54.44
2022 04 20 03 47 18.85 115.53 54.28
2022 04 20 03 48 18.74 115.51 54.12
2022 04 20 03 49 18.63 115.49 53.96
2022 04 20 03 50 18.52 115.47 53.80
2022 04 20 03 51 18.41 115.44 53.64
2022 04 20 03 52 18.31 115.42 53.48
2022 04 20 03 53 18.20 115.39 53.32
2022 04 20 03 54 18.09 115.37 53.16
2022 04 20 03 55 17.98 115.35 53.01
2022 04 20 03 56 17.87 115.32 52.85
2022 04 20 03 57 17.77 115.30 52.69
2022 04 20 03 58 17.66 115.27 52.53
2022 04 20 03 59 17.55 115.25 52.36
2022 04 20 04 00 17.44 115.22 52.20
2022 04 20 04 01 17.34 115.19 52.04
2022 04 20 04 02 17.23 115.17 51.88
2022 04 20 04 03 17.12 115.14 51.72
2022 04 20 04 04 17.01 115.12 51.56
2022 04 20 04 05 16.91 115.09 51.40
2022 04 20 04 06 16.80 115.06 51.24
2022 04 20 04 07 16.69 115.03 51.08
2022 04 20 04 08 16.59 115.01 50.92
2022 04 20 04 09 16.48 114.98 50.76
2022 04 20 04 10 16.38 114.95 50.59
2022 04 20 04 11 16.27 114.92 50.43
2022 04 20 04 12 16.16 114.89 50.27
2022 04 20 04 13 16.06 114.86 50.11
2022 04 20 04 14 15.95 114.83 49.95
2022 04 20 04 15 15.85 114.80 49.79
2022 04 20 04 16 15.74 114.77 49.62
2022 04 20 04 17 15.64 114.74 49.46
2022 04 20 04 18 15.53 114.71 49.30
2022 04 20 04 19 15.43 114.68 49.14
2022 04 20 04 20 15.32 114.65 48.97
2022 04 20 04 21 15.22 114.62 48.81
2022 04 20 04 22 15.11 114.58 48.65
2022 04 20 04 23 15.01 114.55 48.49
2022 04 20 04 24 14.91 114.52 48.32
2022 04 20 04 25 14.80 114.49 48.16
2022 04 20 04 26 14.70 114.45 48.00
2022 04 20 04 27 14.59 114.42 47.83
2022 04 20 04 28 14.49 114.39 47.67
2022 04 20 04 29 14.39 114.35 47.51
2022 04 20 04 30 14.28 114.32 47.35
2022 04 20 04 31 14.18 114.28 47.18
2022 04 20 04 32 14.08 114.25 47.02
2022 04 20 04 33 13.98 114.21 46.85
2022 04 20 04 34 13.87 114.18 46.69
2022 04 20 04 35 13.77 114.14 46.53
2022 04 20 04 36 13.67 114.10 46.36
2022 04 20 04 37 13.57 114.07 46.20
2022 04 20 04 38 13.47 114.03 46.03
2022 04 20 04 39 13.36 113.99 45.87
2022 04 20 04 40 13.26 113.96 45.71
2022 04 20 04 41 13.16 113.92 45.54
2022 04 20 04 42 13.06 113.88 45.38
2022 04 20 04 43 12.96 113.84 45.21
2022 04 20 04 44 12.86 113.80 45.05
2022 04 20 04 45 12.76 113.76 44.88
2022 04 20 04 46 12.66 113.72 44.72
2022 04 20 04 47 12.56 113.68 44.55
2022 04 20 04 48 12.46 113.64 44.39
2022 04 20 04 49 12.36 113.60 44.22
2022 04 20 04 50 12.26 113.56 44.06
2022 04 20 04 51 12.16 0.00 0.00
2022 04 20 04 52 12.06 0.00 0.00
2022 04 20 04 53 11.96 0.00 0.00
2022 04 20 04 54 11.86 0.00 0.00
2022 04 20 04 55 11.77 0.00 0.00
2022 04 20 04 56 11.67 0.00 0.00
2022 04 20 04 57 11.57 0.00 0.00
2022 04 20 04 58 11.47 0.00 0.00
2022 04 20 04 59 11.37 0.00 0.00
