# year, month, day, hour, min, alt, baseline, separation moon
2022 04 16 17 00 29.18 0.00 0.00
2022 04 16 17 01 29.29 0.00 0.00
2022 04 16 17 02 29.40 0.00 0.00
2022 04 16 17 03 29.51 0.00 0.00
2022 04 16 17 04 29.62 0.00 0.00
2022 04 16 17 05 29.74 0.00 0.00
2022 04 16 17 06 29.85 0.00 0.00
2022 04 16 17 07 29.96 0.00 0.00
2022 04 16 17 08 30.07 0.00 0.00
2022 04 16 17 09 30.18 0.00 0.00
2022 04 16 17 10 30.29 0.00 0.00
2022 04 16 17 11 30.40 0.00 0.00
2022 04 16 17 12 30.51 0.00 0.00
2022 04 16 17 13 30.63 0.00 0.00
2022 04 16 17 14 30.74 0.00 0.00
2022 04 16 17 15 30.85 0.00 0.00
2022 04 16 17 16 30.96 0.00 0.00
2022 04 16 17 17 31.07 0.00 0.00
2022 04 16 17 18 31.18 0.00 0.00
2022 04 16 17 19 31.29 0.00 0.00
2022 04 16 17 20 31.40 68.62 27.72
2022 04 16 17 21 31.51 68.80 27.77
2022 04 16 17 22 31.62 68.98 27.81
2022 04 16 17 23 31.73 69.17 27.86
2022 04 16 17 24 31.84 69.35 27.91
2022 04 16 17 25 31.95 69.54 27.96
2022 04 16 17 26 32.06 69.72 28.02
2022 04 16 17 27 32.17 69.90 28.07
2022 04 16 17 28 32.28 70.09 28.13
2022 04 16 17 29 32.39 70.27 28.19
2022 04 16 17 30 32.50 70.45 28.25
2022 04 16 17 31 32.61 70.64 28.31
2022 04 16 17 32 32.72 70.82 28.38
2022 04 16 17 33 32.83 71.01 28.45
2022 04 16 17 34 32.94 71.19 28.51
2022 04 16 17 35 33.05 71.37 28.59
2022 04 16 17 36 33.16 71.56 28.66
2022 04 16 17 37 33.27 71.74 28.73
2022 04 16 17 38 33.37 71.92 28.81
2022 04 16 17 39 33.48 72.11 28.89
2022 04 16 17 40 33.59 72.29 28.97
2022 04 16 17 41 33.70 72.47 29.05
2022 04 16 17 42 33.81 72.66 29.14
2022 04 16 17 43 33.92 72.84 29.22
2022 04 16 17 44 34.02 73.02 29.31
2022 04 16 17 45 34.13 73.21 29.40
2022 04 16 17 46 34.24 73.39 29.49
2022 04 16 17 47 34.35 73.57 29.59
2022 04 16 17 48 34.45 73.76 29.68
2022 04 16 17 49 34.56 73.94 29.78
2022 04 16 17 50 34.67 74.12 29.88
2022 04 16 17 51 34.78 74.30 29.98
2022 04 16 17 52 34.88 74.49 30.09
2022 04 16 17 53 34.99 74.67 30.19
2022 04 16 17 54 35.10 74.85 30.30
2022 04 16 17 55 35.20 75.03 30.41
2022 04 16 17 56 35.31 75.21 30.52
2022 04 16 17 57 35.41 75.40 30.63
2022 04 16 17 58 35.52 75.58 30.75
2022 04 16 17 59 35.63 75.76 30.87
2022 04 16 18 00 35.73 75.94 30.99
2022 04 16 18 01 35.84 76.12 31.11
2022 04 16 18 02 35.94 76.30 31.23
2022 04 16 18 03 36.05 76.48 31.35
2022 04 16 18 04 36.15 76.66 31.48
2022 04 16 18 05 36.26 76.84 31.61
2022 04 16 18 06 36.36 77.02 31.74
2022 04 16 18 07 36.46 77.20 31.87
2022 04 16 18 08 36.57 77.38 32.00
2022 04 16 18 09 36.67 77.56 32.14
2022 04 16 18 10 36.78 77.74 32.27
2022 04 16 18 11 36.88 77.92 32.41
2022 04 16 18 12 36.98 78.10 32.55
2022 04 16 18 13 37.09 78.28 32.70
2022 04 16 18 14 37.19 78.45 32.84
2022 04 16 18 15 37.29 78.63 32.99
2022 04 16 18 16 37.39 78.81 33.14
2022 04 16 18 17 37.50 78.99 33.29
2022 04 16 18 18 37.60 79.16 33.44
2022 04 16 18 19 37.70 79.34 33.59
2022 04 16 18 20 37.80 79.52 33.75
2022 04 16 18 21 37.90 79.69 33.90
2022 04 16 18 22 38.00 79.87 34.06
2022 04 16 18 23 38.10 80.05 34.22
2022 04 16 18 24 38.21 80.22 34.38
2022 04 16 18 25 38.31 80.40 34.55
2022 04 16 18 26 38.41 80.57 34.71
2022 04 16 18 27 38.51 80.75 34.88
2022 04 16 18 28 38.61 80.92 35.05
2022 04 16 18 29 38.71 81.10 35.22
2022 04 16 18 30 38.80 81.27 35.39
2022 04 16 18 31 38.90 81.44 35.56
2022 04 16 18 32 39.00 81.62 35.74
2022 04 16 18 33 39.10 81.79 35.92
2022 04 16 18 34 39.20 81.96 36.10
2022 04 16 18 35 39.30 82.13 36.28
2022 04 16 18 36 39.39 82.31 36.46
2022 04 16 18 37 39.49 82.48 36.64
2022 04 16 18 38 39.59 82.65 36.83
2022 04 16 18 39 39.69 82.82 37.02
2022 04 16 18 40 39.78 82.99 37.21
2022 04 16 18 41 39.88 83.16 37.40
2022 04 16 18 42 39.98 83.33 37.59
2022 04 16 18 43 40.07 83.50 37.78
2022 04 16 18 44 40.17 83.67 37.98
2022 04 16 18 45 40.26 83.84 38.18
2022 04 16 18 46 40.36 84.01 38.37
2022 04 16 18 47 40.45 84.18 38.58
2022 04 16 18 48 40.55 84.35 38.78
2022 04 16 18 49 40.64 84.51 38.98
2022 04 16 18 50 40.73 84.68 39.19
2022 04 16 18 51 40.83 84.85 39.39
2022 04 16 18 52 40.92 85.01 39.60
2022 04 16 18 53 41.01 85.18 39.81
2022 04 16 18 54 41.11 85.35 40.02
2022 04 16 18 55 41.20 85.51 40.24
2022 04 16 18 56 41.29 85.68 40.45
2022 04 16 18 57 41.38 85.84 40.67
2022 04 16 18 58 41.47 86.01 40.88
2022 04 16 18 59 41.56 86.17 41.10
2022 04 16 19 00 41.66 86.33 41.32
2022 04 16 19 01 41.75 86.50 41.55
2022 04 16 19 02 41.84 86.66 41.77
2022 04 16 19 03 41.93 86.82 42.00
2022 04 16 19 04 42.01 86.98 42.22
2022 04 16 19 05 42.10 87.15 42.45
2022 04 16 19 06 42.19 87.31 42.68
2022 04 16 19 07 42.28 87.47 42.91
2022 04 16 19 08 42.37 87.63 43.15
2022 04 16 19 09 42.46 87.79 43.38
2022 04 16 19 10 42.54 87.95 43.62
2022 04 16 19 11 42.63 88.11 43.86
2022 04 16 19 12 42.72 88.27 44.10
2022 04 16 19 13 42.80 88.42 44.34
2022 04 16 19 14 42.89 88.58 44.58
2022 04 16 19 15 42.97 88.74 44.82
2022 04 16 19 16 43.06 88.90 45.07
2022 04 16 19 17 43.14 89.05 45.31
2022 04 16 19 18 43.23 89.21 45.56
2022 04 16 19 19 43.31 89.37 45.81
2022 04 16 19 20 43.40 89.52 46.06
2022 04 16 19 21 43.48 89.68 46.32
2022 04 16 19 22 43.56 89.83 46.57
2022 04 16 19 23 43.64 89.99 46.83
2022 04 16 19 24 43.73 90.14 47.08
2022 04 16 19 25 43.81 90.29 47.34
2022 04 16 19 26 43.89 90.45 47.60
2022 04 16 19 27 43.97 90.60 47.86
2022 04 16 19 28 44.05 90.75 48.13
2022 04 16 19 29 44.13 90.90 48.39
2022 04 16 19 30 44.21 91.05 48.66
2022 04 16 19 31 44.29 91.20 48.93
2022 04 16 19 32 44.37 91.35 49.19
2022 04 16 19 33 44.44 91.50 49.46
2022 04 16 19 34 44.52 91.65 49.74
2022 04 16 19 35 44.60 91.80 50.01
2022 04 16 19 36 44.68 91.95 50.28
2022 04 16 19 37 44.75 92.10 50.56
2022 04 16 19 38 44.83 92.24 50.84
2022 04 16 19 39 44.90 92.39 51.12
2022 04 16 19 40 44.98 92.54 51.40
2022 04 16 19 41 45.05 92.68 51.68
2022 04 16 19 42 45.13 92.83 51.96
2022 04 16 19 43 45.20 92.98 52.25
2022 04 16 19 44 45.27 93.12 52.54
2022 04 16 19 45 45.35 93.26 52.82
2022 04 16 19 46 45.42 93.41 53.11
2022 04 16 19 47 45.49 93.55 53.40
2022 04 16 19 48 45.56 93.69 53.70
2022 04 16 19 49 45.63 93.84 53.99
2022 04 16 19 50 45.70 93.98 54.28
2022 04 16 19 51 45.77 94.12 54.58
2022 04 16 19 52 45.84 94.26 54.88
2022 04 16 19 53 45.91 94.40 55.18
2022 04 16 19 54 45.98 94.54 55.48
2022 04 16 19 55 46.05 94.68 55.78
2022 04 16 19 56 46.12 94.82 56.08
2022 04 16 19 57 46.18 94.96 56.39
2022 04 16 19 58 46.25 95.10 56.70
2022 04 16 19 59 46.32 95.23 57.00
2022 04 16 20 00 46.38 95.37 57.31
2022 04 16 20 01 46.45 95.51 57.62
2022 04 16 20 02 46.51 95.64 57.94
2022 04 16 20 03 46.58 95.78 58.25
2022 04 16 20 04 46.64 95.91 58.57
2022 04 16 20 05 46.70 96.05 58.88
2022 04 16 20 06 46.77 96.18 59.20
2022 04 16 20 07 46.83 96.32 59.52
2022 04 16 20 08 46.89 96.45 59.84
2022 04 16 20 09 46.95 96.58 60.16
2022 04 16 20 10 47.01 96.71 60.49
2022 04 16 20 11 47.07 96.85 60.81
2022 04 16 20 12 47.13 96.98 61.14
2022 04 16 20 13 47.19 97.11 61.47
2022 04 16 20 14 47.25 97.24 61.80
2022 04 16 20 15 47.30 97.37 62.13
2022 04 16 20 16 47.36 97.50 62.46
2022 04 16 20 17 47.42 97.63 62.79
2022 04 16 20 18 47.47 97.75 63.13
2022 04 16 20 19 47.53 97.88 63.46
2022 04 16 20 20 47.58 98.01 63.80
2022 04 16 20 21 47.64 98.14 64.14
2022 04 16 20 22 47.69 98.26 64.48
2022 04 16 20 23 47.74 98.39 64.83
2022 04 16 20 24 47.80 98.51 65.17
2022 04 16 20 25 47.85 98.64 65.51
2022 04 16 20 26 47.90 98.76 65.86
2022 04 16 20 27 47.95 98.89 66.21
2022 04 16 20 28 48.00 99.01 66.56
2022 04 16 20 29 48.05 99.13 66.91
2022 04 16 20 30 48.10 99.25 67.26
2022 04 16 20 31 48.15 99.38 67.62
2022 04 16 20 32 48.19 99.50 67.97
2022 04 16 20 33 48.24 99.62 68.33
2022 04 16 20 34 48.29 99.74 68.69
2022 04 16 20 35 48.33 99.86 69.05
2022 04 16 20 36 48.38 99.98 69.41
2022 04 16 20 37 48.42 100.10 69.77
2022 04 16 20 38 48.47 100.21 70.14
2022 04 16 20 39 48.51 100.33 70.50
2022 04 16 20 40 48.55 100.45 70.87
2022 04 16 20 41 48.60 100.57 71.24
2022 04 16 20 42 48.64 100.68 71.61
2022 04 16 20 43 48.68 100.80 71.98
2022 04 16 20 44 48.72 100.91 72.35
2022 04 16 20 45 48.76 101.03 72.73
2022 04 16 20 46 48.80 101.14 73.10
2022 04 16 20 47 48.84 101.26 73.48
2022 04 16 20 48 48.87 101.37 73.86
2022 04 16 20 49 48.91 101.48 74.24
2022 04 16 20 50 48.95 101.59 74.62
2022 04 16 20 51 48.98 101.71 75.01
2022 04 16 20 52 49.02 101.82 75.39
2022 04 16 20 53 49.05 101.93 75.78
2022 04 16 20 54 49.09 102.04 76.16
2022 04 16 20 55 49.12 102.15 76.55
2022 04 16 20 56 49.15 102.26 76.94
2022 04 16 20 57 49.18 102.37 77.34
2022 04 16 20 58 49.22 102.47 77.73
2022 04 16 20 59 49.25 102.58 78.13
2022 04 16 21 00 49.28 102.69 78.52
2022 04 16 21 01 49.31 102.80 78.92
2022 04 16 21 02 49.33 102.90 79.32
2022 04 16 21 03 49.36 103.01 79.72
2022 04 16 21 04 49.39 103.11 80.13
2022 04 16 21 05 49.42 103.22 80.53
2022 04 16 21 06 49.44 103.32 80.94
2022 04 16 21 07 49.47 103.43 81.35
2022 04 16 21 08 49.49 103.53 81.75
2022 04 16 21 09 49.52 103.63 82.17
2022 04 16 21 10 49.54 103.73 82.58
2022 04 16 21 11 49.56 103.84 82.99
2022 04 16 21 12 49.58 103.94 83.41
2022 04 16 21 13 49.61 104.04 83.82
2022 04 16 21 14 49.63 104.14 84.24
2022 04 16 21 15 49.65 104.24 84.66
2022 04 16 21 16 49.67 104.34 85.08
2022 04 16 21 17 49.68 104.44 85.51
2022 04 16 21 18 49.70 104.53 85.93
2022 04 16 21 19 49.72 104.63 86.36
2022 04 16 21 20 49.74 104.73 86.78
2022 04 16 21 21 49.75 104.83 87.21
2022 04 16 21 22 49.77 104.92 87.64
2022 04 16 21 23 49.78 105.02 88.08
2022 04 16 21 24 49.79 105.11 88.51
2022 04 16 21 25 49.81 105.21 88.95
2022 04 16 21 26 49.82 105.30 89.38
2022 04 16 21 27 49.83 105.40 89.82
2022 04 16 21 28 49.84 105.49 90.26
2022 04 16 21 29 49.85 105.58 90.70
2022 04 16 21 30 49.86 105.67 91.15
2022 04 16 21 31 49.87 105.77 91.59
2022 04 16 21 32 49.88 105.86 92.04
2022 04 16 21 33 49.89 105.95 92.48
2022 04 16 21 34 49.89 106.04 92.93
2022 04 16 21 35 49.90 106.13 93.38
2022 04 16 21 36 49.90 106.22 93.83
2022 04 16 21 37 49.91 106.31 94.29
2022 04 16 21 38 49.91 106.40 94.74
2022 04 16 21 39 49.92 106.48 95.20
2022 04 16 21 40 49.92 106.57 95.66
2022 04 16 21 41 49.92 106.66 96.11
2022 04 16 21 42 49.92 106.75 96.57
2022 04 16 21 43 49.92 106.83 97.04
2022 04 16 21 44 49.92 106.92 97.50
2022 04 16 21 45 49.92 107.00 97.96
2022 04 16 21 46 49.92 107.09 98.43
2022 04 16 21 47 49.92 107.17 98.89
2022 04 16 21 48 49.91 107.26 99.36
2022 04 16 21 49 49.91 107.34 99.83
2022 04 16 21 50 49.91 107.42 100.30
2022 04 16 21 51 49.90 107.50 100.77
2022 04 16 21 52 49.89 107.59 101.24
2022 04 16 21 53 49.89 107.67 101.71
2022 04 16 21 54 49.88 107.75 102.19
2022 04 16 21 55 49.87 107.83 102.66
2022 04 16 21 56 49.86 107.91 103.13
2022 04 16 21 57 49.85 107.99 103.61
2022 04 16 21 58 49.84 108.07 104.09
2022 04 16 21 59 49.83 108.15 104.56
2022 04 16 22 00 49.82 108.22 105.04
2022 04 16 22 01 49.81 108.30 105.51
2022 04 16 22 02 49.80 108.38 105.99
2022 04 16 22 03 49.78 108.46 106.47
2022 04 16 22 04 49.77 108.53 106.94
2022 04 16 22 05 49.75 108.61 107.42
2022 04 16 22 06 49.74 108.68 107.89
2022 04 16 22 07 49.72 108.76 108.37
2022 04 16 22 08 49.71 108.83 108.84
2022 04 16 22 09 49.69 108.91 109.32
2022 04 16 22 10 49.67 108.98 109.79
2022 04 16 22 11 49.65 109.05 110.26
2022 04 16 22 12 49.63 109.13 110.73
2022 04 16 22 13 49.61 109.20 111.19
2022 04 16 22 14 49.59 109.27 111.66
2022 04 16 22 15 49.57 109.34 112.12
2022 04 16 22 16 49.54 109.41 112.58
2022 04 16 22 17 49.52 109.48 113.04
2022 04 16 22 18 49.50 109.55 113.49
2022 04 16 22 19 49.47 109.62 113.94
2022 04 16 22 20 49.45 109.69 114.39
2022 04 16 22 21 49.42 109.76 114.83
2022 04 16 22 22 49.40 109.83 115.27
2022 04 16 22 23 49.37 109.90 115.70
2022 04 16 22 24 49.34 109.96 116.12
2022 04 16 22 25 49.31 110.03 116.54
2022 04 16 22 26 49.28 110.10 116.96
2022 04 16 22 27 49.25 110.16 117.37
2022 04 16 22 28 49.22 110.23 117.77
2022 04 16 22 29 49.19 110.30 118.16
2022 04 16 22 30 49.16 110.36 118.54
2022 04 16 22 31 49.13 110.42 118.92
2022 04 16 22 32 49.09 110.49 119.28
2022 04 16 22 33 49.06 110.55 119.64
2022 04 16 22 34 49.03 110.62 119.98
2022 04 16 22 35 48.99 110.68 120.32
2022 04 16 22 36 48.95 110.74 120.64
2022 04 16 22 37 48.92 110.80 120.95
2022 04 16 22 38 48.88 110.86 121.24
2022 04 16 22 39 48.84 110.92 121.52
2022 04 16 22 40 48.80 110.99 121.79
2022 04 16 22 41 48.77 111.05 122.04
2022 04 16 22 42 48.73 111.11 122.28
2022 04 16 22 43 48.69 111.17 122.49
2022 04 16 22 44 48.65 111.22 122.70
2022 04 16 22 45 48.60 111.28 122.88
2022 04 16 22 46 48.56 111.34 123.05
2022 04 16 22 47 48.52 111.40 123.19
2022 04 16 22 48 48.48 111.46 123.32
2022 04 16 22 49 48.43 111.51 123.43
2022 04 16 22 50 48.39 111.57 123.51
2022 04 16 22 51 48.34 111.63 123.58
2022 04 16 22 52 48.30 111.68 123.62
2022 04 16 22 53 48.25 111.74 123.64
2022 04 16 22 54 48.20 111.79 123.64
2022 04 16 22 55 48.15 111.85 123.62
2022 04 16 22 56 48.11 111.90 123.57
2022 04 16 22 57 48.06 111.95 123.50
2022 04 16 22 58 48.01 112.01 123.41
2022 04 16 22 59 47.96 112.06 123.29
2022 04 16 23 00 47.91 112.11 123.15
2022 04 16 23 01 47.86 112.17 122.99
2022 04 16 23 02 47.80 112.22 122.81
2022 04 16 23 03 47.75 112.27 122.60
2022 04 16 23 04 47.70 112.32 122.37
2022 04 16 23 05 47.65 112.37 122.12
2022 04 16 23 06 47.59 112.42 121.85
2022 04 16 23 07 47.54 112.47 121.55
2022 04 16 23 08 47.48 112.52 121.24
2022 04 16 23 09 47.43 112.57 120.90
2022 04 16 23 10 47.37 112.62 120.55
2022 04 16 23 11 47.31 112.67 120.17
2022 04 16 23 12 47.26 112.72 119.78
2022 04 16 23 13 47.20 112.76 119.37
2022 04 16 23 14 47.14 112.81 118.94
2022 04 16 23 15 47.08 112.86 118.50
2022 04 16 23 16 47.02 112.90 118.04
2022 04 16 23 17 46.96 112.95 117.57
2022 04 16 23 18 46.90 113.00 117.08
2022 04 16 23 19 46.84 113.04 116.58
2022 04 16 23 20 46.78 113.09 116.06
2022 04 16 23 21 46.71 113.13 115.54
2022 04 16 23 22 46.65 113.18 115.00
2022 04 16 23 23 46.59 113.22 114.46
2022 04 16 23 24 46.52 113.26 113.90
2022 04 16 23 25 46.46 113.31 113.34
2022 04 16 23 26 46.39 113.35 112.77
2022 04 16 23 27 46.33 113.39 112.19
2022 04 16 23 28 46.26 113.44 111.60
2022 04 16 23 29 46.20 113.48 111.01
2022 04 16 23 30 46.13 113.52 110.42
2022 04 16 23 31 46.06 113.56 109.82
2022 04 16 23 32 45.99 113.60 109.21
2022 04 16 23 33 45.93 113.64 108.60
2022 04 16 23 34 45.86 113.68 107.99
2022 04 16 23 35 45.79 113.72 107.38
2022 04 16 23 36 45.72 113.76 106.77
2022 04 16 23 37 45.65 113.80 106.15
2022 04 16 23 38 45.58 113.84 105.53
2022 04 16 23 39 45.51 113.88 104.92
2022 04 16 23 40 45.43 113.92 104.30
2022 04 16 23 41 45.36 113.96 103.68
2022 04 16 23 42 45.29 113.99 103.06
2022 04 16 23 43 45.22 114.03 102.45
2022 04 16 23 44 45.14 114.07 101.83
2022 04 16 23 45 45.07 114.10 101.22
2022 04 16 23 46 44.99 114.14 100.61
2022 04 16 23 47 44.92 114.18 100.00
2022 04 16 23 48 44.84 114.21 99.39
2022 04 16 23 49 44.77 114.25 98.79
2022 04 16 23 50 44.69 114.28 98.18
2022 04 16 23 51 44.61 114.32 97.58
2022 04 16 23 52 44.54 114.35 96.99
2022 04 16 23 53 44.46 114.39 96.39
2022 04 16 23 54 44.38 114.42 95.80
2022 04 16 23 55 44.30 114.45 95.22
2022 04 16 23 56 44.22 114.49 94.63
2022 04 16 23 57 44.14 114.52 94.05
2022 04 16 23 58 44.06 114.55 93.48
2022 04 16 23 59 43.98 114.58 92.90
2022 04 17 00 00 43.90 114.62 92.34
2022 04 17 00 01 43.82 114.65 91.77
2022 04 17 00 02 43.74 114.68 91.21
2022 04 17 00 03 43.66 114.71 90.65
2022 04 17 00 04 43.58 114.74 90.10
2022 04 17 00 05 43.49 114.77 89.55
2022 04 17 00 06 43.41 114.80 89.01
2022 04 17 00 07 43.33 114.83 88.46
2022 04 17 00 08 43.24 114.86 87.93
2022 04 17 00 09 43.16 114.89 87.39
2022 04 17 00 10 43.07 114.92 86.86
2022 04 17 00 11 42.99 114.95 86.34
2022 04 17 00 12 42.90 114.98 85.82
2022 04 17 00 13 42.82 115.01 85.30
2022 04 17 00 14 42.73 115.03 84.79
2022 04 17 00 15 42.65 115.06 84.28
2022 04 17 00 16 42.56 115.09 83.77
2022 04 17 00 17 42.47 115.12 83.27
2022 04 17 00 18 42.38 115.14 82.77
2022 04 17 00 19 42.30 115.17 82.28
2022 04 17 00 20 42.21 115.19 81.79
2022 04 17 00 21 42.12 115.22 81.30
2022 04 17 00 22 42.03 115.25 80.82
2022 04 17 00 23 41.94 115.27 80.34
2022 04 17 00 24 41.85 115.30 79.86
2022 04 17 00 25 41.76 115.32 79.39
2022 04 17 00 26 41.67 115.35 78.92
2022 04 17 00 27 41.58 115.37 78.46
2022 04 17 00 28 41.49 115.39 78.00
2022 04 17 00 29 41.40 115.42 77.54
2022 04 17 00 30 41.31 115.44 77.09
2022 04 17 00 31 41.22 115.47 76.64
2022 04 17 00 32 41.12 115.49 76.19
2022 04 17 00 33 41.03 115.51 75.75
2022 04 17 00 34 40.94 115.53 75.30
2022 04 17 00 35 40.85 115.56 74.87
2022 04 17 00 36 40.75 115.58 74.43
2022 04 17 00 37 40.66 115.60 74.00
2022 04 17 00 38 40.56 115.62 73.57
2022 04 17 00 39 40.47 115.64 73.15
2022 04 17 00 40 40.38 115.66 72.73
2022 04 17 00 41 40.28 115.68 72.31
2022 04 17 00 42 40.19 115.70 71.89
2022 04 17 00 43 40.09 115.72 71.48
2022 04 17 00 44 39.99 115.74 71.07
2022 04 17 00 45 39.90 115.76 70.66
2022 04 17 00 46 39.80 115.78 70.26
2022 04 17 00 47 39.70 115.80 69.85
2022 04 17 00 48 39.61 115.82 69.46
2022 04 17 00 49 39.51 115.84 69.06
2022 04 17 00 50 39.41 115.86 68.66
2022 04 17 00 51 39.32 115.88 68.27
2022 04 17 00 52 39.22 115.89 67.89
2022 04 17 00 53 39.12 115.91 67.50
2022 04 17 00 54 39.02 115.93 67.12
2022 04 17 00 55 38.92 115.95 66.73
2022 04 17 00 56 38.82 115.96 66.36
2022 04 17 00 57 38.72 115.98 65.98
2022 04 17 00 58 38.62 116.00 65.61
2022 04 17 00 59 38.53 116.01 65.23
2022 04 17 01 00 38.43 116.03 64.86
2022 04 17 01 01 38.32 116.04 64.50
2022 04 17 01 02 38.22 116.06 64.13
2022 04 17 01 03 38.12 116.08 63.77
2022 04 17 01 04 38.02 116.09 63.41
2022 04 17 01 05 37.92 116.11 63.05
2022 04 17 01 06 37.82 116.12 62.70
2022 04 17 01 07 37.72 116.13 62.34
2022 04 17 01 08 37.62 116.15 61.99
2022 04 17 01 09 37.52 116.16 61.64
2022 04 17 01 10 37.41 116.18 61.29
2022 04 17 01 11 37.31 116.19 60.95
2022 04 17 01 12 37.21 116.20 60.60
2022 04 17 01 13 37.11 116.22 60.26
2022 04 17 01 14 37.00 116.23 59.92
2022 04 17 01 15 36.90 116.24 59.58
2022 04 17 01 16 36.80 116.25 59.25
2022 04 17 01 17 36.69 116.27 58.91
2022 04 17 01 18 36.59 116.28 58.58
2022 04 17 01 19 36.48 116.29 58.25
2022 04 17 01 20 36.38 116.30 57.92
2022 04 17 01 21 36.28 116.31 57.59
2022 04 17 01 22 36.17 116.32 57.27
2022 04 17 01 23 36.07 116.34 56.94
2022 04 17 01 24 35.96 116.35 56.62
2022 04 17 01 25 35.86 116.36 56.30
2022 04 17 01 26 35.75 116.37 55.98
2022 04 17 01 27 35.65 116.38 55.67
2022 04 17 01 28 35.54 116.39 55.35
2022 04 17 01 29 35.43 116.40 55.04
2022 04 17 01 30 35.33 116.41 54.72
2022 04 17 01 31 35.22 116.41 54.41
2022 04 17 01 32 35.12 116.42 54.10
2022 04 17 01 33 35.01 116.43 53.80
2022 04 17 01 34 34.90 116.44 53.49
2022 04 17 01 35 34.80 116.45 53.18
2022 04 17 01 36 34.69 116.46 52.88
2022 04 17 01 37 34.58 116.47 52.58
2022 04 17 01 38 34.47 116.47 52.28
2022 04 17 01 39 34.37 116.48 51.98
2022 04 17 01 40 34.26 116.49 51.68
2022 04 17 01 41 34.15 116.50 51.39
2022 04 17 01 42 34.04 116.50 51.09
2022 04 17 01 43 33.94 116.51 50.80
2022 04 17 01 44 33.83 116.52 50.50
2022 04 17 01 45 33.72 116.52 50.21
2022 04 17 01 46 33.61 116.53 49.92
2022 04 17 01 47 33.50 116.53 49.63
2022 04 17 01 48 33.40 116.54 49.35
2022 04 17 01 49 33.29 116.55 49.06
2022 04 17 01 50 33.18 116.55 48.78
2022 04 17 01 51 33.07 116.56 48.49
2022 04 17 01 52 32.96 116.56 48.21
2022 04 17 01 53 32.85 116.57 47.93
2022 04 17 01 54 32.74 116.57 47.65
2022 04 17 01 55 32.63 116.57 47.37
2022 04 17 01 56 32.52 116.58 47.09
2022 04 17 01 57 32.41 116.58 46.82
2022 04 17 01 58 32.30 116.59 46.54
2022 04 17 01 59 32.19 116.59 46.27
2022 04 17 02 00 32.08 116.59 45.99
2022 04 17 02 01 31.97 116.60 45.72
2022 04 17 02 02 31.86 116.60 45.45
2022 04 17 02 03 31.75 116.60 45.18
2022 04 17 02 04 31.64 116.60 44.91
2022 04 17 02 05 31.53 116.61 44.64
2022 04 17 02 06 31.42 116.61 44.37
2022 04 17 02 07 31.31 116.61 44.11
2022 04 17 02 08 31.20 116.61 43.84
2022 04 17 02 09 31.09 116.61 43.58
2022 04 17 02 10 30.98 116.62 43.32
2022 04 17 02 11 30.87 116.62 43.06
2022 04 17 02 12 30.76 116.62 42.80
2022 04 17 02 13 30.65 116.62 42.54
2022 04 17 02 14 30.54 116.62 42.28
2022 04 17 02 15 30.42 116.62 42.02
2022 04 17 02 16 30.31 116.62 41.76
2022 04 17 02 17 30.20 116.62 41.51
2022 04 17 02 18 30.09 116.62 41.25
2022 04 17 02 19 29.98 116.62 41.00
2022 04 17 02 20 29.87 116.62 40.74
2022 04 17 02 21 29.76 116.62 40.49
2022 04 17 02 22 29.64 116.62 40.24
2022 04 17 02 23 29.53 116.61 39.99
2022 04 17 02 24 29.42 116.61 39.74
2022 04 17 02 25 29.31 116.61 39.49
2022 04 17 02 26 29.20 116.61 39.24
2022 04 17 02 27 29.09 116.61 38.99
2022 04 17 02 28 28.97 116.61 38.75
2022 04 17 02 29 28.86 116.60 38.50
2022 04 17 02 30 28.75 116.60 38.26
2022 04 17 02 31 28.64 116.60 38.01
2022 04 17 02 32 28.53 116.60 37.77
2022 04 17 02 33 28.41 116.59 37.53
2022 04 17 02 34 28.30 116.59 37.29
2022 04 17 02 35 28.19 116.59 37.05
2022 04 17 02 36 28.08 116.58 36.81
2022 04 17 02 37 27.97 116.58 36.57
2022 04 17 02 38 27.85 116.57 36.33
2022 04 17 02 39 27.74 116.57 36.09
2022 04 17 02 40 27.63 116.56 35.85
2022 04 17 02 41 27.52 116.56 35.62
2022 04 17 02 42 27.40 116.55 35.38
2022 04 17 02 43 27.29 116.55 35.15
2022 04 17 02 44 27.18 116.54 34.91
2022 04 17 02 45 27.07 116.54 34.68
2022 04 17 02 46 26.95 116.53 34.45
2022 04 17 02 47 26.84 116.53 34.22
2022 04 17 02 48 26.73 116.52 33.99
2022 04 17 02 49 26.62 116.51 33.76
2022 04 17 02 50 26.50 116.51 33.53
2022 04 17 02 51 26.39 116.50 33.30
2022 04 17 02 52 26.28 116.49 33.07
2022 04 17 02 53 26.17 116.49 32.84
2022 04 17 02 54 26.05 116.48 32.62
2022 04 17 02 55 25.94 116.47 32.39
2022 04 17 02 56 25.83 116.46 32.17
2022 04 17 02 57 25.72 116.46 31.94
2022 04 17 02 58 25.61 116.45 31.72
2022 04 17 02 59 25.49 116.44 31.49
2022 04 17 03 00 25.38 116.43 31.27
2022 04 17 03 01 25.27 116.42 31.05
2022 04 17 03 02 25.16 116.41 30.83
2022 04 17 03 03 25.04 116.40 30.61
2022 04 17 03 04 24.93 116.39 30.39
2022 04 17 03 05 24.82 116.38 30.17
2022 04 17 03 06 24.71 116.37 29.95
2022 04 17 03 07 24.59 116.36 29.73
2022 04 17 03 08 24.48 116.35 29.52
2022 04 17 03 09 24.37 116.34 29.30
2022 04 17 03 10 24.26 116.33 29.08
2022 04 17 03 11 24.15 116.32 28.87
2022 04 17 03 12 24.03 116.31 28.65
2022 04 17 03 13 23.92 116.30 28.44
2022 04 17 03 14 23.81 116.29 28.23
2022 04 17 03 15 23.70 116.28 28.01
2022 04 17 03 16 23.58 116.26 27.80
2022 04 17 03 17 23.47 116.25 27.59
2022 04 17 03 18 23.36 116.24 27.38
2022 04 17 03 19 23.25 116.23 27.17
2022 04 17 03 20 23.14 116.21 26.96
2022 04 17 03 21 23.03 116.20 26.75
2022 04 17 03 22 22.91 116.19 26.54
2022 04 17 03 23 22.80 116.17 26.33
2022 04 17 03 24 22.69 116.16 26.13
2022 04 17 03 25 22.58 116.15 25.92
2022 04 17 03 26 22.47 116.13 25.71
2022 04 17 03 27 22.36 116.12 25.51
2022 04 17 03 28 22.24 116.10 25.31
2022 04 17 03 29 22.13 116.09 25.10
2022 04 17 03 30 22.02 116.07 24.90
2022 04 17 03 31 21.91 116.06 24.70
2022 04 17 03 32 21.80 116.04 24.49
2022 04 17 03 33 21.69 116.02 24.29
2022 04 17 03 34 21.58 116.01 24.09
2022 04 17 03 35 21.47 115.99 23.89
2022 04 17 03 36 21.36 115.98 23.69
2022 04 17 03 37 21.24 115.96 23.49
2022 04 17 03 38 21.13 115.94 23.30
2022 04 17 03 39 21.02 115.92 23.10
2022 04 17 03 40 20.91 115.91 22.90
2022 04 17 03 41 20.80 115.89 22.70
2022 04 17 03 42 20.69 115.87 22.51
2022 04 17 03 43 20.58 115.85 22.31
2022 04 17 03 44 20.47 115.83 22.12
2022 04 17 03 45 20.36 115.82 21.93
2022 04 17 03 46 20.25 115.80 21.73
2022 04 17 03 47 20.14 115.78 21.54
2022 04 17 03 48 20.03 115.76 21.35
2022 04 17 03 49 19.92 115.74 21.16
2022 04 17 03 50 19.81 115.72 20.97
2022 04 17 03 51 19.70 115.70 20.78
2022 04 17 03 52 19.59 115.68 20.59
2022 04 17 03 53 19.48 115.66 20.40
2022 04 17 03 54 19.37 115.64 20.22
2022 04 17 03 55 19.26 115.61 20.03
2022 04 17 03 56 19.15 115.59 19.84
2022 04 17 03 57 19.05 115.57 19.66
2022 04 17 03 58 18.94 115.55 19.47
2022 04 17 03 59 18.83 115.53 19.29
2022 04 17 04 00 18.72 115.50 19.11
2022 04 17 04 01 18.61 115.48 18.93
2022 04 17 04 02 18.50 115.46 18.75
2022 04 17 04 03 18.39 115.44 18.57
2022 04 17 04 04 18.28 115.41 18.39
2022 04 17 04 05 18.18 115.39 18.21
2022 04 17 04 06 18.07 115.36 18.03
2022 04 17 04 07 17.96 115.34 17.85
2022 04 17 04 08 17.85 115.32 17.68
2022 04 17 04 09 17.74 115.29 17.50
2022 04 17 04 10 17.64 115.27 17.33
2022 04 17 04 11 17.53 115.24 17.15
2022 04 17 04 12 17.42 115.21 16.98
2022 04 17 04 13 17.31 115.19 16.81
2022 04 17 04 14 17.21 115.16 16.64
2022 04 17 04 15 17.10 115.14 16.47
2022 04 17 04 16 16.99 115.11 16.30
2022 04 17 04 17 16.89 115.08 16.13
2022 04 17 04 18 16.78 115.05 15.96
2022 04 17 04 19 16.67 115.03 15.80
2022 04 17 04 20 16.57 115.00 15.63
2022 04 17 04 21 16.46 114.97 15.47
2022 04 17 04 22 16.36 114.94 15.31
2022 04 17 04 23 16.25 114.91 15.15
2022 04 17 04 24 16.14 114.88 14.99
2022 04 17 04 25 16.04 114.85 14.83
2022 04 17 04 26 15.93 114.82 14.67
2022 04 17 04 27 15.83 114.79 14.51
2022 04 17 04 28 15.72 0.00 0.00
2022 04 17 04 29 15.62 0.00 0.00
2022 04 17 04 30 15.51 0.00 0.00
2022 04 17 04 31 15.41 0.00 0.00
2022 04 17 04 32 15.30 0.00 0.00
2022 04 17 04 33 15.20 0.00 0.00
2022 04 17 04 34 15.09 0.00 0.00
2022 04 17 04 35 14.99 0.00 0.00
2022 04 17 04 36 14.89 0.00 0.00
2022 04 17 04 37 14.78 0.00 0.00
2022 04 17 04 38 14.68 0.00 0.00
2022 04 17 04 39 14.57 0.00 0.00
2022 04 17 04 40 14.47 0.00 0.00
2022 04 17 04 41 14.37 0.00 0.00
2022 04 17 04 42 14.26 0.00 0.00
2022 04 17 04 43 14.16 0.00 0.00
2022 04 17 04 44 14.06 0.00 0.00
2022 04 17 04 45 13.96 0.00 0.00
2022 04 17 04 46 13.85 0.00 0.00
2022 04 17 04 47 13.75 0.00 0.00
2022 04 17 04 48 13.65 0.00 0.00
2022 04 17 04 49 13.55 0.00 0.00
2022 04 17 04 50 13.45 0.00 0.00
2022 04 17 04 51 13.35 0.00 0.00
2022 04 17 04 52 13.24 0.00 0.00
2022 04 17 04 53 13.14 0.00 0.00
2022 04 17 04 54 13.04 0.00 0.00
2022 04 17 04 55 12.94 0.00 0.00
2022 04 17 04 56 12.84 0.00 0.00
2022 04 17 04 57 12.74 0.00 0.00
2022 04 17 04 58 12.64 0.00 0.00
2022 04 17 04 59 12.54 0.00 0.00
