2022 04 19 17 00 -20.97 0.00 0.00
2022 04 19 17 01 -20.86 0.00 0.00
2022 04 19 17 02 -20.74 0.00 0.00
2022 04 19 17 03 -20.63 0.00 0.00
2022 04 19 17 04 -20.51 0.00 0.00
2022 04 19 17 05 -20.40 0.00 0.00
2022 04 19 17 06 -20.28 0.00 0.00
2022 04 19 17 07 -20.16 0.00 0.00
2022 04 19 17 08 -20.04 0.00 0.00
2022 04 19 17 09 -19.92 0.00 0.00
2022 04 19 17 10 -19.80 0.00 0.00
2022 04 19 17 11 -19.68 0.00 0.00
2022 04 19 17 12 -19.56 0.00 0.00
2022 04 19 17 13 -19.44 0.00 0.00
2022 04 19 17 14 -19.32 0.00 0.00
2022 04 19 17 15 -19.19 0.00 0.00
2022 04 19 17 16 -19.07 0.00 0.00
2022 04 19 17 17 -18.95 0.00 0.00
2022 04 19 17 18 -18.82 0.00 0.00
2022 04 19 17 19 -18.70 0.00 0.00
2022 04 19 17 20 -18.57 0.00 0.00
2022 04 19 17 21 -18.45 0.00 0.00
2022 04 19 17 22 -18.32 0.00 0.00
2022 04 19 17 23 -18.19 0.00 0.00
2022 04 19 17 24 -18.06 0.00 0.00
2022 04 19 17 25 -17.94 0.00 0.00
2022 04 19 17 26 -17.81 0.00 0.00
2022 04 19 17 27 -17.68 0.00 0.00
2022 04 19 17 28 -17.55 0.00 0.00
2022 04 19 17 29 -17.42 0.00 0.00
2022 04 19 17 30 -17.29 0.00 0.00
2022 04 19 17 31 -17.15 0.00 0.00
2022 04 19 17 32 -17.02 0.00 0.00
2022 04 19 17 33 -16.89 0.00 0.00
2022 04 19 17 34 -16.76 0.00 0.00
2022 04 19 17 35 -16.62 0.00 0.00
2022 04 19 17 36 -16.49 0.00 0.00
2022 04 19 17 37 -16.35 0.00 0.00
2022 04 19 17 38 -16.22 0.00 0.00
2022 04 19 17 39 -16.08 0.00 0.00
2022 04 19 17 40 -15.95 0.00 0.00
2022 04 19 17 41 -15.81 0.00 0.00
2022 04 19 17 42 -15.67 0.00 0.00
2022 04 19 17 43 -15.54 0.00 0.00
2022 04 19 17 44 -15.40 0.00 0.00
2022 04 19 17 45 -15.26 0.00 0.00
2022 04 19 17 46 -15.12 0.00 0.00
2022 04 19 17 47 -14.98 0.00 0.00
2022 04 19 17 48 -14.84 0.00 0.00
2022 04 19 17 49 -14.70 0.00 0.00
2022 04 19 17 50 -14.56 0.00 0.00
2022 04 19 17 51 -14.42 0.00 0.00
2022 04 19 17 52 -14.28 0.00 0.00
2022 04 19 17 53 -14.14 0.00 0.00
2022 04 19 17 54 -13.99 0.00 0.00
2022 04 19 17 55 -13.85 0.00 0.00
2022 04 19 17 56 -13.71 0.00 0.00
2022 04 19 17 57 -13.56 0.00 0.00
2022 04 19 17 58 -13.42 0.00 0.00
2022 04 19 17 59 -13.27 0.00 0.00
2022 04 19 18 00 -13.13 0.00 0.00
2022 04 19 18 01 -12.98 0.00 0.00
2022 04 19 18 02 -12.84 0.00 0.00
2022 04 19 18 03 -12.69 0.00 0.00
2022 04 19 18 04 -12.54 0.00 0.00
2022 04 19 18 05 -12.39 0.00 0.00
2022 04 19 18 06 -12.25 0.00 0.00
2022 04 19 18 07 -12.10 0.00 0.00
2022 04 19 18 08 -11.95 0.00 0.00
2022 04 19 18 09 -11.80 0.00 0.00
2022 04 19 18 10 -11.65 0.00 0.00
2022 04 19 18 11 -11.50 0.00 0.00
2022 04 19 18 12 -11.35 0.00 0.00
2022 04 19 18 13 -11.20 0.00 0.00
2022 04 19 18 14 -11.05 0.00 0.00
2022 04 19 18 15 -10.90 0.00 0.00
2022 04 19 18 16 -10.74 0.00 0.00
2022 04 19 18 17 -10.59 0.00 0.00
2022 04 19 18 18 -10.44 0.00 0.00
2022 04 19 18 19 -10.29 0.00 0.00
2022 04 19 18 20 -10.13 0.00 0.00
2022 04 19 18 21 -9.98 0.00 0.00
2022 04 19 18 22 -9.82 0.00 0.00
2022 04 19 18 23 -9.67 0.00 0.00
2022 04 19 18 24 -9.51 0.00 0.00
2022 04 19 18 25 -9.36 0.00 0.00
2022 04 19 18 26 -9.20 0.00 0.00
2022 04 19 18 27 -9.05 0.00 0.00
2022 04 19 18 28 -8.89 0.00 0.00
2022 04 19 18 29 -8.73 0.00 0.00
2022 04 19 18 30 -8.57 0.00 0.00
2022 04 19 18 31 -8.42 0.00 0.00
2022 04 19 18 32 -8.26 0.00 0.00
2022 04 19 18 33 -8.10 0.00 0.00
2022 04 19 18 34 -7.94 0.00 0.00
2022 04 19 18 35 -7.78 0.00 0.00
2022 04 19 18 36 -7.62 0.00 0.00
2022 04 19 18 37 -7.46 0.00 0.00
2022 04 19 18 38 -7.30 0.00 0.00
2022 04 19 18 39 -7.14 0.00 0.00
2022 04 19 18 40 -6.98 0.00 0.00
2022 04 19 18 41 -6.82 0.00 0.00
2022 04 19 18 42 -6.66 0.00 0.00
2022 04 19 18 43 -6.50 0.00 0.00
2022 04 19 18 44 -6.33 0.00 0.00
2022 04 19 18 45 -6.17 0.00 0.00
2022 04 19 18 46 -6.01 0.00 0.00
2022 04 19 18 47 -5.85 0.00 0.00
2022 04 19 18 48 -5.68 0.00 0.00
2022 04 19 18 49 -5.52 0.00 0.00
2022 04 19 18 50 -5.35 0.00 0.00
2022 04 19 18 51 -5.19 0.00 0.00
2022 04 19 18 52 -5.02 0.00 0.00
2022 04 19 18 53 -4.86 0.00 0.00
2022 04 19 18 54 -4.69 0.00 0.00
2022 04 19 18 55 -4.53 0.00 0.00
2022 04 19 18 56 -4.36 0.00 0.00
2022 04 19 18 57 -4.19 0.00 0.00
2022 04 19 18 58 -4.03 0.00 0.00
2022 04 19 18 59 -3.86 0.00 0.00
2022 04 19 19 00 -3.69 0.00 0.00
2022 04 19 19 01 -3.53 0.00 0.00
2022 04 19 19 02 -3.36 0.00 0.00
2022 04 19 19 03 -3.19 0.00 0.00
2022 04 19 19 04 -3.02 0.00 0.00
2022 04 19 19 05 -2.85 0.00 0.00
2022 04 19 19 06 -2.68 0.00 0.00
2022 04 19 19 07 -2.51 0.00 0.00
2022 04 19 19 08 -2.34 0.00 0.00
2022 04 19 19 09 -2.17 0.00 0.00
2022 04 19 19 10 -2.00 0.00 0.00
2022 04 19 19 11 -1.83 0.00 0.00
2022 04 19 19 12 -1.66 0.00 0.00
2022 04 19 19 13 -1.49 0.00 0.00
2022 04 19 19 14 -1.32 0.00 0.00
2022 04 19 19 15 -1.15 0.00 0.00
2022 04 19 19 16 -0.98 0.00 0.00
2022 04 19 19 17 -0.80 0.00 0.00
2022 04 19 19 18 -0.63 0.00 0.00
2022 04 19 19 19 -0.46 0.00 0.00
2022 04 19 19 20 -0.28 0.00 0.00
2022 04 19 19 21 -0.11 0.00 0.00
2022 04 19 19 22 0.06 0.00 0.00
2022 04 19 19 23 0.24 0.00 0.00
2022 04 19 19 24 0.41 0.00 0.00
2022 04 19 19 25 0.58 0.00 0.00
2022 04 19 19 26 0.76 0.00 0.00
2022 04 19 19 27 0.93 0.00 0.00
2022 04 19 19 28 1.11 0.00 0.00
2022 04 19 19 29 1.28 0.00 0.00
2022 04 19 19 30 1.46 0.00 0.00
2022 04 19 19 31 1.64 0.00 0.00
2022 04 19 19 32 1.81 0.00 0.00
2022 04 19 19 33 1.99 0.00 0.00
2022 04 19 19 34 2.17 0.00 0.00
2022 04 19 19 35 2.34 0.00 0.00
2022 04 19 19 36 2.52 0.00 0.00
2022 04 19 19 37 2.70 0.00 0.00
2022 04 19 19 38 2.87 0.00 0.00
2022 04 19 19 39 3.05 0.00 0.00
2022 04 19 19 40 3.23 0.00 0.00
2022 04 19 19 41 3.41 0.00 0.00
2022 04 19 19 42 3.59 0.00 0.00
2022 04 19 19 43 3.77 0.00 0.00
2022 04 19 19 44 3.94 0.00 0.00
2022 04 19 19 45 4.12 0.00 0.00
2022 04 19 19 46 4.30 0.00 0.00
2022 04 19 19 47 4.48 0.00 0.00
2022 04 19 19 48 4.66 0.00 0.00
2022 04 19 19 49 4.84 0.00 0.00
2022 04 19 19 50 5.02 0.00 0.00
2022 04 19 19 51 5.20 0.00 0.00
2022 04 19 19 52 5.38 0.00 0.00
2022 04 19 19 53 5.57 0.00 0.00
2022 04 19 19 54 5.75 0.00 0.00
2022 04 19 19 55 5.93 0.00 0.00
2022 04 19 19 56 6.11 0.00 0.00
2022 04 19 19 57 6.29 0.00 0.00
2022 04 19 19 58 6.47 0.00 0.00
2022 04 19 19 59 6.66 0.00 0.00
2022 04 19 20 00 6.84 0.00 0.00
2022 04 19 20 01 7.02 0.00 0.00
2022 04 19 20 02 7.20 0.00 0.00
2022 04 19 20 03 7.39 0.00 0.00
2022 04 19 20 04 7.57 0.00 0.00
2022 04 19 20 05 7.75 0.00 0.00
2022 04 19 20 06 7.94 0.00 0.00
2022 04 19 20 07 8.12 0.00 0.00
2022 04 19 20 08 8.30 0.00 0.00
2022 04 19 20 09 8.49 0.00 0.00
2022 04 19 20 10 8.67 0.00 0.00
2022 04 19 20 11 8.86 0.00 0.00
2022 04 19 20 12 9.04 0.00 0.00
2022 04 19 20 13 9.23 0.00 0.00
2022 04 19 20 14 9.41 0.00 0.00
2022 04 19 20 15 9.60 0.00 0.00
2022 04 19 20 16 9.78 0.00 0.00
2022 04 19 20 17 9.97 0.00 0.00
2022 04 19 20 18 10.15 27.99 7.56
2022 04 19 20 19 10.34 28.37 7.61
2022 04 19 20 20 10.53 28.75 7.66
2022 04 19 20 21 10.71 29.13 7.71
2022 04 19 20 22 10.90 29.51 7.77
2022 04 19 20 23 11.08 29.89 7.82
2022 04 19 20 24 11.27 30.27 7.87
2022 04 19 20 25 11.46 30.65 7.92
2022 04 19 20 26 11.65 31.03 7.97
2022 04 19 20 27 11.83 31.41 8.02
2022 04 19 20 28 12.02 31.79 8.07
2022 04 19 20 29 12.21 32.17 8.13
2022 04 19 20 30 12.40 32.55 8.18
2022 04 19 20 31 12.58 32.93 8.23
2022 04 19 20 32 12.77 33.31 8.28
2022 04 19 20 33 12.96 33.69 8.33
2022 04 19 20 34 13.15 34.07 8.39
2022 04 19 20 35 13.34 34.45 8.44
2022 04 19 20 36 13.53 34.83 8.49
2022 04 19 20 37 13.72 35.20 8.54
2022 04 19 20 38 13.90 35.58 8.60
2022 04 19 20 39 14.09 35.96 8.65
2022 04 19 20 40 14.28 36.34 8.70
2022 04 19 20 41 14.47 36.72 8.76
2022 04 19 20 42 14.66 37.09 8.81
2022 04 19 20 43 14.85 37.47 8.86
2022 04 19 20 44 15.04 37.85 8.91
2022 04 19 20 45 15.23 38.22 8.97
2022 04 19 20 46 15.42 38.60 9.02
2022 04 19 20 47 15.61 38.98 9.07
2022 04 19 20 48 15.80 39.35 9.13
2022 04 19 20 49 15.99 39.73 9.18
2022 04 19 20 50 16.19 40.10 9.24
2022 04 19 20 51 16.38 40.48 9.29
2022 04 19 20 52 16.57 40.85 9.34
2022 04 19 20 53 16.76 41.22 9.40
2022 04 19 20 54 16.95 41.60 9.45
2022 04 19 20 55 17.14 41.97 9.51
2022 04 19 20 56 17.33 42.34 9.56
2022 04 19 20 57 17.52 42.71 9.61
2022 04 19 20 58 17.72 43.09 9.67
2022 04 19 20 59 17.91 43.46 9.72
2022 04 19 21 00 18.10 43.83 9.78
2022 04 19 21 01 18.29 44.20 9.83
2022 04 19 21 02 18.49 44.57 9.89
2022 04 19 21 03 18.68 44.94 9.94
2022 04 19 21 04 18.87 45.31 10.00
2022 04 19 21 05 19.06 45.67 10.05
2022 04 19 21 06 19.26 46.04 10.11
2022 04 19 21 07 19.45 46.41 10.16
2022 04 19 21 08 19.64 46.78 10.22
2022 04 19 21 09 19.84 47.14 10.27
2022 04 19 21 10 20.03 47.51 10.33
2022 04 19 21 11 20.22 47.87 10.39
2022 04 19 21 12 20.42 48.24 10.44
2022 04 19 21 13 20.61 48.60 10.50
2022 04 19 21 14 20.80 48.97 10.55
2022 04 19 21 15 21.00 49.33 10.61
2022 04 19 21 16 21.19 49.69 10.67
2022 04 19 21 17 21.39 50.05 10.72
2022 04 19 21 18 21.58 50.42 10.78
2022 04 19 21 19 21.78 50.78 10.83
2022 04 19 21 20 21.97 51.14 10.89
2022 04 19 21 21 22.16 51.50 10.95
2022 04 19 21 22 22.36 51.86 11.01
2022 04 19 21 23 22.55 52.21 11.06
2022 04 19 21 24 22.75 52.57 11.12
2022 04 19 21 25 22.94 52.93 11.18
2022 04 19 21 26 23.14 53.29 11.23
2022 04 19 21 27 23.33 53.64 11.29
2022 04 19 21 28 23.53 54.00 11.35
2022 04 19 21 29 23.73 54.35 11.41
2022 04 19 21 30 23.92 54.71 11.47
2022 04 19 21 31 24.12 55.06 11.52
2022 04 19 21 32 24.31 55.41 11.58
2022 04 19 21 33 24.51 55.77 11.64
2022 04 19 21 34 24.70 56.12 11.70
2022 04 19 21 35 24.90 56.47 11.76
2022 04 19 21 36 25.10 56.82 11.82
2022 04 19 21 37 25.29 57.17 11.87
2022 04 19 21 38 25.49 57.52 11.93
2022 04 19 21 39 25.69 57.86 11.99
2022 04 19 21 40 25.88 58.21 12.05
2022 04 19 21 41 26.08 58.56 12.11
2022 04 19 21 42 26.27 58.90 12.17
2022 04 19 21 43 26.47 59.25 12.23
2022 04 19 21 44 26.67 59.59 12.29
2022 04 19 21 45 26.87 59.94 12.35
2022 04 19 21 46 27.06 60.28 12.41
2022 04 19 21 47 27.26 60.62 12.47
2022 04 19 21 48 27.46 60.97 12.53
2022 04 19 21 49 27.65 61.31 12.59
2022 04 19 21 50 27.85 61.65 12.65
2022 04 19 21 51 28.05 61.99 12.72
2022 04 19 21 52 28.25 62.32 12.78
2022 04 19 21 53 28.44 62.66 12.84
2022 04 19 21 54 28.64 63.00 12.90
2022 04 19 21 55 28.84 63.34 12.96
2022 04 19 21 56 29.04 63.67 13.02
2022 04 19 21 57 29.23 64.01 13.09
2022 04 19 21 58 29.43 64.34 13.15
2022 04 19 21 59 29.63 64.67 13.21
2022 04 19 22 00 29.83 65.01 13.27
2022 04 19 22 01 30.03 65.34 13.34
2022 04 19 22 02 30.22 65.67 13.40
2022 04 19 22 03 30.42 66.00 13.46
2022 04 19 22 04 30.62 66.33 13.53
2022 04 19 22 05 30.82 66.66 13.59
2022 04 19 22 06 31.02 66.98 13.65
2022 04 19 22 07 31.21 67.31 13.72
2022 04 19 22 08 31.41 67.64 13.78
2022 04 19 22 09 31.61 67.96 13.85
2022 04 19 22 10 31.81 68.29 13.91
2022 04 19 22 11 32.01 68.61 13.98
2022 04 19 22 12 32.21 68.93 14.04
2022 04 19 22 13 32.41 69.25 14.11
2022 04 19 22 14 32.61 69.58 14.17
2022 04 19 22 15 32.80 69.90 14.24
2022 04 19 22 16 33.00 70.22 14.30
2022 04 19 22 17 33.20 70.53 14.37
2022 04 19 22 18 33.40 70.85 14.44
2022 04 19 22 19 33.60 71.17 14.50
2022 04 19 22 20 33.80 71.48 14.57
2022 04 19 22 21 34.00 71.80 14.64
2022 04 19 22 22 34.20 72.11 14.71
2022 04 19 22 23 34.40 72.43 14.77
2022 04 19 22 24 34.60 72.74 14.84
2022 04 19 22 25 34.79 73.05 14.91
2022 04 19 22 26 34.99 73.36 14.98
2022 04 19 22 27 35.19 73.67 15.05
2022 04 19 22 28 35.39 73.98 15.12
2022 04 19 22 29 35.59 74.29 15.19
2022 04 19 22 30 35.79 74.59 15.26
2022 04 19 22 31 35.99 74.90 15.33
2022 04 19 22 32 36.19 75.20 15.40
2022 04 19 22 33 36.39 75.51 15.47
2022 04 19 22 34 36.59 75.81 15.54
2022 04 19 22 35 36.79 76.11 15.61
2022 04 19 22 36 36.99 76.41 15.68
2022 04 19 22 37 37.19 76.72 15.76
2022 04 19 22 38 37.39 77.01 15.83
2022 04 19 22 39 37.59 77.31 15.90
2022 04 19 22 40 37.79 77.61 15.97
2022 04 19 22 41 37.99 77.91 16.05
2022 04 19 22 42 38.19 78.20 16.12
2022 04 19 22 43 38.39 78.50 16.19
2022 04 19 22 44 38.59 78.79 16.27
2022 04 19 22 45 38.79 79.09 16.34
2022 04 19 22 46 38.99 79.38 16.42
2022 04 19 22 47 39.19 79.67 16.49
2022 04 19 22 48 39.39 79.96 16.57
2022 04 19 22 49 39.59 80.25 16.64
2022 04 19 22 50 39.79 80.54 16.72
2022 04 19 22 51 39.99 80.82 16.80
2022 04 19 22 52 40.19 81.11 16.88
2022 04 19 22 53 40.39 81.39 16.95
2022 04 19 22 54 40.59 81.68 17.03
2022 04 19 22 55 40.79 81.96 17.11
2022 04 19 22 56 40.99 82.24 17.19
2022 04 19 22 57 41.19 82.52 17.27
2022 04 19 22 58 41.39 82.80 17.35
2022 04 19 22 59 41.59 83.08 17.43
2022 04 19 23 00 41.78 83.36 17.51
2022 04 19 23 01 41.98 83.64 17.59
2022 04 19 23 02 42.18 83.92 17.67
2022 04 19 23 03 42.38 84.19 17.75
2022 04 19 23 04 42.58 84.46 17.83
2022 04 19 23 05 42.78 84.74 17.92
2022 04 19 23 06 42.98 85.01 18.00
2022 04 19 23 07 43.18 85.28 18.08
2022 04 19 23 08 43.38 85.55 18.17
2022 04 19 23 09 43.58 85.82 18.25
2022 04 19 23 10 43.78 86.09 18.34
2022 04 19 23 11 43.98 86.36 18.42
2022 04 19 23 12 44.18 86.62 18.51
2022 04 19 23 13 44.38 86.89 18.59
2022 04 19 23 14 44.58 87.15 18.68
2022 04 19 23 15 44.78 87.41 18.77
2022 04 19 23 16 44.98 87.68 18.86
2022 04 19 23 17 45.18 87.94 18.95
2022 04 19 23 18 45.38 88.20 19.04
2022 04 19 23 19 45.58 88.46 19.12
2022 04 19 23 20 45.78 88.71 19.21
2022 04 19 23 21 45.98 88.97 19.31
2022 04 19 23 22 46.18 89.23 19.40
2022 04 19 23 23 46.38 89.48 19.49
2022 04 19 23 24 46.58 89.73 19.58
2022 04 19 23 25 46.78 89.99 19.67
2022 04 19 23 26 46.98 90.24 19.77
2022 04 19 23 27 47.17 90.49 19.86
2022 04 19 23 28 47.37 90.74 19.96
2022 04 19 23 29 47.57 90.99 20.05
2022 04 19 23 30 47.77 91.23 20.15
2022 04 19 23 31 47.97 91.48 20.25
2022 04 19 23 32 48.17 91.72 20.34
2022 04 19 23 33 48.37 91.97 20.44
2022 04 19 23 34 48.57 92.21 20.54
2022 04 19 23 35 48.77 92.45 20.64
2022 04 19 23 36 48.96 92.69 20.74
2022 04 19 23 37 49.16 92.93 20.84
2022 04 19 23 38 49.36 93.17 20.94
2022 04 19 23 39 49.56 93.41 21.05
2022 04 19 23 40 49.76 93.65 21.15
2022 04 19 23 41 49.96 93.88 21.25
2022 04 19 23 42 50.15 94.12 21.36
2022 04 19 23 43 50.35 94.35 21.46
2022 04 19 23 44 50.55 94.58 21.57
2022 04 19 23 45 50.75 94.81 21.67
2022 04 19 23 46 50.95 95.04 21.78
2022 04 19 23 47 51.14 95.27 21.89
2022 04 19 23 48 51.34 95.50 22.00
2022 04 19 23 49 51.54 95.73 22.11
2022 04 19 23 50 51.74 95.95 22.22
2022 04 19 23 51 51.93 96.18 22.33
2022 04 19 23 52 52.13 96.40 22.44
2022 04 19 23 53 52.33 96.62 22.56
2022 04 19 23 54 52.52 96.84 22.67
2022 04 19 23 55 52.72 97.06 22.79
2022 04 19 23 56 52.92 97.28 22.90
2022 04 19 23 57 53.11 97.50 23.02
2022 04 19 23 58 53.31 97.72 23.14
2022 04 19 23 59 53.51 97.93 23.25
2022 04 20 00 00 53.70 98.15 23.37
2022 04 20 00 01 53.90 98.36 23.49
2022 04 20 00 02 54.10 98.58 23.62
2022 04 20 00 03 54.29 98.79 23.74
2022 04 20 00 04 54.49 99.00 23.86
2022 04 20 00 05 54.68 99.21 23.99
2022 04 20 00 06 54.88 99.41 24.11
2022 04 20 00 07 55.07 99.62 24.24
2022 04 20 00 08 55.27 99.83 24.36
2022 04 20 00 09 55.46 100.03 24.49
2022 04 20 00 10 55.66 100.24 24.62
2022 04 20 00 11 55.85 100.44 24.75
2022 04 20 00 12 56.05 100.64 24.88
2022 04 20 00 13 56.24 100.84 25.02
2022 04 20 00 14 56.43 101.04 25.15
2022 04 20 00 15 56.63 101.24 25.28
2022 04 20 00 16 56.82 101.43 25.42
2022 04 20 00 17 57.01 101.63 25.56
2022 04 20 00 18 57.21 101.83 25.69
2022 04 20 00 19 57.40 102.02 25.83
2022 04 20 00 20 57.59 102.21 25.97
2022 04 20 00 21 57.79 102.40 26.12
2022 04 20 00 22 57.98 102.59 26.26
2022 04 20 00 23 58.17 102.78 26.40
2022 04 20 00 24 58.36 102.97 26.55
2022 04 20 00 25 58.55 103.16 26.69
2022 04 20 00 26 58.75 103.34 26.84
2022 04 20 00 27 58.94 103.53 26.99
2022 04 20 00 28 59.13 103.71 27.14
2022 04 20 00 29 59.32 103.89 27.29
2022 04 20 00 30 59.51 104.08 27.44
2022 04 20 00 31 59.70 104.26 27.59
2022 04 20 00 32 59.89 104.44 27.75
2022 04 20 00 33 60.08 104.61 27.90
2022 04 20 00 34 60.27 104.79 28.06
2022 04 20 00 35 60.45 104.97 28.22
2022 04 20 00 36 60.64 105.14 28.38
2022 04 20 00 37 60.83 105.32 28.54
2022 04 20 00 38 61.02 105.49 28.70
2022 04 20 00 39 61.21 105.66 28.86
2022 04 20 00 40 61.39 105.83 29.03
2022 04 20 00 41 61.58 106.00 29.19
2022 04 20 00 42 61.77 106.17 29.36
2022 04 20 00 43 61.95 106.33 29.53
2022 04 20 00 44 62.14 106.50 29.69
2022 04 20 00 45 62.32 106.67 29.86
2022 04 20 00 46 62.51 106.83 30.03
2022 04 20 00 47 62.69 106.99 30.21
2022 04 20 00 48 62.88 107.15 30.38
2022 04 20 00 49 63.06 107.31 30.55
2022 04 20 00 50 63.25 107.47 30.73
2022 04 20 00 51 63.43 107.63 30.90
2022 04 20 00 52 63.61 107.79 31.08
2022 04 20 00 53 63.79 107.94 31.26
2022 04 20 00 54 63.98 108.10 31.43
2022 04 20 00 55 64.16 108.25 31.61
2022 04 20 00 56 64.34 108.41 31.79
2022 04 20 00 57 64.52 108.56 31.97
2022 04 20 00 58 64.70 108.71 32.15
2022 04 20 00 59 64.88 108.86 32.33
2022 04 20 01 00 65.05 109.01 32.51
2022 04 20 01 01 65.23 109.15 32.69
2022 04 20 01 02 65.41 109.30 32.87
2022 04 20 01 03 65.59 109.44 33.05
2022 04 20 01 04 65.76 109.59 33.23
2022 04 20 01 05 65.94 109.73 33.41
2022 04 20 01 06 66.11 109.87 33.58
2022 04 20 01 07 66.29 110.01 33.76
2022 04 20 01 08 66.46 110.15 33.93
2022 04 20 01 09 66.64 110.29 34.10
2022 04 20 01 10 66.81 110.43 34.27
2022 04 20 01 11 66.98 110.56 34.44
2022 04 20 01 12 67.15 110.70 34.61
2022 04 20 01 13 67.32 110.83 34.77
2022 04 20 01 14 67.49 110.97 34.92
2022 04 20 01 15 67.66 111.10 35.07
2022 04 20 01 16 67.83 111.23 35.22
2022 04 20 01 17 67.99 111.36 35.36
2022 04 20 01 18 68.16 111.49 35.49
2022 04 20 01 19 68.33 111.62 35.62
2022 04 20 01 20 68.49 111.74 35.73
2022 04 20 01 21 68.66 111.87 35.84
2022 04 20 01 22 68.82 111.99 35.93
2022 04 20 01 23 68.98 112.12 36.01
2022 04 20 01 24 69.14 112.24 36.08
2022 04 20 01 25 69.30 112.36 36.13
2022 04 20 01 26 69.46 112.48 36.16
2022 04 20 01 27 69.62 112.60 36.16
2022 04 20 01 28 69.78 112.72 36.14
2022 04 20 01 29 69.93 112.83 36.09
2022 04 20 01 30 70.09 112.95 36.01
2022 04 20 01 31 70.24 113.07 35.89
2022 04 20 01 32 70.40 113.18 35.73
2022 04 20 01 33 70.55 113.29 35.51
2022 04 20 01 34 70.70 113.40 35.24
2022 04 20 01 35 70.85 113.52 34.89
2022 04 20 01 36 70.99 113.63 34.47
2022 04 20 01 37 71.14 113.73 33.95
2022 04 20 01 38 71.29 113.84 33.32
2022 04 20 01 39 71.43 113.95 32.56
2022 04 20 01 40 71.57 114.05 31.65
2022 04 20 01 41 71.71 114.16 30.55
2022 04 20 01 42 71.85 114.26 29.23
2022 04 20 01 43 71.99 114.37 27.65
2022 04 20 01 44 72.13 114.47 25.78
2022 04 20 01 45 72.27 114.57 23.60
2022 04 20 01 46 72.40 114.67 21.13
2022 04 20 01 47 72.53 114.77 18.55
2022 04 20 01 48 72.66 114.86 16.41
2022 04 20 01 49 72.79 114.96 15.95
2022 04 20 01 50 72.92 115.05 18.62
2022 04 20 01 51 73.04 115.15 24.50
2022 04 20 01 52 73.17 115.24 32.49
2022 04 20 01 53 73.29 115.34 41.36
2022 04 20 01 54 73.41 115.43 50.09
2022 04 20 01 55 73.52 115.52 58.00
2022 04 20 01 56 73.64 115.61 64.78
2022 04 20 01 57 73.75 115.70 70.40
2022 04 20 01 58 73.87 115.78 74.97
2022 04 20 01 59 73.98 115.87 78.65
2022 04 20 02 00 74.08 115.96 81.61
2022 04 20 02 01 74.19 116.04 83.97
2022 04 20 02 02 74.29 116.12 85.86
2022 04 20 02 03 74.39 116.21 87.36
2022 04 20 02 04 74.49 116.29 88.55
2022 04 20 02 05 74.59 116.37 89.48
2022 04 20 02 06 74.68 116.45 90.19
2022 04 20 02 07 74.77 116.53 90.72
2022 04 20 02 08 74.86 116.61 91.10
2022 04 20 02 09 74.94 116.68 91.35
2022 04 20 02 10 75.03 116.76 91.49
2022 04 20 02 11 75.11 116.83 91.53
2022 04 20 02 12 75.19 116.91 91.48
2022 04 20 02 13 75.26 116.98 91.36
2022 04 20 02 14 75.33 117.05 91.18
2022 04 20 02 15 75.40 117.12 90.93
2022 04 20 02 16 75.47 117.19 90.64
2022 04 20 02 17 75.53 117.26 90.29
2022 04 20 02 18 75.60 117.33 89.91
2022 04 20 02 19 75.65 117.40 89.49
2022 04 20 02 20 75.71 117.47 89.03
2022 04 20 02 21 75.76 117.53 88.54
2022 04 20 02 22 75.81 117.60 88.02
2022 04 20 02 23 75.86 117.66 87.47
2022 04 20 02 24 75.90 117.72 86.90
2022 04 20 02 25 75.94 117.79 86.31
2022 04 20 02 26 75.97 117.85 85.69
2022 04 20 02 27 76.01 117.91 85.06
2022 04 20 02 28 76.04 117.97 84.41
2022 04 20 02 29 76.06 118.03 83.75
2022 04 20 02 30 76.09 118.08 83.07
2022 04 20 02 31 76.11 118.14 82.37
2022 04 20 02 32 76.12 118.20 81.67
2022 04 20 02 33 76.13 118.25 80.95
2022 04 20 02 34 76.14 118.31 80.23
2022 04 20 02 35 76.15 118.36 79.50
2022 04 20 02 36 76.15 118.41 78.75
2022 04 20 02 37 76.15 118.46 78.01
2022 04 20 02 38 76.15 118.52 77.25
2022 04 20 02 39 76.14 118.57 76.49
2022 04 20 02 40 76.13 118.61 75.73
2022 04 20 02 41 76.12 118.66 74.96
2022 04 20 02 42 76.10 118.71 74.19
2022 04 20 02 43 76.08 118.76 73.42
2022 04 20 02 44 76.06 118.80 72.64
2022 04 20 02 45 76.03 118.85 71.87
2022 04 20 02 46 76.00 118.89 71.09
2022 04 20 02 47 75.97 118.94 70.32
2022 04 20 02 48 75.93 118.98 69.54
2022 04 20 02 49 75.89 119.02 68.77
2022 04 20 02 50 75.85 119.06 68.00
2022 04 20 02 51 75.80 119.10 67.23
2022 04 20 02 52 75.75 119.14 66.46
2022 04 20 02 53 75.70 119.18 65.70
2022 04 20 02 54 75.65 119.22 64.95
2022 04 20 02 55 75.59 119.25 64.19
2022 04 20 02 56 75.53 119.29 63.44
2022 04 20 02 57 75.46 119.33 62.70
2022 04 20 02 58 75.39 119.36 61.96
2022 04 20 02 59 75.32 119.39 61.23
2022 04 20 03 00 75.25 119.43 60.50
2022 04 20 03 01 75.18 119.46 59.78
2022 04 20 03 02 75.10 119.49 59.06
2022 04 20 03 03 75.02 119.52 58.36
2022 04 20 03 04 74.93 119.55 57.66
2022 04 20 03 05 74.85 119.58 56.96
2022 04 20 03 06 74.76 119.61 56.27
2022 04 20 03 07 74.67 119.64 55.59
2022 04 20 03 08 74.57 119.67 54.92
2022 04 20 03 09 74.48 119.69 54.26
2022 04 20 03 10 74.38 119.72 53.60
2022 04 20 03 11 74.28 119.75 52.95
2022 04 20 03 12 74.17 119.77 52.31
2022 04 20 03 13 74.07 119.79 51.68
2022 04 20 03 14 73.96 119.82 51.06
2022 04 20 03 15 73.85 119.84 50.44
2022 04 20 03 16 73.74 119.86 49.83
2022 04 20 03 17 73.63 119.88 49.23
2022 04 20 03 18 73.51 119.90 48.64
2022 04 20 03 19 73.39 119.92 48.05
2022 04 20 03 20 73.27 119.94 47.48
2022 04 20 03 21 73.15 119.96 46.91
2022 04 20 03 22 73.03 119.98 46.35
2022 04 20 03 23 72.90 120.00 45.80
2022 04 20 03 24 72.77 120.01 45.25
2022 04 20 03 25 72.64 120.03 44.72
2022 04 20 03 26 72.51 120.04 44.19
2022 04 20 03 27 72.38 120.06 43.67
2022 04 20 03 28 72.25 120.07 43.16
2022 04 20 03 29 72.11 120.09 42.65
2022 04 20 03 30 71.97 120.10 42.16
2022 04 20 03 31 71.84 120.11 41.67
2022 04 20 03 32 71.70 120.12 41.19
2022 04 20 03 33 71.55 120.13 40.71
2022 04 20 03 34 71.41 120.14 40.24
2022 04 20 03 35 71.27 120.15 39.78
2022 04 20 03 36 71.12 120.16 39.33
2022 04 20 03 37 70.97 120.17 38.89
2022 04 20 03 38 70.83 120.18 38.45
2022 04 20 03 39 70.68 120.19 38.02
2022 04 20 03 40 70.53 120.19 37.59
2022 04 20 03 41 70.37 120.20 37.17
2022 04 20 03 42 70.22 120.21 36.76
2022 04 20 03 43 70.07 120.21 36.35
2022 04 20 03 44 69.91 120.22 35.96
2022 04 20 03 45 69.76 120.22 35.56
2022 04 20 03 46 69.60 120.22 35.18
2022 04 20 03 47 69.44 120.23 34.80
2022 04 20 03 48 69.28 120.23 34.42
2022 04 20 03 49 69.12 120.23 34.05
2022 04 20 03 50 68.96 120.23 33.69
2022 04 20 03 51 68.80 120.24 33.33
2022 04 20 03 52 68.63 120.24 32.98
2022 04 20 03 53 68.47 120.24 32.64
2022 04 20 03 54 68.30 120.24 32.30
2022 04 20 03 55 68.14 120.24 31.96
2022 04 20 03 56 67.97 120.23 31.63
2022 04 20 03 57 67.81 120.23 31.31
2022 04 20 03 58 67.64 120.23 30.99
2022 04 20 03 59 67.47 120.23 30.67
2022 04 20 04 00 67.30 120.23 30.36
2022 04 20 04 01 67.13 120.22 30.06
2022 04 20 04 02 66.96 120.22 29.76
2022 04 20 04 03 66.78 120.21 29.46
2022 04 20 04 04 66.61 120.21 29.17
2022 04 20 04 05 66.44 120.20 28.89
2022 04 20 04 06 66.26 120.20 28.60
2022 04 20 04 07 66.09 120.19 28.33
2022 04 20 04 08 65.92 120.19 28.05
2022 04 20 04 09 65.74 120.18 27.78
2022 04 20 04 10 65.56 120.17 27.52
2022 04 20 04 11 65.39 120.16 27.26
2022 04 20 04 12 65.21 120.16 27.00
2022 04 20 04 13 65.03 120.15 26.75
2022 04 20 04 14 64.85 120.14 26.50
2022 04 20 04 15 64.67 120.13 26.25
2022 04 20 04 16 64.49 120.12 26.01
2022 04 20 04 17 64.31 120.11 25.78
2022 04 20 04 18 64.13 120.10 25.54
2022 04 20 04 19 63.95 120.09 25.31
2022 04 20 04 20 63.77 120.08 25.08
2022 04 20 04 21 63.59 120.07 24.86
2022 04 20 04 22 63.40 120.06 24.64
2022 04 20 04 23 63.22 120.04 24.42
2022 04 20 04 24 63.04 120.03 24.21
2022 04 20 04 25 62.85 120.02 24.00
2022 04 20 04 26 62.67 120.01 23.79
2022 04 20 04 27 62.49 119.99 23.58
2022 04 20 04 28 62.30 119.98 23.38
2022 04 20 04 29 62.11 0.00 0.00
2022 04 20 04 30 61.93 0.00 0.00
2022 04 20 04 31 61.74 0.00 0.00
2022 04 20 04 32 61.56 0.00 0.00
2022 04 20 04 33 61.37 0.00 0.00
2022 04 20 04 34 61.18 0.00 0.00
2022 04 20 04 35 60.99 0.00 0.00
2022 04 20 04 36 60.81 0.00 0.00
2022 04 20 04 37 60.62 0.00 0.00
2022 04 20 04 38 60.43 0.00 0.00
2022 04 20 04 39 60.24 0.00 0.00
2022 04 20 04 40 60.05 0.00 0.00
2022 04 20 04 41 59.86 0.00 0.00
2022 04 20 04 42 59.67 0.00 0.00
2022 04 20 04 43 59.48 0.00 0.00
2022 04 20 04 44 59.29 0.00 0.00
2022 04 20 04 45 59.10 0.00 0.00
2022 04 20 04 46 58.91 0.00 0.00
2022 04 20 04 47 58.72 0.00 0.00
2022 04 20 04 48 58.53 0.00 0.00
2022 04 20 04 49 58.34 0.00 0.00
2022 04 20 04 50 58.14 0.00 0.00
2022 04 20 04 51 57.95 0.00 0.00
2022 04 20 04 52 57.76 0.00 0.00
2022 04 20 04 53 57.57 0.00 0.00
2022 04 20 04 54 57.38 0.00 0.00
2022 04 20 04 55 57.18 0.00 0.00
2022 04 20 04 56 56.99 0.00 0.00
2022 04 20 04 57 56.80 0.00 0.00
2022 04 20 04 58 56.60 0.00 0.00
2022 04 20 04 59 56.41 0.00 0.00
