20 06 10.11 27.91 154.02 0.96
20 07 10.30 28.29 158.03 0.96
20 08 10.49 28.67 162.04 0.96
20 09 10.67 29.05 166.06 0.95
20 10 10.86 29.43 170.07 0.95
20 11 11.05 29.81 174.07 0.95
20 12 11.23 30.19 177.97 0.95
20 13 11.42 30.57 181.87 0.95
20 14 11.61 30.95 185.78 0.95
20 15 11.79 31.33 189.69 0.95
20 16 11.98 31.71 193.60 0.95
20 17 12.17 32.09 197.18 0.94
20 18 12.36 32.47 200.72 0.94
20 19 12.55 32.85 204.26 0.94
20 20 12.73 33.23 207.81 0.94
20 21 12.92 33.61 211.36 0.94
20 22 13.11 33.99 214.84 0.94
20 23 13.30 34.37 218.27 0.94
20 24 13.49 34.75 221.70 0.93
20 25 13.68 35.13 225.14 0.93
20 26 13.87 35.50 228.58 0.93
20 27 14.05 35.88 231.95 0.93
20 28 14.24 36.26 235.13 0.93
20 29 14.43 36.64 238.33 0.93
20 30 14.62 37.02 241.52 0.93
20 31 14.81 37.39 244.72 0.92
20 32 15.00 37.77 247.91 0.92
20 33 15.19 38.15 250.86 0.92
20 34 15.38 38.52 253.80 0.92
20 35 15.57 38.90 256.75 0.92
20 36 15.76 39.27 259.70 0.92
20 37 15.96 39.65 262.66 0.92
20 38 16.15 40.02 265.42 0.91
20 39 16.34 40.40 268.12 0.91
20 40 16.53 40.77 270.82 0.91
20 41 16.72 41.15 273.53 0.91
20 42 16.91 41.52 276.23 0.91
20 43 17.10 41.89 278.94 0.91
20 44 17.29 42.27 281.65 0.90
20 45 17.49 42.64 284.36 0.90
20 46 17.68 43.01 287.08 0.90
20 47 17.87 43.38 289.79 0.90
20 48 18.06 43.75 292.39 0.90
20 49 18.25 44.12 294.72 0.90
20 50 18.45 44.49 297.05 0.89
20 51 18.64 44.86 299.39 0.89
20 52 18.83 45.23 301.72 0.89
20 53 19.02 45.60 304.06 0.89
20 54 19.22 45.97 306.40 0.89
20 55 19.41 46.33 308.74 0.89
20 56 19.60 46.70 311.08 0.88
20 57 19.80 47.07 313.42 0.88
20 58 19.99 47.43 315.77 0.88
20 59 20.18 47.80 317.87 0.88
21 00 20.38 48.16 319.95 0.88
21 01 20.57 48.53 322.04 0.88
21 02 20.76 48.89 324.13 0.87
21 03 20.96 49.26 326.22 0.87
21 04 21.15 49.62 328.31 0.87
21 05 21.35 49.98 330.40 0.87
21 06 21.54 50.34 332.50 0.87
21 07 21.74 50.70 334.59 0.87
21 08 21.93 51.06 336.69 0.86
21 09 22.12 51.42 338.62 0.86
21 10 22.32 51.78 340.46 0.86
21 11 22.51 52.14 342.29 0.86
21 12 22.71 52.50 344.13 0.86
21 13 22.90 52.86 345.97 0.85
21 14 23.10 53.21 347.81 0.85
21 15 23.29 53.57 349.65 0.85
21 16 23.49 53.92 351.49 0.85
21 17 23.69 54.28 353.33 0.85
21 18 23.88 54.63 355.18 0.85
21 19 24.08 54.99 356.97 0.84
21 20 24.27 55.34 358.69 0.84
21 21 24.47 55.69 360.40 0.84
21 22 24.66 56.04 362.12 0.84
21 23 24.86 56.40 363.83 0.84
21 24 25.06 56.75 365.51 0.83
21 25 25.25 57.10 367.10 0.83
21 26 25.45 57.44 368.68 0.83
21 27 25.64 57.79 370.27 0.83
21 28 25.84 58.14 371.86 0.83
21 29 26.04 58.49 373.42 0.82
21 30 26.23 58.83 374.88 0.82
21 31 26.43 59.18 376.33 0.82
21 32 26.63 59.52 377.79 0.82
21 33 26.82 59.87 379.25 0.82
21 34 27.02 60.21 380.71 0.81
21 35 27.22 60.55 382.17 0.81
21 36 27.42 60.89 383.63 0.81
21 37 27.61 61.24 385.09 0.81
21 38 27.81 61.58 386.55 0.81
21 39 28.01 61.92 388.01 0.80
21 40 28.20 62.25 389.34 0.80
21 41 28.40 62.59 390.67 0.80
21 42 28.60 62.93 392.00 0.80
21 43 28.80 63.27 393.33 0.80
21 44 29.00 63.60 394.66 0.80
21 45 29.19 63.94 395.99 0.79
21 46 29.39 64.27 397.33 0.79
21 47 29.59 64.61 398.66 0.79
21 48 29.79 64.94 399.99 0.79
21 49 29.98 65.27 401.33 0.79
21 50 30.18 65.60 402.54 0.78
21 51 30.38 65.93 403.74 0.78
21 52 30.58 66.26 404.94 0.78
21 53 30.78 66.59 406.14 0.78
21 54 30.98 66.92 407.34 0.78
21 55 31.17 67.24 408.43 0.77
21 56 31.37 67.57 409.50 0.77
21 57 31.57 67.90 410.57 0.77
21 58 31.77 68.22 411.64 0.77
21 59 31.97 68.54 412.71 0.77
22 00 32.17 68.87 413.89 0.76
22 01 32.37 69.19 415.10 0.76
22 02 32.56 69.51 416.30 0.76
22 03 32.76 69.83 417.51 0.76
22 04 32.96 70.15 418.71 0.76
22 05 33.16 70.47 419.70 0.75
22 06 33.36 70.79 420.64 0.75
22 07 33.56 71.10 421.58 0.75
22 08 33.76 71.42 422.52 0.75
22 09 33.96 71.73 423.45 0.75
22 10 34.16 72.05 424.50 0.74
22 11 34.36 72.36 425.57 0.74
22 12 34.55 72.67 426.64 0.74
22 13 34.75 72.99 427.72 0.74
22 14 34.95 73.30 428.79 0.74
22 15 35.15 73.61 429.76 0.73
22 16 35.35 73.91 430.70 0.73
22 17 35.55 74.22 431.64 0.73
22 18 35.75 74.53 432.58 0.73
22 19 35.95 74.84 433.52 0.73
22 20 36.15 75.14 434.36 0.72
22 21 36.35 75.45 435.17 0.72
22 22 36.55 75.75 435.98 0.72
22 23 36.75 76.05 436.78 0.72
22 24 36.95 76.35 437.59 0.72
22 25 37.15 76.65 438.50 0.71
22 26 37.35 76.95 439.44 0.71
22 27 37.55 77.25 440.38 0.71
22 28 37.75 77.55 441.32 0.71
22 29 37.95 77.85 442.26 0.71
22 30 38.15 78.14 443.11 0.70
22 31 38.35 78.44 443.91 0.70
22 32 38.55 78.73 444.72 0.70
22 33 38.75 79.02 445.53 0.70
22 34 38.95 79.32 446.34 0.70
22 35 39.15 79.61 447.05 0.70
22 36 39.35 79.90 447.72 0.69
22 37 39.54 80.19 448.39 0.69
22 38 39.74 80.48 449.07 0.69
22 39 39.94 80.76 449.74 0.69
22 40 40.14 81.05 450.51 0.69
22 41 40.34 81.33 451.32 0.68
22 42 40.54 81.62 452.12 0.68
22 43 40.74 81.90 452.93 0.68
22 44 40.94 82.18 453.74 0.68
22 45 41.14 82.47 454.45 0.68
22 46 41.34 82.75 455.12 0.67
22 47 41.54 83.03 455.80 0.67
22 48 41.74 83.30 456.47 0.67
22 49 41.94 83.58 457.14 0.67
22 50 42.14 83.86 457.82 0.67
22 51 42.34 84.13 458.49 0.67
22 52 42.54 84.41 459.16 0.66
22 53 42.74 84.68 459.84 0.66
22 54 42.94 84.95 460.51 0.66
22 55 43.14 85.23 461.18 0.66
22 56 43.34 85.50 461.85 0.66
22 57 43.54 85.77 462.53 0.65
22 58 43.74 86.03 463.20 0.65
22 59 43.94 86.30 463.87 0.65
23 00 44.14 86.57 464.45 0.65
23 01 44.34 86.83 464.99 0.65
23 02 44.54 87.10 465.53 0.65
23 03 44.74 87.36 466.06 0.64
23 04 44.94 87.62 466.60 0.64
23 05 45.14 87.88 467.23 0.64
23 06 45.34 88.14 467.91 0.64
23 07 45.54 88.40 468.58 0.64
23 08 45.74 88.66 469.25 0.63
23 09 45.94 88.92 469.92 0.63
23 10 46.14 89.17 470.50 0.63
23 11 46.34 89.43 471.04 0.63
23 12 46.54 89.68 471.57 0.63
23 13 46.73 89.93 472.11 0.63
23 14 46.93 90.19 472.65 0.62
23 15 47.13 90.44 473.18 0.62
23 16 47.33 90.69 473.72 0.62
23 17 47.53 90.93 474.26 0.62
23 18 47.73 91.18 474.79 0.62
23 19 47.93 91.43 475.33 0.62
23 20 48.13 91.67 475.86 0.61
23 21 48.33 91.92 476.40 0.61
23 22 48.53 92.16 476.94 0.61
23 23 48.72 92.40 477.47 0.61
23 24 48.92 92.64 478.01 0.61
23 25 49.12 92.88 478.46 0.61
23 26 49.32 93.12 478.86 0.60
23 27 49.52 93.36 479.26 0.60
23 28 49.72 93.60 479.66 0.60
23 29 49.92 93.83 480.06 0.60
23 30 50.11 94.07 480.54 0.60
23 31 50.31 94.30 481.07 0.60
23 32 50.51 94.53 481.61 0.59
23 33 50.71 94.77 482.14 0.59
23 34 50.91 95.00 482.67 0.59
23 35 51.10 95.23 483.14 0.59
23 36 51.30 95.45 483.54 0.59
23 37 51.50 95.68 483.93 0.59
23 38 51.70 95.91 484.33 0.59
23 39 51.89 96.13 484.73 0.58
23 40 52.09 96.35 485.13 0.58
23 41 52.29 96.58 485.53 0.58
23 42 52.48 96.80 485.93 0.58
23 43 52.68 97.02 486.32 0.58
23 44 52.88 97.24 486.72 0.58
23 45 53.07 97.46 487.12 0.57
23 46 53.27 97.67 487.52 0.57
23 47 53.47 97.89 487.91 0.57
23 48 53.66 98.11 488.31 0.57
23 49 53.86 98.32 488.71 0.57
23 50 54.06 98.53 489.10 0.57
23 51 54.25 98.74 489.50 0.57
23 52 54.45 98.95 489.89 0.56
23 53 54.64 99.16 490.29 0.56
23 54 54.84 99.37 490.68 0.56
23 55 55.03 99.58 491.08 0.56
23 56 55.23 99.79 491.47 0.56
23 57 55.42 99.99 491.86 0.56
23 58 55.62 100.19 492.26 0.56
23 59 55.81 100.40 492.65 0.55
00 00 56.01 100.60 493.04 0.55
00 01 56.20 100.80 493.30 0.55
00 02 56.39 101.00 493.56 0.55
00 03 56.59 101.20 493.82 0.55
00 04 56.78 101.39 494.08 0.55
00 05 56.97 101.59 494.34 0.55
00 06 57.17 101.79 494.72 0.54
00 07 57.36 101.98 495.11 0.54
00 08 57.55 102.17 495.50 0.54
00 09 57.75 102.36 495.89 0.54
00 10 57.94 102.55 496.28 0.54
00 11 58.13 102.74 496.58 0.54
00 12 58.32 102.93 496.83 0.54
00 13 58.51 103.12 497.09 0.54
00 14 58.71 103.31 497.35 0.53
00 15 58.90 103.49 497.61 0.53
00 16 59.09 103.67 497.92 0.53
00 17 59.28 103.86 498.31 0.53
00 18 59.47 104.04 498.69 0.53
00 19 59.66 104.22 499.08 0.53
00 20 59.85 104.40 499.46 0.53
00 21 60.04 104.58 499.82 0.53
00 22 60.23 104.75 500.07 0.52
00 23 60.42 104.93 500.33 0.52
00 24 60.60 105.11 500.58 0.52
00 25 60.79 105.28 500.83 0.52
00 26 60.98 105.45 501.09 0.52
00 27 61.17 105.62 501.34 0.52
00 28 61.36 105.79 501.59 0.52
00 29 61.54 105.96 501.84 0.52
00 30 61.73 106.13 502.10 0.52
00 31 61.92 106.30 502.35 0.51
00 32 62.10 106.47 502.60 0.51
00 33 62.29 106.63 502.85 0.51
00 34 62.47 106.80 503.10 0.51
00 35 62.66 106.96 503.35 0.51
00 36 62.84 107.12 503.59 0.51
00 37 63.02 107.28 503.84 0.51
00 38 63.21 107.44 504.09 0.51
00 39 63.39 107.60 504.34 0.51
00 40 63.57 107.76 504.58 0.50
00 41 63.76 107.91 504.83 0.50
00 42 63.94 108.07 505.07 0.50
00 43 64.12 108.22 505.24 0.50
00 44 64.30 108.37 505.36 0.50
00 45 64.48 108.53 505.48 0.50
00 46 64.66 108.68 505.60 0.50
00 47 64.84 108.83 505.72 0.50
00 48 65.02 108.97 505.85 0.50
00 49 65.20 109.12 506.09 0.49
00 50 65.37 109.27 506.33 0.49
00 51 65.55 109.41 506.57 0.49
00 52 65.73 109.56 506.81 0.49
00 53 65.90 109.70 507.04 0.49
00 54 66.08 109.84 507.28 0.49
00 55 66.25 109.98 507.52 0.49
00 56 66.43 110.12 507.75 0.49
00 57 66.60 110.26 507.98 0.49
00 58 66.77 110.40 508.22 0.49
00 59 66.94 110.54 508.45 0.49
01 00 67.12 110.67 508.60 0.48
01 01 67.29 110.81 508.72 0.48
01 02 67.46 110.94 508.83 0.48
01 03 67.62 111.07 508.94 0.48
01 04 67.79 111.20 509.06 0.48
01 05 67.96 111.33 509.17 0.48
01 06 68.13 111.46 509.37 0.48
01 07 68.29 111.59 509.59 0.48
01 08 68.46 111.72 509.81 0.48
01 09 68.62 111.84 510.03 0.48
01 10 68.79 111.97 510.25 0.48
01 11 68.95 112.09 510.47 0.47
01 12 69.11 112.21 510.62 0.47
01 13 69.27 112.34 510.73 0.47
01 14 69.43 112.46 510.83 0.47
01 15 69.59 112.58 510.94 0.47
01 16 69.74 112.69 511.05 0.47
01 17 69.90 112.81 511.15 0.47
01 18 70.06 112.93 511.26 0.47
01 19 70.21 113.04 511.36 0.47
01 20 70.36 113.16 511.46 0.47
01 21 70.52 113.27 511.56 0.47
01 22 70.67 113.38 511.67 0.47
01 23 70.82 113.49 511.77 0.47
01 24 70.96 113.60 511.87 0.46
01 25 71.11 113.71 512.04 0.46
01 26 71.26 113.82 512.24 0.46
01 27 71.40 113.93 512.43 0.46
01 28 71.54 114.03 512.62 0.46
01 29 71.69 114.14 512.81 0.46
01 30 71.83 114.24 513.00 0.46
01 31 71.96 114.34 513.19 0.46
01 32 72.10 114.45 513.31 0.46
01 33 72.24 114.55 513.40 0.46
01 34 72.37 114.65 513.49 0.46
01 35 72.50 114.75 513.58 0.46
01 36 72.63 114.84 513.67 0.46
01 37 72.76 114.94 513.75 0.46
01 38 72.89 115.04 513.84 0.45
01 39 73.02 115.13 513.92 0.45
01 40 73.14 115.22 514.01 0.45
01 41 73.26 115.32 514.09 0.45
01 42 73.38 115.41 514.17 0.45
01 43 73.50 115.50 514.25 0.45
01 44 73.62 115.59 514.33 0.45
01 45 73.73 115.68 514.40 0.45
01 46 73.84 115.77 514.48 0.45
01 47 73.95 115.85 514.55 0.45
01 48 74.06 115.94 514.63 0.45
01 49 74.17 116.02 514.70 0.45
01 50 74.27 116.11 514.77 0.45
01 51 74.37 116.19 514.83 0.45
01 52 74.47 116.27 514.90 0.45
01 53 74.57 116.35 514.97 0.45
01 54 74.66 116.43 515.03 0.45
01 55 74.75 116.51 515.09 0.44
01 56 74.84 116.59 515.15 0.44
01 57 74.93 116.67 515.21 0.44
01 58 75.01 116.74 515.27 0.44
01 59 75.09 116.82 515.32 0.44
02 00 75.17 116.89 515.37 0.44
02 01 75.25 116.97 515.42 0.44
02 02 75.32 117.04 515.47 0.44
02 03 75.39 117.11 515.52 0.44
02 04 75.46 117.18 515.57 0.44
02 05 75.52 117.25 515.61 0.44
02 06 75.58 117.32 515.65 0.44
02 07 75.64 117.39 515.69 0.44
02 08 75.70 117.45 515.73 0.44
02 09 75.75 117.52 515.76 0.44
02 10 75.80 117.58 515.80 0.44
02 11 75.85 117.65 515.83 0.44
02 12 75.89 117.71 515.86 0.44
02 13 75.93 117.77 515.88 0.44
02 14 75.97 117.84 515.91 0.44
02 15 76.00 117.90 515.93 0.44
02 16 76.03 117.96 515.95 0.44
02 17 76.06 118.01 515.97 0.43
02 18 76.08 118.07 515.99 0.43
02 19 76.10 118.13 516.00 0.43
02 20 76.12 118.19 516.01 0.43
02 21 76.13 118.24 516.02 0.43
02 22 76.14 118.30 516.03 0.43
02 23 76.15 118.35 516.03 0.43
02 24 76.15 118.40 516.04 0.43
02 25 76.15 118.45 516.04 0.43
02 26 76.15 118.50 516.03 0.43
02 27 76.15 118.56 516.03 0.43
02 28 76.14 118.60 516.02 0.43
02 29 76.12 118.65 516.01 0.43
02 30 76.11 118.70 516.00 0.43
02 31 76.09 118.75 515.99 0.43
02 32 76.06 118.79 515.98 0.43
02 33 76.04 118.84 515.96 0.43
02 34 76.01 118.88 515.94 0.43
02 35 75.98 118.93 515.92 0.43
02 36 75.94 118.97 515.89 0.43
02 37 75.90 119.01 515.86 0.43
02 38 75.86 119.05 515.84 0.43
02 39 75.81 119.09 515.81 0.43
02 40 75.76 119.13 515.77 0.43
02 41 75.71 119.17 515.74 0.43
02 42 75.66 119.21 515.70 0.43
02 43 75.60 119.25 515.66 0.43
02 44 75.54 119.28 515.62 0.43
02 45 75.48 119.32 515.58 0.43
02 46 75.41 119.35 515.53 0.43
02 47 75.34 119.39 515.49 0.43
02 48 75.27 119.42 515.44 0.43
02 49 75.19 119.45 515.39 0.43
02 50 75.11 119.49 515.34 0.43
02 51 75.03 119.52 515.28 0.43
02 52 74.95 119.55 515.23 0.42
02 53 74.86 119.58 515.17 0.42
02 54 74.78 119.61 515.11 0.42
02 55 74.69 119.63 515.05 0.42
02 56 74.59 119.66 514.98 0.42
02 57 74.50 119.69 514.92 0.42
02 58 74.40 119.71 514.85 0.42
02 59 74.30 119.74 514.79 0.42
03 00 74.20 119.77 514.72 0.42
03 01 74.09 119.79 514.65 0.42
03 02 73.98 119.81 514.57 0.42
03 03 73.87 119.84 514.50 0.42
03 04 73.76 119.86 514.42 0.42
03 05 73.65 119.88 514.35 0.42
03 06 73.53 119.90 514.27 0.42
03 07 73.42 119.92 514.19 0.42
03 08 73.30 119.94 514.11 0.42
03 09 73.17 119.96 514.03 0.42
03 10 73.05 119.97 513.95 0.42
03 11 72.93 119.99 513.86 0.42
03 12 72.80 120.01 513.78 0.42
03 13 72.67 120.02 513.69 0.42
03 14 72.54 120.04 513.60 0.42
03 15 72.41 120.06 513.51 0.42
03 16 72.27 120.07 513.42 0.42
03 17 72.14 120.08 513.33 0.42
03 18 72.00 120.10 513.24 0.42
03 19 71.86 120.11 513.06 0.42
03 20 71.72 120.12 512.87 0.42
03 21 71.58 120.13 512.68 0.42
03 22 71.44 120.14 512.49 0.42
03 23 71.30 120.15 512.29 0.42
03 24 71.15 120.16 512.10 0.42
03 25 71.01 120.17 511.90 0.42
03 26 70.86 120.18 511.79 0.42
03 27 70.71 120.19 511.69 0.42
03 28 70.56 120.19 511.59 0.42
03 29 70.41 120.20 511.49 0.42
03 30 70.25 120.21 511.39 0.42
03 31 70.10 120.21 511.28 0.42
03 32 69.94 120.22 511.18 0.42
03 33 69.79 120.22 511.07 0.42
03 34 69.63 120.22 510.97 0.42
03 35 69.47 120.23 510.86 0.42
03 36 69.31 120.23 510.76 0.42
03 37 69.15 120.23 510.65 0.42
03 38 68.99 120.23 510.53 0.42
03 39 68.83 120.24 510.32 0.42
03 40 68.67 120.24 510.10 0.42
03 41 68.50 120.24 509.88 0.42
03 42 68.34 120.24 509.65 0.42
03 43 68.17 120.24 509.43 0.42
03 44 68.01 120.24 509.21 0.42
03 45 67.84 120.23 509.09 0.42
03 46 67.67 120.23 508.98 0.42
03 47 67.50 120.23 508.86 0.42
03 48 67.33 120.23 508.75 0.42
03 49 67.16 120.22 508.63 0.42
03 50 66.99 120.22 508.51 0.42
03 51 66.82 120.21 508.28 0.42
03 52 66.65 120.21 508.05 0.42
03 53 66.47 120.20 507.82 0.42
03 54 66.30 120.20 507.58 0.42
03 55 66.13 120.19 507.35 0.42
03 56 65.95 120.19 507.11 0.42
03 57 65.78 120.18 506.87 0.42
03 58 65.60 120.17 506.64 0.42
03 59 65.42 120.17 506.40 0.42
04 00 65.25 120.16 506.16 0.42
04 01 65.07 120.15 505.92 0.42
04 02 64.89 120.14 505.75 0.42
04 03 64.71 120.13 505.63 0.42
04 04 64.53 120.12 505.51 0.42
04 05 64.35 120.11 505.39 0.42
04 06 64.17 120.10 505.27 0.42
04 07 63.99 120.09 505.14 0.42
04 08 63.81 120.08 504.89 0.42
04 09 63.62 120.07 504.65 0.42
04 10 63.44 120.06 504.40 0.42
04 11 63.26 120.05 504.16 0.42
04 12 63.08 120.03 503.91 0.42
04 13 62.89 120.02 503.66 0.42
04 14 62.71 120.01 503.41 0.42
04 15 62.52 120.00 503.17 0.42
04 16 62.34 119.98 502.92 0.42
04 17 62.15 119.97 502.67 0.42
04 18 61.97 119.96 502.42 0.42
04 19 61.78 119.94 502.17 0.42
04 20 61.59 119.93 501.92 0.42
04 21 61.41 119.91 501.66 0.42
04 22 61.22 119.90 501.41 0.42
04 23 61.03 119.88 501.16 0.42
04 24 60.85 119.87 500.91 0.42
04 25 60.66 119.85 500.65 0.42
04 26 60.47 119.84 500.40 0.42
04 27 60.28 119.82 500.14 0.42
04 28 60.09 119.80 499.89 0.42
04 29 59.90 119.79 499.57 0.42
