# realtime, hour, min, alt, baseline, rate, SC
44670.343750000 20 15 10.05 27.76 185.24 0.96
44670.344444445 20 16 10.24 28.14 190.10 0.96
44670.345138889 20 17 10.42 28.52 194.97 0.96
44670.345833334 20 18 10.61 28.90 199.84 0.95
44670.346527778 20 19 10.80 29.28 204.71 0.95
44670.347222223 20 20 10.98 29.66 209.59 0.95
44670.347916667 20 21 11.17 30.04 214.33 0.95
44670.348611112 20 22 11.36 30.42 219.07 0.95
44670.349305556 20 23 11.54 30.80 223.81 0.95
44670.350000000 20 24 11.73 31.18 228.55 0.95
44670.350694445 20 25 11.92 31.56 233.30 0.95
44670.351388889 20 26 12.11 31.94 237.79 0.94
44670.352083334 20 27 12.29 32.32 242.09 0.94
44670.352777778 20 28 12.48 32.70 246.39 0.94
44670.353472223 20 29 12.67 33.08 250.69 0.94
44670.354166667 20 30 12.86 33.46 254.99 0.94
44670.354861112 20 31 13.05 33.84 259.27 0.94
44670.355555556 20 32 13.23 34.22 263.43 0.94
44670.356250000 20 33 13.42 34.60 267.59 0.94
44670.356944445 20 34 13.61 34.98 271.76 0.93
44670.357638889 20 35 13.80 35.36 275.93 0.93
44670.358333334 20 36 13.99 35.74 280.10 0.93
44670.359027778 20 37 14.18 36.11 283.98 0.93
44670.359722223 20 38 14.37 36.49 287.85 0.93
44670.360416667 20 39 14.56 36.87 291.73 0.93
44670.361111112 20 40 14.75 37.25 295.60 0.93
44670.361805556 20 41 14.94 37.62 299.48 0.92
44670.362500001 20 42 15.13 38.00 303.16 0.92
44670.363194445 20 43 15.32 38.38 306.73 0.92
44670.363888889 20 44 15.51 38.75 310.31 0.92
44670.364583334 20 45 15.70 39.13 313.89 0.92
44670.365277778 20 46 15.89 39.50 317.47 0.92
44670.365972223 20 47 16.08 39.88 320.93 0.91
44670.366666667 20 48 16.27 40.25 324.20 0.91
44670.367361112 20 49 16.46 40.63 327.48 0.91
44670.368055556 20 50 16.65 41.00 330.76 0.91
44670.368750001 20 51 16.84 41.38 334.04 0.91
44670.369444445 20 52 17.04 41.75 337.33 0.91
44670.370138889 20 53 17.23 42.12 340.62 0.91
44670.370833334 20 54 17.42 42.49 343.91 0.90
44670.371527778 20 55 17.61 42.87 347.20 0.90
44670.372222223 20 56 17.80 43.24 350.49 0.90
44670.372916667 20 57 18.00 43.61 353.79 0.90
44670.373611112 20 58 18.19 43.98 356.63 0.90
44670.374305556 20 59 18.38 44.35 359.46 0.90
44670.375000001 21 00 18.57 44.72 362.29 0.89
44670.375694445 21 01 18.76 45.09 365.12 0.89
44670.376388889 21 02 18.96 45.46 367.96 0.89
44670.377083334 21 03 19.15 45.82 370.80 0.89
44670.377777778 21 04 19.34 46.19 373.63 0.89
44670.378472223 21 05 19.54 46.56 376.47 0.89
44670.379166667 21 06 19.73 46.93 379.32 0.88
44670.379861112 21 07 19.92 47.29 382.16 0.88
44670.380555556 21 08 20.12 47.66 384.82 0.88
44670.381250001 21 09 20.31 48.02 387.35 0.88
44670.381944445 21 10 20.50 48.39 389.88 0.88
44670.382638889 21 11 20.70 48.75 392.41 0.87
44670.383333334 21 12 20.89 49.11 394.95 0.87
44670.384027778 21 13 21.08 49.48 397.49 0.87
44670.384722223 21 14 21.28 49.84 400.02 0.87
44670.385416667 21 15 21.47 50.20 402.56 0.87
44670.386111112 21 16 21.67 50.56 405.10 0.87
44670.386805556 21 17 21.86 50.92 407.65 0.86
44670.387500001 21 18 22.06 51.28 410.10 0.86
44670.388194445 21 19 22.25 51.64 412.33 0.86
44670.388888889 21 20 22.45 52.00 414.55 0.86
44670.389583334 21 21 22.64 52.36 416.78 0.86
44670.390277778 21 22 22.84 52.72 419.01 0.86
44670.390972223 21 23 23.03 53.07 421.25 0.85
44670.391666667 21 24 23.23 53.43 423.48 0.85
44670.392361112 21 25 23.42 53.79 425.71 0.85
44670.393055556 21 26 23.62 54.14 427.95 0.85
44670.393750001 21 27 23.81 54.50 430.18 0.85
44670.394444445 21 28 24.01 54.85 432.42 0.84
44670.395138890 21 29 24.20 55.20 434.49 0.84
44670.395833334 21 30 24.40 55.56 436.57 0.84
44670.396527778 21 31 24.59 55.91 438.65 0.84
44670.397222223 21 32 24.79 56.26 440.74 0.84
44670.397916667 21 33 24.99 56.61 442.82 0.83
44670.398611112 21 34 25.18 56.96 444.75 0.83
44670.399305556 21 35 25.38 57.31 446.68 0.83
44670.400000001 21 36 25.58 57.66 448.60 0.83
44670.400694445 21 37 25.77 58.01 450.53 0.83
44670.401388890 21 38 25.97 58.35 452.45 0.82
44670.402083334 21 39 26.16 58.70 454.25 0.82
44670.402777778 21 40 26.36 59.04 456.02 0.82
44670.403472223 21 41 26.56 59.39 457.78 0.82
44670.404166667 21 42 26.75 59.73 459.55 0.82
44670.404861112 21 43 26.95 60.08 461.32 0.82
44670.405555556 21 44 27.15 60.42 463.09 0.81
44670.406250001 21 45 27.35 60.76 464.86 0.81
44670.406944445 21 46 27.54 61.10 466.64 0.81
44670.407638890 21 47 27.74 61.44 468.41 0.81
44670.408333334 21 48 27.94 61.78 470.18 0.81
44670.409027778 21 49 28.13 62.12 471.85 0.80
44670.409722223 21 50 28.33 62.46 473.46 0.80
44670.410416667 21 51 28.53 62.80 475.07 0.80
44670.411111112 21 52 28.73 63.14 476.69 0.80
44670.411805556 21 53 28.92 63.47 478.30 0.80
44670.412500001 21 54 29.12 63.81 479.92 0.79
44670.413194445 21 55 29.32 64.14 481.54 0.79
44670.413888890 21 56 29.52 64.48 483.15 0.79
44670.414583334 21 57 29.72 64.81 484.77 0.79
44670.415277778 21 58 29.91 65.14 486.39 0.79
44670.415972223 21 59 30.11 65.47 487.91 0.78
44670.416666667 22 00 30.31 65.80 489.37 0.78
44670.417361112 22 01 30.51 66.13 490.83 0.78
44670.418055556 22 02 30.71 66.46 492.29 0.78
44670.418750001 22 03 30.90 66.79 493.75 0.78
44670.419444445 22 04 31.10 67.12 495.12 0.77
44670.420138890 22 05 31.30 67.44 496.42 0.77
44670.420833334 22 06 31.50 67.77 497.71 0.77
44670.421527778 22 07 31.70 68.09 499.01 0.77
44670.422222223 22 08 31.90 68.42 500.31 0.77
44670.422916667 22 09 32.10 68.74 501.69 0.76
44670.423611112 22 10 32.29 69.06 503.15 0.76
44670.424305556 22 11 32.49 69.38 504.61 0.76
44670.425000001 22 12 32.69 69.70 506.07 0.76
44670.425694445 22 13 32.89 70.02 507.54 0.76
44670.426388890 22 14 33.09 70.34 508.85 0.75
44670.427083334 22 15 33.29 70.66 509.99 0.75
44670.427777778 22 16 33.49 70.98 511.13 0.75
44670.428472223 22 17 33.69 71.29 512.27 0.75
44670.429166667 22 18 33.89 71.61 513.41 0.75
44670.429861112 22 19 34.08 71.92 514.61 0.74
44670.430555556 22 20 34.28 72.24 515.92 0.74
44670.431250001 22 21 34.48 72.55 517.22 0.74
44670.431944445 22 22 34.68 72.86 518.52 0.74
44670.432638890 22 23 34.88 73.17 519.82 0.74
44670.433333334 22 24 35.08 73.48 521.06 0.73
44670.434027779 22 25 35.28 73.79 522.20 0.73
44670.434722223 22 26 35.48 74.10 523.34 0.73
44670.435416667 22 27 35.68 74.41 524.48 0.73
44670.436111112 22 28 35.88 74.72 525.62 0.73
44670.436805556 22 29 36.08 75.02 526.70 0.72
44670.437500001 22 30 36.28 75.33 527.68 0.72
44670.438194445 22 31 36.48 75.63 528.66 0.72
44670.438888890 22 32 36.68 75.93 529.64 0.72
44670.439583334 22 33 36.88 76.23 530.61 0.72
44670.440277779 22 34 37.08 76.54 531.65 0.72
44670.440972223 22 35 37.27 76.84 532.80 0.71
44670.441666667 22 36 37.47 77.13 533.94 0.71
44670.442361112 22 37 37.67 77.43 535.08 0.71
44670.443055556 22 38 37.87 77.73 536.22 0.71
44670.443750001 22 39 38.07 78.03 537.31 0.71
44670.444444445 22 40 38.27 78.32 538.29 0.70
44670.445138890 22 41 38.47 78.62 539.26 0.70
44670.445833334 22 42 38.67 78.91 540.24 0.70
44670.446527779 22 43 38.87 79.20 541.22 0.70
44670.447222223 22 44 39.07 79.49 542.14 0.70
44670.447916667 22 45 39.27 79.78 542.96 0.69
44670.448611112 22 46 39.47 80.07 543.78 0.69
44670.449305556 22 47 39.67 80.36 544.59 0.69
44670.450000001 22 48 39.87 80.65 545.41 0.69
44670.450694445 22 49 40.07 80.94 546.29 0.69
44670.451388890 22 50 40.27 81.22 547.27 0.68
44670.452083334 22 51 40.47 81.51 548.25 0.68
44670.452777779 22 52 40.67 81.79 549.23 0.68
44670.453472223 22 53 40.87 82.07 550.21 0.68
44670.454166667 22 54 41.07 82.36 551.13 0.68
44670.454861112 22 55 41.27 82.64 551.94 0.68
44670.455555556 22 56 41.47 82.92 552.76 0.67
44670.456250001 22 57 41.67 83.19 553.58 0.67
44670.456944445 22 58 41.87 83.47 554.39 0.67
44670.457638890 22 59 42.07 83.75 555.21 0.67
44670.458333334 23 00 42.27 84.03 556.03 0.67
44670.459027779 23 01 42.47 84.30 556.84 0.66
44670.459722223 23 02 42.67 84.57 557.66 0.66
44670.460416667 23 03 42.87 84.85 558.48 0.66
44670.461111112 23 04 43.07 85.12 559.29 0.66
44670.461805556 23 05 43.27 85.39 560.11 0.66
44670.462500001 23 06 43.47 85.66 560.93 0.66
44670.463194445 23 07 43.67 85.93 561.74 0.65
44670.463888890 23 08 43.87 86.20 562.56 0.65
44670.464583334 23 09 44.07 86.46 563.32 0.65
44670.465277779 23 10 44.27 86.73 563.97 0.65
44670.465972223 23 11 44.47 86.99 564.62 0.65
44670.466666668 23 12 44.67 87.26 565.28 0.64
44670.467361112 23 13 44.87 87.52 565.93 0.64
44670.468055556 23 14 45.07 87.78 566.63 0.64
44670.468750001 23 15 45.27 88.04 567.45 0.64
44670.469444445 23 16 45.46 88.30 568.27 0.64
44670.470138890 23 17 45.66 88.56 569.08 0.64
44670.470833334 23 18 45.86 88.82 569.90 0.63
44670.471527779 23 19 46.06 89.07 570.66 0.63
44670.472222223 23 20 46.26 89.33 571.31 0.63
44670.472916668 23 21 46.46 89.58 571.96 0.63
44670.473611112 23 22 46.66 89.83 572.61 0.63
44670.474305556 23 23 46.86 90.09 573.26 0.63
44670.475000001 23 24 47.06 90.34 573.91 0.62
44670.475694445 23 25 47.26 90.59 574.57 0.62
44670.476388890 23 26 47.46 90.84 575.22 0.62
44670.477083334 23 27 47.66 91.08 575.87 0.62
44670.477777779 23 28 47.86 91.33 576.52 0.62
44670.478472223 23 29 48.05 91.58 577.17 0.61
44670.479166668 23 30 48.25 91.82 577.82 0.61
44670.479861112 23 31 48.45 92.06 578.47 0.61
44670.480555556 23 32 48.65 92.31 579.12 0.61
44670.481250001 23 33 48.85 92.55 579.77 0.61
44670.481944445 23 34 49.05 92.79 580.38 0.61
44670.482638890 23 35 49.25 93.03 580.86 0.61
44670.483333334 23 36 49.44 93.27 581.35 0.60
44670.484027779 23 37 49.64 93.50 581.83 0.60
44670.484722223 23 38 49.84 93.74 582.32 0.60
44670.485416668 23 39 50.04 93.98 582.84 0.60
44670.486111112 23 40 50.24 94.21 583.49 0.60
44670.486805556 23 41 50.44 94.44 584.13 0.60
44670.487500001 23 42 50.63 94.67 584.78 0.59
44670.488194445 23 43 50.83 94.90 585.43 0.59
44670.488888890 23 44 51.03 95.13 586.05 0.59
44670.489583334 23 45 51.23 95.36 586.53 0.59
44670.490277779 23 46 51.42 95.59 587.02 0.59
44670.490972223 23 47 51.62 95.82 587.50 0.59
44670.491666668 23 48 51.82 96.04 587.99 0.58
44670.492361112 23 49 52.02 96.27 588.47 0.58
44670.493055556 23 50 52.21 96.49 588.95 0.58
44670.493750001 23 51 52.41 96.71 589.44 0.58
44670.494444445 23 52 52.61 96.93 589.92 0.58
44670.495138890 23 53 52.80 97.15 590.40 0.58
44670.495833334 23 54 53.00 97.37 590.88 0.58
44670.496527779 23 55 53.20 97.59 591.36 0.57
44670.497222223 23 56 53.39 97.80 591.85 0.57
44670.497916668 23 57 53.59 98.02 592.33 0.57
44670.498611112 23 58 53.78 98.23 592.81 0.57
44670.499305557 23 59 53.98 98.45 593.29 0.57
44670.500000001 00 00 54.18 98.66 593.77 0.57
44670.500694445 00 01 54.37 98.87 594.25 0.57
44670.501388890 00 02 54.57 99.08 594.73 0.56
44670.502083334 00 03 54.76 99.29 595.21 0.56
44670.502777779 00 04 54.96 99.50 595.69 0.56
44670.503472223 00 05 55.15 99.70 596.16 0.56
44670.504166668 00 06 55.35 99.91 596.64 0.56
44670.504861112 00 07 55.54 100.11 597.12 0.56
44670.505555557 00 08 55.74 100.32 597.60 0.56
44670.506250001 00 09 55.93 100.52 598.07 0.55
44670.506944445 00 10 56.13 100.72 598.45 0.55
44670.507638890 00 11 56.32 100.92 598.76 0.55
44670.508333334 00 12 56.51 101.12 599.08 0.55
44670.509027779 00 13 56.71 101.31 599.40 0.55
44670.509722223 00 14 56.90 101.51 599.71 0.55
44670.510416668 00 15 57.09 101.71 600.10 0.55
44670.511111112 00 16 57.29 101.90 600.58 0.54
44670.511805557 00 17 57.48 102.09 601.05 0.54
44670.512500001 00 18 57.67 102.29 601.52 0.54
44670.513194445 00 19 57.86 102.48 601.99 0.54
44670.513888890 00 20 58.06 102.67 602.42 0.54
44670.514583334 00 21 58.25 102.86 602.73 0.54
44670.515277779 00 22 58.44 103.04 603.05 0.54
44670.515972223 00 23 58.63 103.23 603.36 0.54
44670.516666668 00 24 58.82 103.42 603.67 0.53
44670.517361112 00 25 59.01 103.60 603.99 0.53
44670.518055557 00 26 59.20 103.78 604.46 0.53
44670.518750001 00 27 59.39 103.97 604.93 0.53
44670.519444445 00 28 59.58 104.15 605.39 0.53
44670.520138890 00 29 59.77 104.33 605.86 0.53
44670.520833334 00 30 59.96 104.51 606.32 0.53
44670.521527779 00 31 60.15 104.68 606.66 0.53
44670.522222223 00 32 60.34 104.86 606.97 0.52
44670.522916668 00 33 60.53 105.03 607.28 0.52
44670.523611112 00 34 60.72 105.21 607.59 0.52
44670.524305557 00 35 60.91 105.38 607.89 0.52
44670.525000001 00 36 61.10 105.55 608.20 0.52
44670.525694445 00 37 61.28 105.73 608.51 0.52
44670.526388890 00 38 61.47 105.90 608.81 0.52
44670.527083334 00 39 61.66 106.06 609.12 0.52
44670.527777779 00 40 61.84 106.23 609.42 0.51
44670.528472223 00 41 62.03 106.40 609.73 0.51
44670.529166668 00 42 62.21 106.56 610.03 0.51
44670.529861112 00 43 62.40 106.73 610.33 0.51
44670.530555557 00 44 62.58 106.89 610.64 0.51
44670.531250001 00 45 62.77 107.05 610.94 0.51
44670.531944446 00 46 62.95 107.21 611.24 0.51
44670.532638890 00 47 63.14 107.37 611.54 0.51
44670.533333334 00 48 63.32 107.53 611.84 0.51
44670.534027779 00 49 63.50 107.69 612.14 0.50
44670.534722223 00 50 63.68 107.85 612.43 0.50
44670.535416668 00 51 63.87 108.00 612.73 0.50
44670.536111112 00 52 64.05 108.16 612.99 0.50
44670.536805557 00 53 64.23 108.31 613.14 0.50
44670.537500001 00 54 64.41 108.46 613.28 0.50
44670.538194446 00 55 64.59 108.61 613.43 0.50
44670.538888890 00 56 64.77 108.76 613.58 0.50
44670.539583334 00 57 64.95 108.91 613.72 0.50
44670.540277779 00 58 65.12 109.06 613.97 0.50
44670.540972223 00 59 65.30 109.21 614.26 0.49
44670.541666668 01 00 65.48 109.35 614.55 0.49
44670.542361112 01 01 65.66 109.50 614.84 0.49
44670.543055557 01 02 65.83 109.64 615.13 0.49
44670.543750001 01 03 66.01 109.78 615.41 0.49
44670.544444446 01 04 66.18 109.93 615.70 0.49
44670.545138890 01 05 66.36 110.07 615.98 0.49
44670.545833334 01 06 66.53 110.21 616.27 0.49
44670.546527779 01 07 66.70 110.34 616.55 0.49
44670.547222223 01 08 66.87 110.48 616.83 0.49
44670.547916668 01 09 67.05 110.62 617.07 0.48
44670.548611112 01 10 67.22 110.75 617.21 0.48
44670.549305557 01 11 67.39 110.88 617.35 0.48
44670.550000001 01 12 67.56 111.02 617.49 0.48
44670.550694446 01 13 67.72 111.15 617.63 0.48
44670.551388890 01 14 67.89 111.28 617.77 0.48
44670.552083334 01 15 68.06 111.41 617.95 0.48
44670.552777779 01 16 68.22 111.54 618.22 0.48
44670.553472223 01 17 68.39 111.66 618.49 0.48
44670.554166668 01 18 68.55 111.79 618.76 0.48
44670.554861112 01 19 68.72 111.92 619.03 0.48
44670.555555557 01 20 68.88 112.04 619.29 0.48
44670.556250001 01 21 69.04 112.16 619.52 0.47
44670.556944446 01 22 69.20 112.28 619.65 0.47
44670.557638890 01 23 69.36 112.41 619.78 0.47
44670.558333334 01 24 69.52 112.53 619.91 0.47
44670.559027779 01 25 69.68 112.64 620.04 0.47
44670.559722223 01 26 69.84 112.76 620.17 0.47
44670.560416668 01 27 69.99 112.88 620.30 0.47
44670.561111112 01 28 70.15 112.99 620.42 0.47
44670.561805557 01 29 70.30 113.11 620.55 0.47
44670.562500001 01 30 70.45 113.22 620.67 0.47
44670.563194446 01 31 70.60 113.34 620.80 0.47
44670.563888890 01 32 70.75 113.45 620.92 0.47
44670.564583334 01 33 70.90 113.56 621.04 0.46
44670.565277779 01 34 71.05 113.67 621.20 0.46
44670.565972223 01 35 71.19 113.77 621.44 0.46
44670.566666668 01 36 71.34 113.88 621.68 0.46
44670.567361112 01 37 71.48 113.99 621.91 0.46
44670.568055557 01 38 71.62 114.09 622.14 0.46
44670.568750001 01 39 71.77 114.20 622.37 0.46
44670.569444446 01 40 71.90 114.30 622.60 0.46
44670.570138890 01 41 72.04 114.40 622.79 0.46
44670.570833335 01 42 72.18 114.50 622.90 0.46
44670.571527779 01 43 72.31 114.60 623.01 0.46
44670.572222223 01 44 72.45 114.70 623.12 0.46
44670.572916668 01 45 72.58 114.80 623.23 0.46
44670.573611112 01 46 72.71 114.90 623.33 0.46
44670.574305557 01 47 72.83 115.00 623.44 0.46
44670.575000001 01 48 72.96 115.09 623.54 0.45
44670.575694446 01 49 73.08 115.18 623.64 0.45
44670.576388890 01 50 73.21 115.28 623.74 0.45
44670.577083335 01 51 73.33 115.37 623.84 0.45
44670.577777779 01 52 73.45 115.46 623.94 0.45
44670.578472223 01 53 73.56 115.55 624.03 0.45
44670.579166668 01 54 73.68 115.64 624.13 0.45
44670.579861112 01 55 73.79 115.73 624.22 0.45
44670.580555557 01 56 73.90 115.82 624.31 0.45
44670.581250001 01 57 74.01 115.90 624.40 0.45
44670.581944446 01 58 74.12 115.99 624.49 0.45
44670.582638890 01 59 74.22 116.07 624.57 0.45
44670.583333335 02 00 74.32 116.15 624.66 0.45
44670.584027779 02 01 74.42 116.24 624.74 0.45
44670.584722223 02 02 74.52 116.32 624.82 0.45
44670.585416668 02 03 74.61 116.40 624.89 0.45
44670.586111112 02 04 74.71 116.48 624.97 0.45
44670.586805557 02 05 74.80 116.56 625.04 0.44
44670.587500001 02 06 74.88 116.63 625.11 0.44
44670.588194446 02 07 74.97 116.71 625.18 0.44
44670.588888890 02 08 75.05 116.79 625.25 0.44
44670.589583335 02 09 75.13 116.86 625.31 0.44
44670.590277779 02 10 75.21 116.93 625.38 0.44
44670.590972223 02 11 75.28 117.01 625.44 0.44
44670.591666668 02 12 75.35 117.08 625.50 0.44
44670.592361112 02 13 75.42 117.15 625.55 0.44
44670.593055557 02 14 75.49 117.22 625.61 0.44
44670.593750001 02 15 75.55 117.29 625.66 0.44
44670.594444446 02 16 75.61 117.36 625.71 0.44
44670.595138890 02 17 75.66 117.42 625.75 0.44
44670.595833335 02 18 75.72 117.49 625.80 0.44
44670.596527779 02 19 75.77 117.56 625.84 0.44
44670.597222223 02 20 75.82 117.62 625.88 0.44
44670.597916668 02 21 75.86 117.68 625.91 0.44
44670.598611112 02 22 75.90 117.75 625.95 0.44
44670.599305557 02 23 75.94 117.81 625.98 0.44
44670.600000001 02 24 75.97 117.87 626.01 0.44
44670.600694446 02 25 76.01 117.93 626.03 0.44
44670.601388890 02 26 76.03 117.99 626.05 0.44
44670.602083335 02 27 76.06 118.05 626.07 0.43
44670.602777779 02 28 76.08 118.11 626.09 0.43
44670.603472224 02 29 76.10 118.16 626.11 0.43
44670.604166668 02 30 76.11 118.22 626.12 0.43
44670.604861112 02 31 76.13 118.27 626.13 0.43
44670.605555557 02 32 76.13 118.33 626.14 0.43
44670.606250001 02 33 76.14 118.38 626.14 0.43
44670.606944446 02 34 76.14 118.43 626.14 0.43
44670.607638890 02 35 76.14 118.48 626.14 0.43
44670.608333335 02 36 76.13 118.53 626.14 0.43
44670.609027779 02 37 76.13 118.58 626.13 0.43
44670.609722224 02 38 76.11 118.63 626.12 0.43
44670.610416668 02 39 76.10 118.68 626.11 0.43
44670.611111112 02 40 76.08 118.73 626.09 0.43
44670.611805557 02 41 76.06 118.77 626.07 0.43
44670.612500001 02 42 76.03 118.82 626.05 0.43
44670.613194446 02 43 76.01 118.86 626.03 0.43
44670.613888890 02 44 75.97 118.91 626.01 0.43
44670.614583335 02 45 75.94 118.95 625.98 0.43
44670.615277779 02 46 75.90 118.99 625.95 0.43
44670.615972224 02 47 75.86 119.03 625.91 0.43
44670.616666668 02 48 75.82 119.08 625.88 0.43
44670.617361112 02 49 75.77 119.12 625.84 0.43
44670.618055557 02 50 75.72 119.15 625.80 0.43
44670.618750001 02 51 75.67 119.19 625.75 0.43
44670.619444446 02 52 75.61 119.23 625.71 0.43
44670.620138890 02 53 75.55 119.27 625.66 0.43
44670.620833335 02 54 75.49 119.30 625.61 0.43
44670.621527779 02 55 75.42 119.34 625.55 0.43
44670.622222224 02 56 75.35 119.37 625.50 0.43
44670.622916668 02 57 75.28 119.41 625.44 0.43
44670.623611112 02 58 75.21 119.44 625.38 0.43
44670.624305557 02 59 75.13 119.47 625.32 0.43
44670.625000001 03 00 75.05 119.50 625.25 0.43
44670.625694446 03 01 74.97 119.53 625.18 0.42
44670.626388890 03 02 74.88 119.56 625.11 0.42
44670.627083335 03 03 74.80 119.59 625.04 0.42
44670.627777779 03 04 74.71 119.62 624.97 0.42
44670.628472224 03 05 74.61 119.65 624.89 0.42
44670.629166668 03 06 74.52 119.68 624.82 0.42
44670.629861112 03 07 74.42 119.70 624.74 0.42
44670.630555557 03 08 74.32 119.73 624.66 0.42
44670.631250001 03 09 74.22 119.75 624.57 0.42
44670.631944446 03 10 74.12 119.78 624.49 0.42
44670.632638890 03 11 74.01 119.80 624.40 0.42
44670.633333335 03 12 73.90 119.83 624.31 0.42
44670.634027779 03 13 73.79 119.85 624.22 0.42
44670.634722224 03 14 73.68 119.87 624.13 0.42
44670.635416668 03 15 73.56 119.89 624.04 0.42
44670.636111113 03 16 73.45 119.91 623.94 0.42
44670.636805557 03 17 73.33 119.93 623.84 0.42
44670.637500001 03 18 73.21 119.95 623.74 0.42
44670.638194446 03 19 73.09 119.97 623.64 0.42
44670.638888890 03 20 72.96 119.98 623.54 0.42
44670.639583335 03 21 72.84 120.00 623.44 0.42
44670.640277779 03 22 72.71 120.02 623.34 0.42
44670.640972224 03 23 72.58 120.03 623.23 0.42
44670.641666668 03 24 72.45 120.05 623.12 0.42
44670.642361113 03 25 72.31 120.06 623.01 0.42
44670.643055557 03 26 72.18 120.08 622.90 0.42
44670.643750001 03 27 72.04 120.09 622.79 0.42
44670.644444446 03 28 71.91 120.10 622.60 0.42
44670.645138890 03 29 71.77 120.11 622.38 0.42
44670.645833335 03 30 71.63 120.13 622.15 0.42
44670.646527779 03 31 71.48 120.14 621.91 0.42
44670.647222224 03 32 71.34 120.15 621.68 0.42
44670.647916668 03 33 71.20 120.16 621.44 0.42
44670.648611113 03 34 71.05 120.17 621.20 0.42
44670.649305557 03 35 70.90 120.17 621.04 0.42
44670.650000001 03 36 70.75 120.18 620.92 0.42
44670.650694446 03 37 70.60 120.19 620.80 0.42
44670.651388890 03 38 70.45 120.20 620.68 0.42
44670.652083335 03 39 70.30 120.20 620.55 0.42
44670.652777779 03 40 70.15 120.21 620.43 0.42
44670.653472224 03 41 69.99 120.21 620.30 0.42
44670.654166668 03 42 69.84 120.22 620.17 0.42
44670.654861113 03 43 69.68 120.22 620.04 0.42
44670.655555557 03 44 69.52 120.23 619.92 0.42
44670.656250001 03 45 69.36 120.23 619.79 0.42
44670.656944446 03 46 69.20 120.23 619.66 0.42
44670.657638890 03 47 69.04 120.23 619.52 0.42
44670.658333335 03 48 68.88 120.24 619.30 0.42
44670.659027779 03 49 68.72 120.24 619.03 0.42
44670.659722224 03 50 68.56 120.24 618.76 0.42
44670.660416668 03 51 68.39 120.24 618.49 0.42
44670.661111113 03 52 68.23 120.24 618.22 0.42
44670.661805557 03 53 68.06 120.24 617.95 0.42
44670.662500001 03 54 67.89 120.23 617.77 0.42
44670.663194446 03 55 67.73 120.23 617.63 0.42
44670.663888890 03 56 67.56 120.23 617.49 0.42
44670.664583335 03 57 67.39 120.23 617.35 0.42
44670.665277779 03 58 67.22 120.22 617.21 0.42
44670.665972224 03 59 67.05 120.22 617.07 0.42
44670.666666668 04 00 66.88 120.22 616.83 0.42
44670.667361113 04 01 66.70 120.21 616.55 0.42
44670.668055557 04 02 66.53 120.21 616.27 0.42
44670.668750002 04 03 66.36 120.20 615.99 0.42
44670.669444446 04 04 66.18 120.20 615.70 0.42
44670.670138890 04 05 66.01 120.19 615.42 0.42
44670.670833335 04 06 65.83 120.18 615.13 0.42
44670.671527779 04 07 65.66 120.18 614.84 0.42
44670.672222224 04 08 65.48 120.17 614.55 0.42
44670.672916668 04 09 65.30 120.16 614.26 0.42
44670.673611113 04 10 65.13 120.15 613.97 0.42
44670.674305557 04 11 64.95 120.15 613.72 0.42
44670.675000002 04 12 64.77 120.14 613.58 0.42
44670.675694446 04 13 64.59 120.13 613.43 0.42
44670.676388890 04 14 64.41 120.12 613.28 0.42
44670.677083335 04 15 64.23 120.11 613.14 0.42
44670.677777779 04 16 64.05 120.10 612.99 0.42
44670.678472224 04 17 63.87 120.09 612.73 0.42
44670.679166668 04 18 63.69 120.08 612.44 0.42
44670.679861113 04 19 63.50 120.06 612.14 0.42
44670.680555557 04 20 63.32 120.05 611.84 0.42
44670.681250002 04 21 63.14 120.04 611.54 0.42
44670.681944446 04 22 62.95 120.03 611.24 0.42
44670.682638890 04 23 62.77 120.02 610.94 0.42
44670.683333335 04 24 62.59 120.00 610.64 0.42
44670.684027779 04 25 62.40 119.99 610.34 0.42
44670.684722224 04 26 62.22 119.98 610.03 0.42
44670.685416668 04 27 62.03 119.96 609.73 0.42
44670.686111113 04 28 61.84 119.95 609.43 0.42
44670.686805557 04 29 61.66 119.93 609.12 0.42
