# realtime, hour, min, alt, baseline, rate, SC
44671.340972223 20 11 10.04 27.73 184.91 0.96
44671.341666667 20 12 10.23 28.11 189.77 0.96
44671.342361112 20 13 10.41 28.50 194.63 0.96
44671.343055556 20 14 10.60 28.88 199.50 0.95
44671.343750000 20 15 10.78 29.26 204.38 0.95
44671.344444445 20 16 10.97 29.64 209.25 0.95
44671.345138889 20 17 11.16 30.02 214.01 0.95
44671.345833334 20 18 11.34 30.40 218.74 0.95
44671.346527778 20 19 11.53 30.78 223.48 0.95
44671.347222223 20 20 11.72 31.16 228.22 0.95
44671.347916667 20 21 11.91 31.54 232.97 0.95
44671.348611112 20 22 12.09 31.92 237.50 0.94
44671.349305556 20 23 12.28 32.30 241.79 0.94
44671.350000000 20 24 12.47 32.68 246.09 0.94
44671.350694445 20 25 12.66 33.06 250.39 0.94
44671.351388889 20 26 12.84 33.44 254.70 0.94
44671.352083334 20 27 13.03 33.82 258.98 0.94
44671.352777778 20 28 13.22 34.19 263.14 0.94
44671.353472223 20 29 13.41 34.57 267.30 0.94
44671.354166667 20 30 13.60 34.95 271.47 0.93
44671.354861112 20 31 13.79 35.33 275.64 0.93
44671.355555556 20 32 13.98 35.71 279.81 0.93
44671.356250000 20 33 14.17 36.09 283.72 0.93
44671.356944445 20 34 14.36 36.47 287.59 0.93
44671.357638889 20 35 14.55 36.84 291.46 0.93
44671.358333334 20 36 14.73 37.22 295.34 0.93
44671.359027778 20 37 14.92 37.60 299.22 0.92
44671.359722223 20 38 15.11 37.98 302.91 0.92
44671.360416667 20 39 15.30 38.35 306.49 0.92
44671.361111112 20 40 15.50 38.73 310.06 0.92
44671.361805556 20 41 15.69 39.10 313.64 0.92
44671.362500001 20 42 15.88 39.48 317.23 0.92
44671.363194445 20 43 16.07 39.85 320.70 0.91
44671.363888889 20 44 16.26 40.23 323.98 0.91
44671.364583334 20 45 16.45 40.60 327.26 0.91
44671.365277778 20 46 16.64 40.98 330.54 0.91
44671.365972223 20 47 16.83 41.35 333.82 0.91
44671.366666667 20 48 17.02 41.72 337.10 0.91
44671.367361112 20 49 17.21 42.10 340.39 0.91
44671.368055556 20 50 17.41 42.47 343.68 0.90
44671.368750001 20 51 17.60 42.84 346.97 0.90
44671.369444445 20 52 17.79 43.21 350.27 0.90
44671.370138889 20 53 17.98 43.58 353.56 0.90
44671.370833334 20 54 18.17 43.95 356.44 0.90
44671.371527778 20 55 18.37 44.32 359.27 0.90
44671.372222223 20 56 18.56 44.69 362.10 0.89
44671.372916667 20 57 18.75 45.06 364.93 0.89
44671.373611112 20 58 18.94 45.43 367.76 0.89
44671.374305556 20 59 19.14 45.80 370.60 0.89
44671.375000001 21 00 19.33 46.17 373.44 0.89
44671.375694445 21 01 19.52 46.53 376.28 0.89
44671.376388889 21 02 19.72 46.90 379.12 0.88
44671.377083334 21 03 19.91 47.27 381.96 0.88
44671.377777778 21 04 20.10 47.63 384.64 0.88
44671.378472223 21 05 20.30 48.00 387.17 0.88
44671.379166667 21 06 20.49 48.36 389.71 0.88
44671.379861112 21 07 20.68 48.73 392.24 0.87
44671.380555556 21 08 20.88 49.09 394.77 0.87
44671.381250001 21 09 21.07 49.45 397.31 0.87
44671.381944445 21 10 21.27 49.82 399.85 0.87
44671.382638889 21 11 21.46 50.18 402.39 0.87
44671.383333334 21 12 21.65 50.54 404.93 0.87
44671.384027778 21 13 21.85 50.90 407.47 0.86
44671.384722223 21 14 22.04 51.26 409.95 0.86
44671.385416667 21 15 22.24 51.62 412.17 0.86
44671.386111112 21 16 22.43 51.98 414.40 0.86
44671.386805556 21 17 22.63 52.34 416.63 0.86
44671.387500001 21 18 22.82 52.69 418.86 0.86
44671.388194445 21 19 23.02 53.05 421.09 0.85
44671.388888889 21 20 23.21 53.41 423.33 0.85
44671.389583334 21 21 23.41 53.76 425.56 0.85
44671.390277778 21 22 23.60 54.12 427.79 0.85
44671.390972223 21 23 23.80 54.47 430.03 0.85
44671.391666667 21 24 23.99 54.83 432.27 0.84
44671.392361112 21 25 24.19 55.18 434.35 0.84
44671.393055556 21 26 24.39 55.53 436.43 0.84
44671.393750001 21 27 24.58 55.88 438.51 0.84
44671.394444445 21 28 24.78 56.24 440.59 0.84
44671.395138890 21 29 24.97 56.59 442.68 0.83
44671.395833334 21 30 25.17 56.94 444.62 0.83
44671.396527778 21 31 25.37 57.28 446.54 0.83
44671.397222223 21 32 25.56 57.63 448.47 0.83
44671.397916667 21 33 25.76 57.98 450.40 0.83
44671.398611112 21 34 25.95 58.33 452.32 0.83
44671.399305556 21 35 26.15 58.67 454.13 0.82
44671.400000001 21 36 26.35 59.02 455.89 0.82
44671.400694445 21 37 26.54 59.37 457.66 0.82
44671.401388890 21 38 26.74 59.71 459.43 0.82
44671.402083334 21 39 26.94 60.05 461.20 0.82
44671.402777778 21 40 27.14 60.40 462.97 0.81
44671.403472223 21 41 27.33 60.74 464.74 0.81
44671.404166667 21 42 27.53 61.08 466.51 0.81
44671.404861112 21 43 27.73 61.42 468.29 0.81
44671.405555556 21 44 27.92 61.76 470.06 0.81
44671.406250001 21 45 28.12 62.10 471.74 0.80
44671.406944445 21 46 28.32 62.44 473.35 0.80
44671.407638890 21 47 28.52 62.78 474.96 0.80
44671.408333334 21 48 28.71 63.11 476.58 0.80
44671.409027778 21 49 28.91 63.45 478.19 0.80
44671.409722223 21 50 29.11 63.78 479.81 0.79
44671.410416667 21 51 29.31 64.12 481.42 0.79
44671.411111112 21 52 29.50 64.45 483.04 0.79
44671.411805556 21 53 29.70 64.79 484.66 0.79
44671.412500001 21 54 29.90 65.12 486.28 0.79
44671.413194445 21 55 30.10 65.45 487.81 0.78
44671.413888890 21 56 30.30 65.78 489.27 0.78
44671.414583334 21 57 30.49 66.11 490.73 0.78
44671.415277778 21 58 30.69 66.44 492.19 0.78
44671.415972223 21 59 30.89 66.77 493.65 0.78
44671.416666667 22 00 31.09 67.09 495.03 0.77
44671.417361112 22 01 31.29 67.42 496.33 0.77
44671.418055556 22 02 31.49 67.75 497.63 0.77
44671.418750001 22 03 31.68 68.07 498.92 0.77
44671.419444445 22 04 31.88 68.40 500.22 0.77
44671.420138890 22 05 32.08 68.72 501.59 0.76
44671.420833334 22 06 32.28 69.04 503.05 0.76
44671.421527778 22 07 32.48 69.36 504.51 0.76
44671.422222223 22 08 32.68 69.68 505.97 0.76
44671.422916667 22 09 32.88 70.00 507.43 0.76
44671.423611112 22 10 33.08 70.32 508.77 0.75
44671.424305556 22 11 33.27 70.64 509.91 0.75
44671.425000001 22 12 33.47 70.96 511.05 0.75
44671.425694445 22 13 33.67 71.27 512.19 0.75
44671.426388890 22 14 33.87 71.59 513.33 0.75
44671.427083334 22 15 34.07 71.90 514.52 0.74
44671.427777778 22 16 34.27 72.22 515.83 0.74
44671.428472223 22 17 34.47 72.53 517.13 0.74
44671.429166667 22 18 34.67 72.84 518.43 0.74
44671.429861112 22 19 34.87 73.15 519.73 0.74
44671.430555556 22 20 35.07 73.46 520.98 0.73
44671.431250001 22 21 35.27 73.77 522.12 0.73
44671.431944445 22 22 35.47 74.08 523.26 0.73
44671.432638890 22 23 35.66 74.39 524.40 0.73
44671.433333334 22 24 35.86 74.69 525.54 0.73
44671.434027779 22 25 36.06 75.00 526.63 0.73
44671.434722223 22 26 36.26 75.31 527.61 0.72
44671.435416667 22 27 36.46 75.61 528.59 0.72
44671.436111112 22 28 36.66 75.91 529.57 0.72
44671.436805556 22 29 36.86 76.21 530.55 0.72
44671.437500001 22 30 37.06 76.51 531.58 0.72
44671.438194445 22 31 37.26 76.82 532.72 0.71
44671.438888890 22 32 37.46 77.11 533.86 0.71
44671.439583334 22 33 37.66 77.41 535.00 0.71
44671.440277779 22 34 37.86 77.71 536.14 0.71
44671.440972223 22 35 38.06 78.01 537.24 0.71
44671.441666667 22 36 38.26 78.30 538.22 0.70
44671.442361112 22 37 38.46 78.60 539.20 0.70
44671.443055556 22 38 38.66 78.89 540.18 0.70
44671.443750001 22 39 38.86 79.18 541.16 0.70
44671.444444445 22 40 39.06 79.47 542.09 0.70
44671.445138890 22 41 39.26 79.76 542.90 0.69
44671.445833334 22 42 39.46 80.05 543.72 0.69
44671.446527779 22 43 39.66 80.34 544.54 0.69
44671.447222223 22 44 39.86 80.63 545.35 0.69
44671.447916667 22 45 40.06 80.92 546.22 0.69
44671.448611112 22 46 40.26 81.20 547.20 0.68
44671.449305556 22 47 40.46 81.49 548.18 0.68
44671.450000001 22 48 40.66 81.77 549.16 0.68
44671.450694445 22 49 40.86 82.05 550.14 0.68
44671.451388890 22 50 41.06 82.34 551.07 0.68
44671.452083334 22 51 41.26 82.62 551.89 0.68
44671.452777779 22 52 41.46 82.90 552.70 0.67
44671.453472223 22 53 41.66 83.18 553.52 0.67
44671.454166667 22 54 41.86 83.45 554.34 0.67
44671.454861112 22 55 42.06 83.73 555.15 0.67
44671.455555556 22 56 42.26 84.01 555.97 0.67
44671.456250001 22 57 42.46 84.28 556.79 0.66
44671.456944445 22 58 42.66 84.56 557.60 0.66
44671.457638890 22 59 42.86 84.83 558.42 0.66
44671.458333334 23 00 43.06 85.10 559.24 0.66
44671.459027779 23 01 43.26 85.37 560.05 0.66
44671.459722223 23 02 43.46 85.64 560.87 0.66
44671.460416667 23 03 43.65 85.91 561.69 0.65
44671.461111112 23 04 43.85 86.18 562.50 0.65
44671.461805556 23 05 44.05 86.44 563.27 0.65
44671.462500001 23 06 44.25 86.71 563.93 0.65
44671.463194445 23 07 44.45 86.97 564.58 0.65
44671.463888890 23 08 44.65 87.24 565.23 0.64
44671.464583334 23 09 44.85 87.50 565.88 0.64
44671.465277779 23 10 45.05 87.76 566.58 0.64
44671.465972223 23 11 45.25 88.02 567.39 0.64
44671.466666668 23 12 45.45 88.28 568.21 0.64
44671.467361112 23 13 45.65 88.54 569.02 0.64
44671.468055556 23 14 45.85 88.80 569.84 0.63
44671.468750001 23 15 46.05 89.05 570.61 0.63
44671.469444445 23 16 46.25 89.31 571.27 0.63
44671.470138890 23 17 46.45 89.56 571.92 0.63
44671.470833334 23 18 46.65 89.82 572.57 0.63
44671.471527779 23 19 46.85 90.07 573.22 0.63
44671.472222223 23 20 47.05 90.32 573.87 0.62
44671.472916668 23 21 47.24 90.57 574.52 0.62
44671.473611112 23 22 47.44 90.82 575.17 0.62
44671.474305556 23 23 47.64 91.07 575.82 0.62
44671.475000001 23 24 47.84 91.31 576.47 0.62
44671.475694445 23 25 48.04 91.56 577.12 0.62
44671.476388890 23 26 48.24 91.80 577.77 0.61
44671.477083334 23 27 48.44 92.05 578.42 0.61
44671.477777779 23 28 48.64 92.29 579.07 0.61
44671.478472223 23 29 48.84 92.53 579.72 0.61
44671.479166668 23 30 49.03 92.77 580.34 0.61
44671.479861112 23 31 49.23 93.01 580.83 0.61
44671.480555556 23 32 49.43 93.25 581.32 0.60
44671.481250001 23 33 49.63 93.49 581.80 0.60
44671.481944445 23 34 49.83 93.72 582.29 0.60
44671.482638890 23 35 50.03 93.96 582.79 0.60
44671.483333334 23 36 50.22 94.19 583.44 0.60
44671.484027779 23 37 50.42 94.43 584.09 0.60
44671.484722223 23 38 50.62 94.66 584.74 0.59
44671.485416668 23 39 50.82 94.89 585.38 0.59
44671.486111112 23 40 51.01 95.12 586.02 0.59
44671.486805556 23 41 51.21 95.35 586.50 0.59
44671.487500001 23 42 51.41 95.57 586.99 0.59
44671.488194445 23 43 51.61 95.80 587.47 0.59
44671.488888890 23 44 51.80 96.03 587.95 0.58
44671.489583334 23 45 52.00 96.25 588.44 0.58
44671.490277779 23 46 52.20 96.47 588.92 0.58
44671.490972223 23 47 52.40 96.70 589.40 0.58
44671.491666668 23 48 52.59 96.92 589.89 0.58
44671.492361112 23 49 52.79 97.14 590.37 0.58
44671.493055556 23 50 52.99 97.35 590.85 0.58
44671.493750001 23 51 53.18 97.57 591.33 0.57
44671.494444445 23 52 53.38 97.79 591.81 0.57
44671.495138890 23 53 53.58 98.00 592.29 0.57
44671.495833334 23 54 53.77 98.22 592.78 0.57
44671.496527779 23 55 53.97 98.43 593.26 0.57
44671.497222223 23 56 54.16 98.64 593.74 0.57
44671.497916668 23 57 54.36 98.86 594.22 0.57
44671.498611112 23 58 54.55 99.07 594.69 0.56
44671.499305557 23 59 54.75 99.27 595.17 0.56
44671.500000001 00 00 54.94 99.48 595.65 0.56
44671.500694445 00 01 55.14 99.69 596.13 0.56
44671.501388890 00 02 55.33 99.89 596.61 0.56
44671.502083334 00 03 55.53 100.10 597.09 0.56
44671.502777779 00 04 55.72 100.30 597.56 0.56
44671.503472223 00 05 55.92 100.50 598.04 0.55
44671.504166668 00 06 56.11 100.70 598.42 0.55
44671.504861112 00 07 56.31 100.90 598.74 0.55
44671.505555557 00 08 56.50 101.10 599.06 0.55
44671.506250001 00 09 56.69 101.30 599.37 0.55
44671.506944445 00 10 56.89 101.50 599.69 0.55
44671.507638890 00 11 57.08 101.69 600.07 0.55
44671.508333334 00 12 57.27 101.89 600.54 0.54
44671.509027779 00 13 57.47 102.08 601.02 0.54
44671.509722223 00 14 57.66 102.27 601.49 0.54
44671.510416668 00 15 57.85 102.46 601.96 0.54
44671.511111112 00 16 58.04 102.65 602.40 0.54
44671.511805557 00 17 58.24 102.84 602.71 0.54
44671.512500001 00 18 58.43 103.03 603.02 0.54
44671.513194445 00 19 58.62 103.22 603.34 0.54
44671.513888890 00 20 58.81 103.40 603.65 0.53
44671.514583334 00 21 59.00 103.59 603.96 0.53
44671.515277779 00 22 59.19 103.77 604.43 0.53
44671.515972223 00 23 59.38 103.95 604.90 0.53
44671.516666668 00 24 59.57 104.13 605.36 0.53
44671.517361112 00 25 59.76 104.31 605.83 0.53
44671.518055557 00 26 59.95 104.49 606.29 0.53
44671.518750001 00 27 60.14 104.67 606.64 0.53
44671.519444445 00 28 60.33 104.85 606.95 0.52
44671.520138890 00 29 60.52 105.02 607.26 0.52
44671.520833334 00 30 60.71 105.20 607.57 0.52
44671.521527779 00 31 60.89 105.37 607.87 0.52
44671.522222223 00 32 61.08 105.54 608.18 0.52
44671.522916668 00 33 61.27 105.71 608.49 0.52
44671.523611112 00 34 61.46 105.88 608.79 0.52
44671.524305557 00 35 61.64 106.05 609.10 0.52
44671.525000001 00 36 61.83 106.22 609.40 0.51
44671.525694445 00 37 62.02 106.39 609.71 0.51
44671.526388890 00 38 62.20 106.55 610.01 0.51
44671.527083334 00 39 62.39 106.72 610.31 0.51
44671.527777779 00 40 62.57 106.88 610.61 0.51
44671.528472223 00 41 62.76 107.04 610.92 0.51
44671.529166668 00 42 62.94 107.20 611.22 0.51
44671.529861112 00 43 63.12 107.36 611.52 0.51
44671.530555557 00 44 63.31 107.52 611.82 0.51
44671.531250001 00 45 63.49 107.68 612.11 0.50
44671.531944446 00 46 63.67 107.84 612.41 0.50
44671.532638890 00 47 63.85 107.99 612.71 0.50
44671.533333334 00 48 64.03 108.15 612.98 0.50
44671.534027779 00 49 64.22 108.30 613.13 0.50
44671.534722223 00 50 64.40 108.45 613.27 0.50
44671.535416668 00 51 64.58 108.60 613.42 0.50
44671.536111112 00 52 64.75 108.75 613.57 0.50
44671.536805557 00 53 64.93 108.90 613.71 0.50
44671.537500001 00 54 65.11 109.05 613.95 0.50
44671.538194446 00 55 65.29 109.20 614.24 0.49
44671.538888890 00 56 65.47 109.34 614.53 0.49
44671.539583334 00 57 65.64 109.49 614.82 0.49
44671.540277779 00 58 65.82 109.63 615.11 0.49
44671.540972223 00 59 66.00 109.77 615.39 0.49
44671.541666668 01 00 66.17 109.92 615.68 0.49
44671.542361112 01 01 66.34 110.06 615.96 0.49
44671.543055557 01 02 66.52 110.20 616.25 0.49
44671.543750001 01 03 66.69 110.33 616.53 0.49
44671.544444446 01 04 66.86 110.47 616.81 0.49
44671.545138890 01 05 67.03 110.61 617.06 0.48
44671.545833334 01 06 67.20 110.74 617.20 0.48
44671.546527779 01 07 67.37 110.88 617.34 0.48
44671.547222223 01 08 67.54 111.01 617.48 0.48
44671.547916668 01 09 67.71 111.14 617.62 0.48
44671.548611112 01 10 67.88 111.27 617.76 0.48
44671.549305557 01 11 68.05 111.40 617.93 0.48
44671.550000001 01 12 68.21 111.53 618.20 0.48
44671.550694446 01 13 68.38 111.66 618.47 0.48
44671.551388890 01 14 68.54 111.78 618.74 0.48
44671.552083334 01 15 68.71 111.91 619.01 0.48
44671.552777779 01 16 68.87 112.03 619.27 0.48
44671.553472223 01 17 69.03 112.15 619.51 0.47
44671.554166668 01 18 69.19 112.28 619.64 0.47
44671.554861112 01 19 69.35 112.40 619.78 0.47
44671.555555557 01 20 69.51 112.52 619.91 0.47
44671.556250001 01 21 69.67 112.64 620.03 0.47
44671.556944446 01 22 69.83 112.75 620.16 0.47
44671.557638890 01 23 69.98 112.87 620.29 0.47
44671.558333334 01 24 70.14 112.99 620.42 0.47
44671.559027779 01 25 70.29 113.10 620.54 0.47
44671.559722223 01 26 70.44 113.21 620.67 0.47
44671.560416668 01 27 70.59 113.33 620.79 0.47
44671.561111112 01 28 70.74 113.44 620.91 0.47
44671.561805557 01 29 70.89 113.55 621.03 0.46
44671.562500001 01 30 71.04 113.66 621.19 0.46
44671.563194446 01 31 71.18 113.77 621.42 0.46
44671.563888890 01 32 71.33 113.87 621.66 0.46
44671.564583334 01 33 71.47 113.98 621.90 0.46
44671.565277779 01 34 71.61 114.09 622.13 0.46
44671.565972223 01 35 71.76 114.19 622.36 0.46
44671.566666668 01 36 71.89 114.29 622.58 0.46
44671.567361112 01 37 72.03 114.40 622.78 0.46
44671.568055557 01 38 72.17 114.50 622.89 0.46
44671.568750001 01 39 72.30 114.60 623.00 0.46
44671.569444446 01 40 72.44 114.70 623.11 0.46
44671.570138890 01 41 72.57 114.80 623.22 0.46
44671.570833335 01 42 72.70 114.89 623.33 0.46
44671.571527779 01 43 72.83 114.99 623.43 0.46
44671.572222223 01 44 72.95 115.08 623.53 0.45
44671.572916668 01 45 73.08 115.18 623.64 0.45
44671.573611112 01 46 73.20 115.27 623.74 0.45
44671.574305557 01 47 73.32 115.36 623.84 0.45
44671.575000001 01 48 73.44 115.45 623.93 0.45
44671.575694446 01 49 73.56 115.54 624.03 0.45
44671.576388890 01 50 73.67 115.63 624.12 0.45
44671.577083335 01 51 73.78 115.72 624.21 0.45
44671.577777779 01 52 73.89 115.81 624.30 0.45
44671.578472223 01 53 74.00 115.90 624.39 0.45
44671.579166668 01 54 74.11 115.98 624.48 0.45
44671.579861112 01 55 74.21 116.07 624.57 0.45
44671.580555557 01 56 74.32 116.15 624.65 0.45
44671.581250001 01 57 74.42 116.23 624.73 0.45
44671.581944446 01 58 74.51 116.31 624.81 0.45
44671.582638890 01 59 74.61 116.39 624.89 0.45
44671.583333335 02 00 74.70 116.47 624.96 0.45
44671.584027779 02 01 74.79 116.55 625.04 0.44
44671.584722223 02 02 74.88 116.63 625.11 0.44
44671.585416668 02 03 74.96 116.71 625.18 0.44
44671.586111112 02 04 75.04 116.78 625.25 0.44
44671.586805557 02 05 75.12 116.86 625.31 0.44
44671.587500001 02 06 75.20 116.93 625.37 0.44
44671.588194446 02 07 75.28 117.00 625.43 0.44
44671.588888890 02 08 75.35 117.07 625.49 0.44
44671.589583335 02 09 75.42 117.15 625.55 0.44
44671.590277779 02 10 75.48 117.22 625.60 0.44
44671.590972223 02 11 75.54 117.28 625.65 0.44
44671.591666668 02 12 75.60 117.35 625.70 0.44
44671.592361112 02 13 75.66 117.42 625.75 0.44
44671.593055557 02 14 75.71 117.49 625.79 0.44
44671.593750001 02 15 75.77 117.55 625.83 0.44
44671.594444446 02 16 75.81 117.62 625.87 0.44
44671.595138890 02 17 75.86 117.68 625.91 0.44
44671.595833335 02 18 75.90 117.74 625.94 0.44
44671.596527779 02 19 75.94 117.81 625.97 0.44
44671.597222223 02 20 75.97 117.87 626.00 0.44
44671.597916668 02 21 76.00 117.93 626.03 0.44
44671.598611112 02 22 76.03 117.99 626.05 0.44
44671.599305557 02 23 76.06 118.04 626.07 0.43
44671.600000001 02 24 76.08 118.10 626.09 0.43
44671.600694446 02 25 76.10 118.16 626.11 0.43
44671.601388890 02 26 76.11 118.21 626.12 0.43
44671.602083335 02 27 76.13 118.27 626.13 0.43
44671.602777779 02 28 76.13 118.32 626.14 0.43
44671.603472224 02 29 76.14 118.38 626.14 0.43
44671.604166668 02 30 76.14 118.43 626.14 0.43
44671.604861112 02 31 76.14 118.48 626.14 0.43
44671.605555557 02 32 76.13 118.53 626.14 0.43
44671.606250001 02 33 76.13 118.58 626.13 0.43
44671.606944446 02 34 76.12 118.63 626.12 0.43
44671.607638890 02 35 76.10 118.68 626.11 0.43
44671.608333335 02 36 76.08 118.72 626.09 0.43
44671.609027779 02 37 76.06 118.77 626.08 0.43
44671.609722224 02 38 76.04 118.82 626.06 0.43
44671.610416668 02 39 76.01 118.86 626.03 0.43
44671.611111112 02 40 75.98 118.90 626.01 0.43
44671.611805557 02 41 75.94 118.95 625.98 0.43
44671.612500001 02 42 75.90 118.99 625.95 0.43
44671.613194446 02 43 75.86 119.03 625.91 0.43
44671.613888890 02 44 75.82 119.07 625.88 0.43
44671.614583335 02 45 75.77 119.11 625.84 0.43
44671.615277779 02 46 75.72 119.15 625.80 0.43
44671.615972224 02 47 75.67 119.19 625.76 0.43
44671.616666668 02 48 75.61 119.23 625.71 0.43
44671.617361112 02 49 75.55 119.26 625.66 0.43
44671.618055557 02 50 75.49 119.30 625.61 0.43
44671.618750001 02 51 75.43 119.34 625.56 0.43
44671.619444446 02 52 75.36 119.37 625.50 0.43
44671.620138890 02 53 75.29 119.40 625.44 0.43
44671.620833335 02 54 75.21 119.44 625.38 0.43
44671.621527779 02 55 75.14 119.47 625.32 0.43
44671.622222224 02 56 75.06 119.50 625.26 0.43
44671.622916668 02 57 74.97 119.53 625.19 0.42
44671.623611112 02 58 74.89 119.56 625.12 0.42
44671.624305557 02 59 74.80 119.59 625.05 0.42
44671.625000001 03 00 74.71 119.62 624.97 0.42
44671.625694446 03 01 74.62 119.65 624.90 0.42
44671.626388890 03 02 74.53 119.68 624.82 0.42
44671.627083335 03 03 74.43 119.70 624.74 0.42
44671.627777779 03 04 74.33 119.73 624.66 0.42
44671.628472224 03 05 74.23 119.75 624.58 0.42
44671.629166668 03 06 74.12 119.78 624.49 0.42
44671.629861112 03 07 74.02 119.80 624.41 0.42
44671.630555557 03 08 73.91 119.82 624.32 0.42
44671.631250001 03 09 73.80 119.85 624.23 0.42
44671.631944446 03 10 73.69 119.87 624.14 0.42
44671.632638890 03 11 73.57 119.89 624.04 0.42
44671.633333335 03 12 73.46 119.91 623.95 0.42
44671.634027779 03 13 73.34 119.93 623.85 0.42
44671.634722224 03 14 73.22 119.95 623.75 0.42
44671.635416668 03 15 73.09 119.97 623.65 0.42
44671.636111113 03 16 72.97 119.98 623.55 0.42
44671.636805557 03 17 72.84 120.00 623.45 0.42
44671.637500001 03 18 72.72 120.02 623.34 0.42
44671.638194446 03 19 72.59 120.03 623.24 0.42
44671.638888890 03 20 72.46 120.05 623.13 0.42
44671.639583335 03 21 72.32 120.06 623.02 0.42
44671.640277779 03 22 72.19 120.08 622.91 0.42
44671.640972224 03 23 72.05 120.09 622.80 0.42
44671.641666668 03 24 71.92 120.10 622.62 0.42
44671.642361113 03 25 71.78 120.11 622.39 0.42
44671.643055557 03 26 71.64 120.13 622.16 0.42
44671.643750001 03 27 71.49 120.14 621.93 0.42
44671.644444446 03 28 71.35 120.15 621.70 0.42
44671.645138890 03 29 71.21 120.16 621.46 0.42
44671.645833335 03 30 71.06 120.17 621.22 0.42
44671.646527779 03 31 70.91 120.17 621.05 0.42
44671.647222224 03 32 70.76 120.18 620.93 0.42
44671.647916668 03 33 70.61 120.19 620.81 0.42
44671.648611113 03 34 70.46 120.20 620.68 0.42
44671.649305557 03 35 70.31 120.20 620.56 0.42
44671.650000001 03 36 70.16 120.21 620.43 0.42
44671.650694446 03 37 70.00 120.21 620.31 0.42
44671.651388890 03 38 69.85 120.22 620.18 0.42
44671.652083335 03 39 69.69 120.22 620.05 0.42
44671.652777779 03 40 69.53 120.23 619.92 0.42
44671.653472224 03 41 69.38 120.23 619.79 0.42
44671.654166668 03 42 69.22 120.23 619.66 0.42
44671.654861113 03 43 69.05 120.23 619.53 0.42
44671.655555557 03 44 68.89 120.24 619.31 0.42
44671.656250001 03 45 68.73 120.24 619.05 0.42
44671.656944446 03 46 68.57 120.24 618.78 0.42
44671.657638890 03 47 68.40 120.24 618.51 0.42
44671.658333335 03 48 68.24 120.24 618.24 0.42
44671.659027779 03 49 68.07 120.24 617.97 0.42
44671.659722224 03 50 67.91 120.23 617.78 0.42
44671.660416668 03 51 67.74 120.23 617.64 0.42
44671.661111113 03 52 67.57 120.23 617.50 0.42
44671.661805557 03 53 67.40 120.23 617.36 0.42
44671.662500001 03 54 67.23 120.22 617.22 0.42
44671.663194446 03 55 67.06 120.22 617.08 0.42
44671.663888890 03 56 66.89 120.22 616.85 0.42
44671.664583335 03 57 66.72 120.21 616.57 0.42
44671.665277779 03 58 66.54 120.21 616.29 0.42
44671.665972224 03 59 66.37 120.20 616.01 0.42
44671.666666668 04 00 66.20 120.20 615.72 0.42
44671.667361113 04 01 66.02 120.19 615.44 0.42
44671.668055557 04 02 65.85 120.18 615.15 0.42
44671.668750002 04 03 65.67 120.18 614.86 0.42
44671.669444446 04 04 65.49 120.17 614.57 0.42
44671.670138890 04 05 65.32 120.16 614.28 0.42
44671.670833335 04 06 65.14 120.15 613.99 0.42
44671.671527779 04 07 64.96 120.15 613.73 0.42
44671.672222224 04 08 64.78 120.14 613.59 0.42
44671.672916668 04 09 64.60 120.13 613.44 0.42
44671.673611113 04 10 64.42 120.12 613.29 0.42
44671.674305557 04 11 64.24 120.11 613.15 0.42
44671.675000002 04 12 64.06 120.10 613.00 0.42
44671.675694446 04 13 63.88 120.09 612.75 0.42
44671.676388890 04 14 63.70 120.08 612.46 0.42
44671.677083335 04 15 63.52 120.07 612.16 0.42
44671.677777779 04 16 63.33 120.05 611.86 0.42
44671.678472224 04 17 63.15 120.04 611.56 0.42
44671.679166668 04 18 62.97 120.03 611.26 0.42
44671.679861113 04 19 62.78 120.02 610.96 0.42
44671.680555557 04 20 62.60 120.00 610.66 0.42
44671.681250002 04 21 62.41 119.99 610.36 0.42
44671.681944446 04 22 62.23 119.98 610.05 0.42
44671.682638890 04 23 62.04 119.96 609.75 0.42
44671.683333335 04 24 61.86 119.95 609.45 0.42
44671.684027779 04 25 61.67 119.94 609.14 0.42
44671.684722224 04 26 61.48 119.92 608.84 0.42
44671.685416668 04 27 61.30 119.91 608.53 0.42
44671.686111113 04 28 61.11 119.89 608.23 0.42
44671.686805557 04 29 60.92 119.88 607.92 0.42
