20 02 10.10 27.88 153.75 0.96
20 03 10.29 28.26 157.75 0.96
20 04 10.47 28.64 161.76 0.96
20 05 10.66 29.02 165.78 0.95
20 06 10.85 29.40 169.80 0.95
20 07 11.03 29.78 173.80 0.95
20 08 11.22 30.16 177.70 0.95
20 09 11.41 30.54 181.60 0.95
20 10 11.59 30.92 185.51 0.95
20 11 11.78 31.31 189.42 0.95
20 12 11.97 31.69 193.33 0.95
20 13 12.16 32.07 196.93 0.94
20 14 12.34 32.44 200.48 0.94
20 15 12.53 32.82 204.02 0.94
20 16 12.72 33.20 207.57 0.94
20 17 12.91 33.58 211.12 0.94
20 18 13.10 33.96 214.61 0.94
20 19 13.29 34.34 218.04 0.94
20 20 13.47 34.72 221.47 0.93
20 21 13.66 35.10 224.90 0.93
20 22 13.85 35.48 228.34 0.93
20 23 14.04 35.86 231.73 0.93
20 24 14.23 36.23 234.92 0.93
20 25 14.42 36.61 238.11 0.93
20 26 14.61 36.99 241.30 0.93
20 27 14.80 37.37 244.50 0.92
20 28 14.99 37.74 247.69 0.92
20 29 15.18 38.12 250.65 0.92
20 30 15.37 38.50 253.60 0.92
20 31 15.56 38.87 256.55 0.92
20 32 15.75 39.25 259.50 0.92
20 33 15.94 39.62 262.45 0.92
20 34 16.13 40.00 265.23 0.91
20 35 16.32 40.37 267.93 0.91
20 36 16.51 40.75 270.64 0.91
20 37 16.71 41.12 273.34 0.91
20 38 16.90 41.49 276.05 0.91
20 39 17.09 41.87 278.76 0.91
20 40 17.28 42.24 281.47 0.90
20 41 17.47 42.61 284.18 0.90
20 42 17.66 42.98 286.89 0.90
20 43 17.86 43.36 289.61 0.90
20 44 18.05 43.73 292.23 0.90
20 45 18.24 44.10 294.56 0.90
20 46 18.43 44.47 296.89 0.89
20 47 18.63 44.84 299.23 0.89
20 48 18.82 45.20 301.56 0.89
20 49 19.01 45.57 303.90 0.89
20 50 19.20 45.94 306.24 0.89
20 51 19.40 46.31 308.58 0.89
20 52 19.59 46.68 310.92 0.88
20 53 19.78 47.04 313.26 0.88
20 54 19.98 47.41 315.61 0.88
20 55 20.17 47.77 317.72 0.88
20 56 20.36 48.14 319.81 0.88
20 57 20.56 48.50 321.90 0.88
20 58 20.75 48.87 323.99 0.87
20 59 20.95 49.23 326.08 0.87
21 00 21.14 49.59 328.17 0.87
21 01 21.33 49.96 330.26 0.87
21 02 21.53 50.32 332.35 0.87
21 03 21.72 50.68 334.45 0.87
21 04 21.92 51.04 336.55 0.86
21 05 22.11 51.40 338.49 0.86
21 06 22.31 51.76 340.33 0.86
21 07 22.50 52.12 342.17 0.86
21 08 22.70 52.47 344.00 0.86
21 09 22.89 52.83 345.84 0.85
21 10 23.09 53.19 347.68 0.85
21 11 23.28 53.54 349.52 0.85
21 12 23.48 53.90 351.37 0.85
21 13 23.67 54.26 353.21 0.85
21 14 23.87 54.61 355.05 0.85
21 15 24.06 54.96 356.85 0.84
21 16 24.26 55.32 358.57 0.84
21 17 24.45 55.67 360.28 0.84
21 18 24.65 56.02 362.00 0.84
21 19 24.85 56.37 363.71 0.84
21 20 25.04 56.72 365.40 0.83
21 21 25.24 57.07 366.99 0.83
21 22 25.43 57.42 368.57 0.83
21 23 25.63 57.77 370.16 0.83
21 24 25.83 58.12 371.75 0.83
21 25 26.02 58.46 373.32 0.82
21 26 26.22 58.81 374.78 0.82
21 27 26.42 59.15 376.23 0.82
21 28 26.61 59.50 377.69 0.82
21 29 26.81 59.84 379.15 0.82
21 30 27.01 60.19 380.61 0.81
21 31 27.20 60.53 382.07 0.81
21 32 27.40 60.87 383.53 0.81
21 33 27.60 61.21 384.99 0.81
21 34 27.80 61.55 386.45 0.81
21 35 27.99 61.89 387.91 0.80
21 36 28.19 62.23 389.25 0.80
21 37 28.39 62.57 390.58 0.80
21 38 28.59 62.91 391.91 0.80
21 39 28.78 63.24 393.24 0.80
21 40 28.98 63.58 394.57 0.80
21 41 29.18 63.91 395.90 0.79
21 42 29.38 64.25 397.23 0.79
21 43 29.57 64.58 398.57 0.79
21 44 29.77 64.91 399.90 0.79
21 45 29.97 65.25 401.23 0.79
21 46 30.17 65.58 402.45 0.78
21 47 30.37 65.91 403.66 0.78
21 48 30.57 66.24 404.86 0.78
21 49 30.76 66.57 406.06 0.78
21 50 30.96 66.89 407.26 0.78
21 51 31.16 67.22 408.36 0.77
21 52 31.36 67.55 409.42 0.77
21 53 31.56 67.87 410.49 0.77
21 54 31.76 68.20 411.56 0.77
21 55 31.95 68.52 412.63 0.77
21 56 32.15 68.84 413.81 0.76
21 57 32.35 69.17 415.01 0.76
21 58 32.55 69.49 416.22 0.76
21 59 32.75 69.81 417.42 0.76
22 00 32.95 70.13 418.63 0.76
22 01 33.15 70.45 419.64 0.75
22 02 33.35 70.76 420.57 0.75
22 03 33.55 71.08 421.51 0.75
22 04 33.74 71.40 422.45 0.75
22 05 33.94 71.71 423.39 0.75
22 06 34.14 72.03 424.42 0.74
22 07 34.34 72.34 425.50 0.74
22 08 34.54 72.65 426.57 0.74
22 09 34.74 72.96 427.64 0.74
22 10 34.94 73.27 428.72 0.74
22 11 35.14 73.58 429.70 0.73
22 12 35.34 73.89 430.64 0.73
22 13 35.54 74.20 431.58 0.73
22 14 35.74 74.51 432.52 0.73
22 15 35.94 74.81 433.46 0.73
22 16 36.14 75.12 434.31 0.72
22 17 36.34 75.42 435.12 0.72
22 18 36.54 75.73 435.92 0.72
22 19 36.73 76.03 436.73 0.72
22 20 36.93 76.33 437.54 0.72
22 21 37.13 76.63 438.43 0.71
22 22 37.33 76.93 439.37 0.71
22 23 37.53 77.23 440.32 0.71
22 24 37.73 77.53 441.26 0.71
22 25 37.93 77.83 442.20 0.71
22 26 38.13 78.12 443.05 0.70
22 27 38.33 78.42 443.86 0.70
22 28 38.53 78.71 444.67 0.70
22 29 38.73 79.00 445.47 0.70
22 30 38.93 79.30 446.28 0.70
22 31 39.13 79.59 447.00 0.70
22 32 39.33 79.88 447.67 0.69
22 33 39.53 80.17 448.35 0.69
22 34 39.73 80.46 449.02 0.69
22 35 39.93 80.74 449.69 0.69
22 36 40.13 81.03 450.45 0.69
22 37 40.33 81.32 451.26 0.68
22 38 40.53 81.60 452.07 0.68
22 39 40.73 81.88 452.88 0.68
22 40 40.93 82.17 453.68 0.68
22 41 41.13 82.45 454.40 0.68
22 42 41.33 82.73 455.08 0.67
22 43 41.53 83.01 455.75 0.67
22 44 41.73 83.29 456.42 0.67
22 45 41.93 83.56 457.10 0.67
22 46 42.13 83.84 457.77 0.67
22 47 42.33 84.12 458.44 0.67
22 48 42.53 84.39 459.12 0.66
22 49 42.73 84.66 459.79 0.66
22 50 42.93 84.94 460.46 0.66
22 51 43.13 85.21 461.14 0.66
22 52 43.33 85.48 461.81 0.66
22 53 43.53 85.75 462.48 0.65
22 54 43.73 86.02 463.15 0.65
22 55 43.93 86.28 463.83 0.65
22 56 44.13 86.55 464.41 0.65
22 57 44.33 86.81 464.95 0.65
22 58 44.53 87.08 465.49 0.65
22 59 44.73 87.34 466.03 0.64
23 00 44.93 87.60 466.56 0.64
23 01 45.13 87.87 467.19 0.64
23 02 45.33 88.13 467.86 0.64
23 03 45.52 88.38 468.53 0.64
23 04 45.72 88.64 469.20 0.63
23 05 45.92 88.90 469.87 0.63
23 06 46.12 89.16 470.46 0.63
23 07 46.32 89.41 471.00 0.63
23 08 46.52 89.66 471.54 0.63
23 09 46.72 89.92 472.07 0.63
23 10 46.92 90.17 472.61 0.62
23 11 47.12 90.42 473.15 0.62
23 12 47.32 90.67 473.68 0.62
23 13 47.52 90.92 474.22 0.62
23 14 47.72 91.17 474.76 0.62
23 15 47.92 91.41 475.29 0.62
23 16 48.11 91.66 475.83 0.61
23 17 48.31 91.90 476.36 0.61
23 18 48.51 92.14 476.90 0.61
23 19 48.71 92.39 477.43 0.61
23 20 48.91 92.63 477.97 0.61
23 21 49.11 92.87 478.43 0.61
23 22 49.31 93.11 478.83 0.60
23 23 49.50 93.35 479.23 0.60
23 24 49.70 93.58 479.63 0.60
23 25 49.90 93.82 480.04 0.60
23 26 50.10 94.05 480.50 0.60
23 27 50.30 94.29 481.04 0.60
23 28 50.50 94.52 481.57 0.59
23 29 50.69 94.75 482.10 0.59
23 30 50.89 94.98 482.64 0.59
23 31 51.09 95.21 483.11 0.59
23 32 51.29 95.44 483.51 0.59
23 33 51.48 95.66 483.91 0.59
23 34 51.68 95.89 484.31 0.59
23 35 51.88 96.12 484.70 0.58
23 36 52.08 96.34 485.10 0.58
23 37 52.27 96.56 485.50 0.58
23 38 52.47 96.78 485.90 0.58
23 39 52.67 97.00 486.30 0.58
23 40 52.86 97.22 486.69 0.58
23 41 53.06 97.44 487.09 0.57
23 42 53.26 97.66 487.49 0.57
23 43 53.45 97.88 487.89 0.57
23 44 53.65 98.09 488.28 0.57
23 45 53.85 98.30 488.68 0.57
23 46 54.04 98.52 489.07 0.57
23 47 54.24 98.73 489.47 0.57
23 48 54.43 98.94 489.87 0.56
23 49 54.63 99.15 490.26 0.56
23 50 54.82 99.36 490.66 0.56
23 51 55.02 99.56 491.05 0.56
23 52 55.21 99.77 491.44 0.56
23 53 55.41 99.98 491.84 0.56
23 54 55.60 100.18 492.23 0.56
23 55 55.80 100.38 492.62 0.55
23 56 55.99 100.58 493.02 0.55
23 57 56.19 100.79 493.28 0.55
23 58 56.38 100.98 493.54 0.55
23 59 56.57 101.18 493.81 0.55
00 00 56.77 101.38 494.07 0.55
00 01 56.96 101.58 494.33 0.55
00 02 57.15 101.77 494.69 0.55
00 03 57.35 101.97 495.08 0.54
00 04 57.54 102.16 495.47 0.54
00 05 57.73 102.35 495.86 0.54
00 06 57.93 102.54 496.25 0.54
00 07 58.12 102.73 496.56 0.54
00 08 58.31 102.92 496.82 0.54
00 09 58.50 103.11 497.07 0.54
00 10 58.69 103.29 497.33 0.53
00 11 58.88 103.48 497.59 0.53
00 12 59.07 103.66 497.90 0.53
00 13 59.27 103.84 498.28 0.53
00 14 59.46 104.03 498.67 0.53
00 15 59.65 104.21 499.05 0.53
00 16 59.84 104.39 499.43 0.53
00 17 60.02 104.57 499.80 0.53
00 18 60.21 104.74 500.06 0.52
00 19 60.40 104.92 500.31 0.52
00 20 60.59 105.09 500.56 0.52
00 21 60.78 105.27 500.82 0.52
00 22 60.97 105.44 501.07 0.52
00 23 61.16 105.61 501.32 0.52
00 24 61.34 105.78 501.58 0.52
00 25 61.53 105.95 501.83 0.52
00 26 61.72 106.12 502.08 0.52
00 27 61.90 106.29 502.33 0.51
00 28 62.09 106.45 502.58 0.51
00 29 62.27 106.62 502.83 0.51
00 30 62.46 106.78 503.08 0.51
00 31 62.64 106.95 503.33 0.51
00 32 62.83 107.11 503.58 0.51
00 33 63.01 107.27 503.82 0.51
00 34 63.20 107.43 504.07 0.51
00 35 63.38 107.59 504.32 0.51
00 36 63.56 107.74 504.56 0.50
00 37 63.74 107.90 504.81 0.50
00 38 63.93 108.06 505.05 0.50
00 39 64.11 108.21 505.23 0.50
00 40 64.29 108.36 505.35 0.50
00 41 64.47 108.52 505.47 0.50
00 42 64.65 108.67 505.59 0.50
00 43 64.83 108.82 505.71 0.50
00 44 65.01 108.96 505.84 0.50
00 45 65.18 109.11 506.08 0.49
00 46 65.36 109.26 506.31 0.49
00 47 65.54 109.40 506.55 0.49
00 48 65.71 109.55 506.79 0.49
00 49 65.89 109.69 507.03 0.49
00 50 66.07 109.83 507.26 0.49
00 51 66.24 109.97 507.50 0.49
00 52 66.41 110.11 507.73 0.49
00 53 66.59 110.25 507.97 0.49
00 54 66.76 110.39 508.20 0.49
00 55 66.93 110.53 508.43 0.49
00 56 67.10 110.66 508.59 0.48
00 57 67.27 110.80 508.71 0.48
00 58 67.44 110.93 508.82 0.48
00 59 67.61 111.06 508.94 0.48
01 00 67.78 111.19 509.05 0.48
01 01 67.95 111.32 509.16 0.48
01 02 68.12 111.45 509.35 0.48
01 03 68.28 111.58 509.58 0.48
01 04 68.45 111.71 509.80 0.48
01 05 68.61 111.83 510.02 0.48
01 06 68.77 111.96 510.24 0.48
01 07 68.94 112.08 510.46 0.47
01 08 69.10 112.21 510.61 0.47
01 09 69.26 112.33 510.72 0.47
01 10 69.42 112.45 510.83 0.47
01 11 69.58 112.57 510.93 0.47
01 12 69.73 112.69 511.04 0.47
01 13 69.89 112.80 511.14 0.47
01 14 70.05 112.92 511.25 0.47
01 15 70.20 113.03 511.35 0.47
01 16 70.35 113.15 511.46 0.47
01 17 70.51 113.26 511.56 0.47
01 18 70.66 113.37 511.66 0.47
01 19 70.81 113.49 511.76 0.47
01 20 70.95 113.60 511.86 0.46
01 21 71.10 113.70 512.03 0.46
01 22 71.25 113.81 512.22 0.46
01 23 71.39 113.92 512.42 0.46
01 24 71.53 114.03 512.61 0.46
01 25 71.68 114.13 512.80 0.46
01 26 71.82 114.23 512.99 0.46
01 27 71.96 114.34 513.18 0.46
01 28 72.09 114.44 513.30 0.46
01 29 72.23 114.54 513.39 0.46
01 30 72.36 114.64 513.48 0.46
01 31 72.49 114.74 513.57 0.46
01 32 72.63 114.84 513.66 0.46
01 33 72.75 114.93 513.75 0.46
01 34 72.88 115.03 513.83 0.45
01 35 73.01 115.12 513.92 0.45
01 36 73.13 115.22 514.00 0.45
01 37 73.25 115.31 514.08 0.45
01 38 73.37 115.40 514.16 0.45
01 39 73.49 115.49 514.24 0.45
01 40 73.61 115.58 514.32 0.45
01 41 73.72 115.67 514.40 0.45
01 42 73.84 115.76 514.47 0.45
01 43 73.95 115.85 514.55 0.45
01 44 74.05 115.93 514.62 0.45
01 45 74.16 116.02 514.69 0.45
01 46 74.26 116.10 514.76 0.45
01 47 74.36 116.18 514.83 0.45
01 48 74.46 116.27 514.90 0.45
01 49 74.56 116.35 514.96 0.45
01 50 74.65 116.43 515.03 0.45
01 51 74.75 116.51 515.09 0.45
01 52 74.83 116.58 515.15 0.44
01 53 74.92 116.66 515.21 0.44
01 54 75.01 116.74 515.26 0.44
01 55 75.09 116.81 515.32 0.44
01 56 75.17 116.89 515.37 0.44
01 57 75.24 116.96 515.42 0.44
01 58 75.31 117.03 515.47 0.44
01 59 75.39 117.10 515.52 0.44
02 00 75.45 117.18 515.56 0.44
02 01 75.52 117.25 515.61 0.44
02 02 75.58 117.31 515.65 0.44
02 03 75.64 117.38 515.69 0.44
02 04 75.69 117.45 515.73 0.44
02 05 75.75 117.51 515.76 0.44
02 06 75.80 117.58 515.79 0.44
02 07 75.84 117.64 515.83 0.44
02 08 75.89 117.71 515.86 0.44
02 09 75.93 117.77 515.88 0.44
02 10 75.96 117.83 515.91 0.44
02 11 76.00 117.89 515.93 0.44
02 12 76.03 117.95 515.95 0.44
02 13 76.06 118.01 515.97 0.44
02 14 76.08 118.07 515.99 0.43
02 15 76.10 118.13 516.00 0.43
02 16 76.12 118.18 516.01 0.43
02 17 76.13 118.24 516.02 0.43
02 18 76.14 118.29 516.03 0.43
02 19 76.15 118.35 516.03 0.43
02 20 76.15 118.40 516.04 0.43
02 21 76.15 118.45 516.04 0.43
02 22 76.15 118.50 516.03 0.43
02 23 76.15 118.55 516.03 0.43
02 24 76.14 118.60 516.02 0.43
02 25 76.12 118.65 516.02 0.43
02 26 76.11 118.70 516.00 0.43
02 27 76.09 118.74 515.99 0.43
02 28 76.07 118.79 515.98 0.43
02 29 76.04 118.84 515.96 0.43
02 30 76.01 118.88 515.94 0.43
02 31 75.98 118.92 515.92 0.43
02 32 75.94 118.97 515.89 0.43
02 33 75.90 119.01 515.87 0.43
02 34 75.86 119.05 515.84 0.43
02 35 75.82 119.09 515.81 0.43
02 36 75.77 119.13 515.78 0.43
02 37 75.72 119.17 515.74 0.43
02 38 75.66 119.21 515.70 0.43
02 39 75.60 119.24 515.67 0.43
02 40 75.54 119.28 515.62 0.43
02 41 75.48 119.32 515.58 0.43
02 42 75.41 119.35 515.54 0.43
02 43 75.34 119.39 515.49 0.43
02 44 75.27 119.42 515.44 0.43
02 45 75.20 119.45 515.39 0.43
02 46 75.12 119.48 515.34 0.43
02 47 75.04 119.51 515.29 0.43
02 48 74.96 119.55 515.23 0.42
02 49 74.87 119.58 515.17 0.42
02 50 74.78 119.60 515.11 0.42
02 51 74.69 119.63 515.05 0.42
02 52 74.60 119.66 514.99 0.42
02 53 74.50 119.69 514.92 0.42
02 54 74.41 119.71 514.86 0.42
02 55 74.31 119.74 514.79 0.42
02 56 74.20 119.76 514.72 0.42
02 57 74.10 119.79 514.65 0.42
02 58 73.99 119.81 514.58 0.42
02 59 73.88 119.83 514.50 0.42
03 00 73.77 119.86 514.43 0.42
03 01 73.66 119.88 514.35 0.42
03 02 73.54 119.90 514.28 0.42
03 03 73.42 119.92 514.20 0.42
03 04 73.30 119.94 514.12 0.42
03 05 73.18 119.96 514.03 0.42
03 06 73.06 119.97 513.95 0.42
03 07 72.93 119.99 513.87 0.42
03 08 72.81 120.01 513.78 0.42
03 09 72.68 120.02 513.70 0.42
03 10 72.55 120.04 513.61 0.42
03 11 72.42 120.05 513.52 0.42
03 12 72.28 120.07 513.43 0.42
03 13 72.15 120.08 513.34 0.42
03 14 72.01 120.09 513.25 0.42
03 15 71.87 120.11 513.07 0.42
03 16 71.73 120.12 512.88 0.42
03 17 71.59 120.13 512.69 0.42
03 18 71.45 120.14 512.50 0.42
03 19 71.31 120.15 512.30 0.42
03 20 71.16 120.16 512.11 0.42
03 21 71.02 120.17 511.91 0.42
03 22 70.87 120.18 511.80 0.42
03 23 70.72 120.19 511.70 0.42
03 24 70.57 120.19 511.60 0.42
03 25 70.42 120.20 511.50 0.42
03 26 70.26 120.20 511.40 0.42
03 27 70.11 120.21 511.29 0.42
03 28 69.96 120.22 511.19 0.42
03 29 69.80 120.22 511.08 0.42
03 30 69.64 120.22 510.98 0.42
03 31 69.48 120.23 510.87 0.42
03 32 69.33 120.23 510.76 0.42
03 33 69.16 120.23 510.65 0.42
03 34 69.00 120.23 510.55 0.42
03 35 68.84 120.24 510.33 0.42
03 36 68.68 120.24 510.11 0.42
03 37 68.52 120.24 509.89 0.42
03 38 68.35 120.24 509.67 0.42
03 39 68.18 120.24 509.45 0.42
03 40 68.02 120.24 509.22 0.42
03 41 67.85 120.23 509.10 0.42
03 42 67.68 120.23 508.98 0.42
03 43 67.51 120.23 508.87 0.42
03 44 67.34 120.23 508.76 0.42
03 45 67.17 120.22 508.64 0.42
03 46 67.00 120.22 508.53 0.42
03 47 66.83 120.22 508.30 0.42
03 48 66.66 120.21 508.06 0.42
03 49 66.49 120.21 507.83 0.42
03 50 66.31 120.20 507.60 0.42
03 51 66.14 120.19 507.36 0.42
03 52 65.96 120.19 507.13 0.42
03 53 65.79 120.18 506.89 0.42
03 54 65.61 120.17 506.65 0.42
03 55 65.43 120.17 506.41 0.42
03 56 65.26 120.16 506.18 0.42
03 57 65.08 120.15 505.94 0.42
03 58 64.90 120.14 505.76 0.42
03 59 64.72 120.13 505.64 0.42
04 00 64.54 120.12 505.52 0.42
04 01 64.36 120.11 505.40 0.42
04 02 64.18 120.10 505.28 0.42
04 03 64.00 120.09 505.16 0.42
04 04 63.82 120.08 504.91 0.42
04 05 63.64 120.07 504.67 0.42
04 06 63.45 120.06 504.42 0.42
04 07 63.27 120.05 504.17 0.42
04 08 63.09 120.04 503.93 0.42
04 09 62.90 120.02 503.68 0.42
04 10 62.72 120.01 503.43 0.42
04 11 62.54 120.00 503.18 0.42
04 12 62.35 119.98 502.93 0.42
04 13 62.17 119.97 502.68 0.42
04 14 61.98 119.96 502.43 0.42
04 15 61.79 119.94 502.18 0.42
04 16 61.61 119.93 501.93 0.42
04 17 61.42 119.91 501.68 0.42
04 18 61.23 119.90 501.43 0.42
04 19 61.05 119.88 501.18 0.42
04 20 60.86 119.87 500.92 0.42
04 21 60.67 119.85 500.67 0.42
04 22 60.48 119.84 500.42 0.42
04 23 60.29 119.82 500.16 0.42
04 24 60.10 119.80 499.91 0.42
04 25 59.91 119.79 499.59 0.42
04 26 59.72 119.77 499.21 0.42
04 27 59.53 119.75 498.83 0.42
04 28 59.34 119.74 498.44 0.42
04 29 59.15 119.72 498.06 0.42
04 30 58.96 119.70 497.70 0.42
