20 14 10.14 27.96 154.57 0.96
20 15 10.33 28.34 158.58 0.96
20 16 10.51 28.72 162.59 0.95
20 17 10.70 29.10 166.61 0.95
20 18 10.89 29.48 170.63 0.95
20 19 11.07 29.86 174.60 0.95
20 20 11.26 30.24 178.50 0.95
20 21 11.45 30.62 182.41 0.95
20 22 11.63 31.00 186.31 0.95
20 23 11.82 31.38 190.23 0.95
20 24 12.01 31.76 194.13 0.95
20 25 12.20 32.14 197.66 0.94
20 26 12.38 32.52 201.21 0.94
20 27 12.57 32.90 204.75 0.94
20 28 12.76 33.28 208.30 0.94
20 29 12.95 33.66 211.85 0.94
20 30 13.14 34.04 215.31 0.94
20 31 13.32 34.42 218.74 0.94
20 32 13.51 34.80 222.18 0.93
20 33 13.70 35.18 225.61 0.93
20 34 13.89 35.56 229.05 0.93
20 35 14.08 35.93 232.38 0.93
20 36 14.27 36.31 235.57 0.93
20 37 14.46 36.69 238.76 0.93
20 38 14.65 37.07 241.96 0.93
20 39 14.84 37.45 245.16 0.92
20 40 15.03 37.82 248.31 0.92
20 41 15.22 38.20 251.26 0.92
20 42 15.41 38.58 254.21 0.92
20 43 15.60 38.95 257.16 0.92
20 44 15.79 39.33 260.11 0.92
20 45 15.98 39.70 263.06 0.92
20 46 16.17 40.08 265.79 0.91
20 47 16.36 40.45 268.49 0.91
20 48 16.55 40.82 271.19 0.91
20 49 16.75 41.20 273.90 0.91
20 50 16.94 41.57 276.61 0.91
20 51 17.13 41.94 279.31 0.91
20 52 17.32 42.32 282.02 0.90
20 53 17.51 42.69 284.74 0.90
20 54 17.70 43.06 287.45 0.90
20 55 17.90 43.43 290.17 0.90
20 56 18.09 43.80 292.71 0.90
20 57 18.28 44.17 295.04 0.90
20 58 18.47 44.54 297.37 0.89
20 59 18.67 44.91 299.71 0.89
21 00 18.86 45.28 302.04 0.89
21 01 19.05 45.65 304.38 0.89
21 02 19.24 46.02 306.72 0.89
21 03 19.44 46.38 309.06 0.89
21 04 19.63 46.75 311.40 0.88
21 05 19.82 47.12 313.75 0.88
21 06 20.02 47.48 316.07 0.88
21 07 20.21 47.85 318.15 0.88
21 08 20.40 48.21 320.24 0.88
21 09 20.60 48.58 322.33 0.88
21 10 20.79 48.94 324.42 0.87
21 11 20.99 49.31 326.51 0.87
21 12 21.18 49.67 328.60 0.87
21 13 21.37 50.03 330.69 0.87
21 14 21.57 50.39 332.79 0.87
21 15 21.76 50.75 334.88 0.86
21 16 21.96 51.11 336.98 0.86
21 17 22.15 51.47 338.87 0.86
21 18 22.35 51.83 340.71 0.86
21 19 22.54 52.19 342.54 0.86
21 20 22.74 52.55 344.38 0.86
21 21 22.93 52.91 346.22 0.85
21 22 23.13 53.26 348.06 0.85
21 23 23.32 53.62 349.90 0.85
21 24 23.52 53.97 351.75 0.85
21 25 23.71 54.33 353.59 0.85
21 26 23.91 54.68 355.43 0.84
21 27 24.10 55.04 357.21 0.84
21 28 24.30 55.39 358.92 0.84
21 29 24.49 55.74 360.64 0.84
21 30 24.69 56.09 362.35 0.84
21 31 24.89 56.44 364.07 0.84
21 32 25.08 56.79 365.73 0.83
21 33 25.28 57.14 367.31 0.83
21 34 25.48 57.49 368.90 0.83
21 35 25.67 57.84 370.49 0.83
21 36 25.87 58.19 372.08 0.83
21 37 26.06 58.53 373.62 0.82
21 38 26.26 58.88 375.08 0.82
21 39 26.46 59.23 376.53 0.82
21 40 26.65 59.57 377.99 0.82
21 41 26.85 59.91 379.45 0.82
21 42 27.05 60.26 380.91 0.81
21 43 27.25 60.60 382.37 0.81
21 44 27.44 60.94 383.83 0.81
21 45 27.64 61.28 385.29 0.81
21 46 27.84 61.62 386.75 0.81
21 47 28.03 61.96 388.19 0.80
21 48 28.23 62.30 389.52 0.80
21 49 28.43 62.64 390.85 0.80
21 50 28.63 62.98 392.18 0.80
21 51 28.82 63.31 393.51 0.80
21 52 29.02 63.65 394.84 0.79
21 53 29.22 63.98 396.18 0.79
21 54 29.42 64.32 397.51 0.79
21 55 29.62 64.65 398.84 0.79
21 56 29.81 64.98 400.18 0.79
21 57 30.01 65.32 401.50 0.78
21 58 30.21 65.65 402.70 0.78
21 59 30.41 65.98 403.90 0.78
22 00 30.61 66.31 405.10 0.78
22 01 30.80 66.63 406.31 0.78
22 02 31.00 66.96 407.51 0.78
22 03 31.20 67.29 408.58 0.77
22 04 31.40 67.61 409.65 0.77
22 05 31.60 67.94 410.72 0.77
22 06 31.80 68.26 411.79 0.77
22 07 32.00 68.59 412.86 0.77
22 08 32.19 68.91 414.06 0.76
22 09 32.39 69.23 415.26 0.76
22 10 32.59 69.55 416.47 0.76
22 11 32.79 69.87 417.67 0.76
22 12 32.99 70.19 418.88 0.76
22 13 33.19 70.51 419.83 0.75
22 14 33.39 70.83 420.77 0.75
22 15 33.59 71.15 421.71 0.75
22 16 33.79 71.46 422.64 0.75
22 17 33.98 71.78 423.58 0.75
22 18 34.18 72.09 424.65 0.74
22 19 34.38 72.40 425.72 0.74
22 20 34.58 72.72 426.79 0.74
22 21 34.78 73.03 427.87 0.74
22 22 34.98 73.34 428.94 0.74
22 23 35.18 73.65 429.89 0.73
22 24 35.38 73.96 430.83 0.73
22 25 35.58 74.26 431.77 0.73
22 26 35.78 74.57 432.71 0.73
22 27 35.98 74.88 433.65 0.73
22 28 36.18 75.18 434.48 0.72
22 29 36.38 75.49 435.28 0.72
22 30 36.58 75.79 436.09 0.72
22 31 36.78 76.09 436.90 0.72
22 32 36.98 76.39 437.70 0.72
22 33 37.18 76.69 438.63 0.71
22 34 37.37 76.99 439.57 0.71
22 35 37.57 77.29 440.51 0.71
22 36 37.77 77.59 441.45 0.71
22 37 37.97 77.89 442.39 0.71
22 38 38.17 78.18 443.22 0.70
22 39 38.37 78.48 444.03 0.70
22 40 38.57 78.77 444.83 0.70
22 41 38.77 79.07 445.64 0.70
22 42 38.97 79.36 446.45 0.70
22 43 39.17 79.65 447.14 0.69
22 44 39.37 79.94 447.81 0.69
22 45 39.57 80.23 448.49 0.69
22 46 39.77 80.52 449.16 0.69
22 47 39.97 80.80 449.83 0.69
22 48 40.17 81.09 450.62 0.69
22 49 40.37 81.37 451.43 0.68
22 50 40.57 81.66 452.24 0.68
22 51 40.77 81.94 453.04 0.68
22 52 40.97 82.22 453.85 0.68
22 53 41.17 82.51 454.54 0.68
22 54 41.37 82.79 455.22 0.67
22 55 41.57 83.06 455.89 0.67
22 56 41.77 83.34 456.56 0.67
22 57 41.97 83.62 457.24 0.67
22 58 42.17 83.90 457.91 0.67
22 59 42.37 84.17 458.58 0.66
23 00 42.57 84.45 459.26 0.66
23 01 42.77 84.72 459.93 0.66
23 02 42.97 84.99 460.60 0.66
23 03 43.17 85.26 461.27 0.66
23 04 43.37 85.53 461.95 0.66
23 05 43.57 85.80 462.62 0.65
23 06 43.77 86.07 463.29 0.65
23 07 43.97 86.34 463.97 0.65
23 08 44.17 86.60 464.52 0.65
23 09 44.37 86.87 465.06 0.65
23 10 44.57 87.13 465.60 0.65
23 11 44.77 87.40 466.14 0.64
23 12 44.97 87.66 466.68 0.64
23 13 45.17 87.92 467.33 0.64
23 14 45.37 88.18 468.00 0.64
23 15 45.57 88.44 468.67 0.64
23 16 45.77 88.70 469.34 0.63
23 17 45.96 88.95 470.01 0.63
23 18 46.16 89.21 470.57 0.63
23 19 46.36 89.46 471.11 0.63
23 20 46.56 89.72 471.65 0.63
23 21 46.76 89.97 472.18 0.63
23 22 46.96 90.22 472.72 0.62
23 23 47.16 90.47 473.26 0.62
23 24 47.36 90.72 473.79 0.62
23 25 47.56 90.97 474.33 0.62
23 26 47.76 91.22 474.87 0.62
23 27 47.96 91.46 475.40 0.62
23 28 48.16 91.71 475.94 0.61
23 29 48.35 91.95 476.47 0.61
23 30 48.55 92.20 477.01 0.61
23 31 48.75 92.44 477.55 0.61
23 32 48.95 92.68 478.08 0.61
23 33 49.15 92.92 478.51 0.61
23 34 49.35 93.16 478.92 0.60
23 35 49.55 93.39 479.32 0.60
23 36 49.74 93.63 479.72 0.60
23 37 49.94 93.87 480.12 0.60
23 38 50.14 94.10 480.61 0.60
23 39 50.34 94.33 481.15 0.60
23 40 50.54 94.57 481.68 0.59
23 41 50.73 94.80 482.21 0.59
23 42 50.93 95.03 482.75 0.59
23 43 51.13 95.26 483.19 0.59
23 44 51.33 95.48 483.59 0.59
23 45 51.53 95.71 483.99 0.59
23 46 51.72 95.94 484.39 0.59
23 47 51.92 96.16 484.79 0.58
23 48 52.12 96.39 485.19 0.58
23 49 52.31 96.61 485.58 0.58
23 50 52.51 96.83 485.98 0.58
23 51 52.71 97.05 486.38 0.58
23 52 52.90 97.27 486.78 0.58
23 53 53.10 97.49 487.17 0.57
23 54 53.30 97.70 487.57 0.57
23 55 53.49 97.92 487.97 0.57
23 56 53.69 98.13 488.36 0.57
23 57 53.89 98.35 488.76 0.57
23 58 54.08 98.56 489.16 0.57
23 59 54.28 98.77 489.55 0.57
00 00 54.47 98.98 489.95 0.56
00 01 54.67 99.19 490.34 0.56
00 02 54.86 99.40 490.74 0.56
00 03 55.06 99.61 491.13 0.56
00 04 55.25 99.81 491.53 0.56
00 05 55.45 100.02 491.92 0.56
00 06 55.64 100.22 492.31 0.56
00 07 55.84 100.42 492.71 0.55
00 08 56.03 100.63 493.08 0.55
00 09 56.23 100.83 493.34 0.55
00 10 56.42 101.03 493.60 0.55
00 11 56.61 101.22 493.86 0.55
00 12 56.81 101.42 494.12 0.55
00 13 57.00 101.62 494.38 0.55
00 14 57.19 101.81 494.77 0.54
00 15 57.39 102.01 495.16 0.54
00 16 57.58 102.20 495.55 0.54
00 17 57.77 102.39 495.94 0.54
00 18 57.97 102.58 496.33 0.54
00 19 58.16 102.77 496.61 0.54
00 20 58.35 102.96 496.87 0.54
00 21 58.54 103.15 497.13 0.54
00 22 58.73 103.33 497.39 0.53
00 23 58.92 103.52 497.64 0.53
00 24 59.11 103.70 497.98 0.53
00 25 59.30 103.88 498.36 0.53
00 26 59.49 104.06 498.75 0.53
00 27 59.68 104.24 499.13 0.53
00 28 59.87 104.42 499.51 0.53
00 29 60.06 104.60 499.85 0.53
00 30 60.25 104.78 500.11 0.52
00 31 60.44 104.96 500.36 0.52
00 32 60.63 105.13 500.62 0.52
00 33 60.82 105.30 500.87 0.52
00 34 61.01 105.48 501.12 0.52
00 35 61.19 105.65 501.38 0.52
00 36 61.38 105.82 501.63 0.52
00 37 61.57 105.99 501.88 0.52
00 38 61.75 106.16 502.13 0.52
00 39 61.94 106.32 502.38 0.51
00 40 62.13 106.49 502.63 0.51
00 41 62.31 106.65 502.88 0.51
00 42 62.50 106.82 503.13 0.51
00 43 62.68 106.98 503.38 0.51
00 44 62.87 107.14 503.63 0.51
00 45 63.05 107.30 503.88 0.51
00 46 63.23 107.46 504.12 0.51
00 47 63.42 107.62 504.37 0.51
00 48 63.60 107.78 504.61 0.50
00 49 63.78 107.93 504.86 0.50
00 50 63.96 108.09 505.10 0.50
00 51 64.14 108.24 505.25 0.50
00 52 64.32 108.39 505.37 0.50
00 53 64.50 108.55 505.50 0.50
00 54 64.68 108.70 505.62 0.50
00 55 64.86 108.85 505.74 0.50
00 56 65.04 108.99 505.89 0.50
00 57 65.22 109.14 506.13 0.49
00 58 65.40 109.29 506.36 0.49
00 59 65.57 109.43 506.60 0.49
01 00 65.75 109.58 506.84 0.49
01 01 65.93 109.72 507.08 0.49
01 02 66.10 109.86 507.31 0.49
01 03 66.28 110.00 507.55 0.49
01 04 66.45 110.14 507.78 0.49
01 05 66.62 110.28 508.02 0.49
01 06 66.80 110.42 508.25 0.49
01 07 66.97 110.56 508.48 0.49
01 08 67.14 110.69 508.62 0.48
01 09 67.31 110.82 508.73 0.48
01 10 67.48 110.96 508.85 0.48
01 11 67.65 111.09 508.96 0.48
01 12 67.82 111.22 509.07 0.48
01 13 67.98 111.35 509.19 0.48
01 14 68.15 111.48 509.40 0.48
01 15 68.32 111.61 509.62 0.48
01 16 68.48 111.73 509.84 0.48
01 17 68.64 111.86 510.06 0.48
01 18 68.81 111.98 510.28 0.48
01 19 68.97 112.11 510.50 0.47
01 20 69.13 112.23 510.63 0.47
01 21 69.29 112.35 510.74 0.47
01 22 69.45 112.47 510.85 0.47
01 23 69.61 112.59 510.95 0.47
01 24 69.77 112.71 511.06 0.47
01 25 69.92 112.83 511.17 0.47
01 26 70.08 112.94 511.27 0.47
01 27 70.23 113.06 511.37 0.47
01 28 70.38 113.17 511.48 0.47
01 29 70.54 113.29 511.58 0.47
01 30 70.69 113.40 511.68 0.47
01 31 70.84 113.51 511.78 0.47
01 32 70.98 113.62 511.88 0.46
01 33 71.13 113.73 512.07 0.46
01 34 71.28 113.83 512.26 0.46
01 35 71.42 113.94 512.46 0.46
01 36 71.56 114.05 512.65 0.46
01 37 71.71 114.15 512.84 0.46
01 38 71.85 114.26 513.03 0.46
01 39 71.98 114.36 513.22 0.46
01 40 72.12 114.46 513.32 0.46
01 41 72.26 114.56 513.41 0.46
01 42 72.39 114.66 513.50 0.46
01 43 72.52 114.76 513.59 0.46
01 44 72.65 114.86 513.68 0.46
01 45 72.78 114.95 513.76 0.46
01 46 72.91 115.05 513.85 0.45
01 47 73.03 115.14 513.93 0.45
01 48 73.16 115.24 514.02 0.45
01 49 73.28 115.33 514.10 0.45
01 50 73.40 115.42 514.18 0.45
01 51 73.52 115.51 514.26 0.45
01 52 73.63 115.60 514.34 0.45
01 53 73.75 115.69 514.41 0.45
01 54 73.86 115.78 514.49 0.45
01 55 73.97 115.86 514.56 0.45
01 56 74.08 115.95 514.64 0.45
01 57 74.18 116.03 514.71 0.45
01 58 74.28 116.12 514.78 0.45
01 59 74.38 116.20 514.84 0.45
02 00 74.48 116.28 514.91 0.45
02 01 74.58 116.36 514.97 0.45
02 02 74.67 116.44 515.04 0.45
02 03 74.76 116.52 515.10 0.44
02 04 74.85 116.60 515.16 0.44
02 05 74.94 116.68 515.22 0.44
02 06 75.02 116.75 515.27 0.44
02 07 75.10 116.83 515.33 0.44
02 08 75.18 116.90 515.38 0.44
02 09 75.26 116.98 515.43 0.44
02 10 75.33 117.05 515.48 0.44
02 11 75.40 117.12 515.53 0.44
02 12 75.47 117.19 515.57 0.44
02 13 75.53 117.26 515.62 0.44
02 14 75.59 117.33 515.66 0.44
02 15 75.65 117.40 515.70 0.44
02 16 75.70 117.46 515.73 0.44
02 17 75.76 117.53 515.77 0.44
02 18 75.81 117.59 515.80 0.44
02 19 75.85 117.66 515.83 0.44
02 20 75.89 117.72 515.86 0.44
02 21 75.93 117.78 515.89 0.44
02 22 75.97 117.84 515.91 0.44
02 23 76.00 117.90 515.93 0.44
02 24 76.03 117.96 515.95 0.44
02 25 76.06 118.02 515.97 0.43
02 26 76.08 118.08 515.99 0.43
02 27 76.10 118.14 516.00 0.43
02 28 76.12 118.19 516.01 0.43
02 29 76.13 118.25 516.02 0.43
02 30 76.14 118.30 516.03 0.43
02 31 76.15 118.36 516.03 0.43
02 32 76.15 118.41 516.04 0.43
02 33 76.15 118.46 516.04 0.43
02 34 76.15 118.51 516.03 0.43
02 35 76.14 118.56 516.03 0.43
02 36 76.13 118.61 516.02 0.43
02 37 76.12 118.66 516.01 0.43
02 38 76.10 118.71 516.00 0.43
02 39 76.08 118.75 515.99 0.43
02 40 76.06 118.80 515.97 0.43
02 41 76.03 118.84 515.95 0.43
02 42 76.00 118.89 515.93 0.43
02 43 75.97 118.93 515.91 0.43
02 44 75.93 118.98 515.89 0.43
02 45 75.89 119.02 515.86 0.43
02 46 75.85 119.06 515.83 0.43
02 47 75.81 119.10 515.80 0.43
02 48 75.76 119.14 515.77 0.43
02 49 75.71 119.18 515.73 0.43
02 50 75.65 119.21 515.70 0.43
02 51 75.59 119.25 515.66 0.43
02 52 75.53 119.29 515.62 0.43
02 53 75.47 119.32 515.57 0.43
02 54 75.40 119.36 515.53 0.43
02 55 75.33 119.39 515.48 0.43
02 56 75.26 119.43 515.43 0.43
02 57 75.18 119.46 515.38 0.43
02 58 75.10 119.49 515.33 0.43
02 59 75.02 119.52 515.27 0.43
03 00 74.94 119.55 515.22 0.42
03 01 74.85 119.58 515.16 0.42
03 02 74.76 119.61 515.10 0.42
03 03 74.67 119.64 515.04 0.42
03 04 74.58 119.67 514.98 0.42
03 05 74.48 119.69 514.91 0.42
03 06 74.38 119.72 514.84 0.42
03 07 74.28 119.74 514.78 0.42
03 08 74.18 119.77 514.71 0.42
03 09 74.08 119.79 514.64 0.42
03 10 73.97 119.82 514.56 0.42
03 11 73.86 119.84 514.49 0.42
03 12 73.75 119.86 514.41 0.42
03 13 73.63 119.88 514.34 0.42
03 14 73.52 119.90 514.26 0.42
03 15 73.40 119.92 514.18 0.42
03 16 73.28 119.94 514.10 0.42
03 17 73.16 119.96 514.02 0.42
03 18 73.03 119.98 513.93 0.42
03 19 72.91 119.99 513.85 0.42
03 20 72.78 120.01 513.76 0.42
03 21 72.65 120.03 513.68 0.42
03 22 72.52 120.04 513.59 0.42
03 23 72.39 120.06 513.50 0.42
03 24 72.26 120.07 513.41 0.42
03 25 72.12 120.08 513.32 0.42
03 26 71.98 120.10 513.22 0.42
03 27 71.85 120.11 513.03 0.42
03 28 71.71 120.12 512.84 0.42
03 29 71.56 120.13 512.65 0.42
03 30 71.42 120.14 512.46 0.42
03 31 71.28 120.15 512.26 0.42
03 32 71.13 120.16 512.07 0.42
03 33 70.99 120.17 511.88 0.42
03 34 70.84 120.18 511.78 0.42
03 35 70.69 120.19 511.68 0.42
03 36 70.54 120.19 511.58 0.42
03 37 70.39 120.20 511.48 0.42
03 38 70.23 120.21 511.37 0.42
03 39 70.08 120.21 511.27 0.42
03 40 69.92 120.22 511.17 0.42
03 41 69.77 120.22 511.06 0.42
03 42 69.61 120.22 510.95 0.42
03 43 69.45 120.23 510.85 0.42
03 44 69.29 120.23 510.74 0.42
03 45 69.13 120.23 510.63 0.42
03 46 68.97 120.23 510.50 0.42
03 47 68.81 120.24 510.29 0.42
03 48 68.65 120.24 510.07 0.42
03 49 68.48 120.24 509.84 0.42
03 50 68.32 120.24 509.62 0.42
03 51 68.15 120.24 509.40 0.42
03 52 67.98 120.23 509.19 0.42
03 53 67.82 120.23 509.07 0.42
03 54 67.65 120.23 508.96 0.42
03 55 67.48 120.23 508.85 0.42
03 56 67.31 120.23 508.73 0.42
03 57 67.14 120.22 508.62 0.42
03 58 66.97 120.22 508.48 0.42
03 59 66.80 120.21 508.25 0.42
04 00 66.62 120.21 508.02 0.42
04 01 66.45 120.20 507.78 0.42
04 02 66.28 120.20 507.55 0.42
04 03 66.10 120.19 507.31 0.42
04 04 65.93 120.19 507.08 0.42
04 05 65.75 120.18 506.84 0.42
04 06 65.58 120.17 506.60 0.42
04 07 65.40 120.16 506.37 0.42
04 08 65.22 120.16 506.13 0.42
04 09 65.04 120.15 505.89 0.42
04 10 64.86 120.14 505.74 0.42
04 11 64.68 120.13 505.62 0.42
04 12 64.51 120.12 505.50 0.42
04 13 64.33 120.11 505.37 0.42
04 14 64.14 120.10 505.25 0.42
04 15 63.96 120.09 505.11 0.42
04 16 63.78 120.08 504.86 0.42
04 17 63.60 120.07 504.62 0.42
04 18 63.42 120.06 504.37 0.42
04 19 63.23 120.05 504.12 0.42
04 20 63.05 120.03 503.88 0.42
04 21 62.87 120.02 503.63 0.42
04 22 62.68 120.01 503.38 0.42
04 23 62.50 120.00 503.13 0.42
04 24 62.31 119.98 502.88 0.42
04 25 62.13 119.97 502.63 0.42
04 26 61.94 119.95 502.38 0.42
04 27 61.76 119.94 502.13 0.42
04 28 61.57 119.93 501.88 0.42
04 29 61.38 119.91 501.63 0.42
