20 18 10.15 154.85
20 19 10.34 158.86
20 20 10.53 162.87
20 21 10.71 166.88
20 22 10.90 170.90
20 23 11.08 174.87
20 24 11.27 178.77
20 25 11.46 182.68
20 26 11.65 186.58
20 27 11.83 190.50
20 28 12.02 194.37
20 29 12.21 197.91
20 30 12.40 201.45
20 31 12.58 205.00
20 32 12.77 208.54
20 33 12.96 212.10
20 34 13.15 215.55
20 35 13.34 218.98
20 36 13.53 222.41
20 37 13.72 225.85
20 38 13.90 229.29
20 39 14.09 232.60
20 40 14.28 235.79
20 41 14.47 238.98
20 42 14.66 242.18
20 43 14.85 245.38
20 44 15.04 248.52
20 45 15.23 251.46
20 46 15.42 254.41
20 47 15.61 257.36
20 48 15.80 260.31
20 49 15.99 263.27
20 50 16.19 265.97
20 51 16.38 268.68
20 52 16.57 271.38
20 53 16.76 274.08
20 54 16.95 276.79
20 55 17.14 279.50
20 56 17.33 282.21
20 57 17.52 284.92
20 58 17.72 287.64
20 59 17.91 290.36
21 00 18.10 292.87
21 01 18.29 295.20
21 02 18.49 297.53
21 03 18.68 299.87
21 04 18.87 302.20
21 05 19.06 304.54
21 06 19.26 306.88
21 07 19.45 309.22
21 08 19.64 311.56
21 09 19.84 313.91
21 10 20.03 316.21
21 11 20.22 318.30
21 12 20.42 320.38
21 13 20.61 322.47
21 14 20.80 324.56
21 15 21.00 326.65
21 16 21.19 328.74
21 17 21.39 330.84
21 18 21.58 332.93
21 19 21.78 335.03
21 20 21.97 337.12
21 21 22.16 339.00
21 22 22.36 340.83
21 23 22.55 342.67
21 24 22.75 344.51
21 25 22.94 346.35
21 26 23.14 348.19
21 27 23.33 350.03
21 28 23.53 351.87
21 29 23.73 353.72
21 30 23.92 355.56
21 31 24.12 357.33
21 32 24.31 359.04
21 33 24.51 360.75
21 34 24.70 362.47
21 35 24.90 364.19
21 36 25.10 365.84
21 37 25.29 367.42
21 38 25.49 369.01
21 39 25.69 370.60
21 40 25.88 372.18
21 41 26.08 373.72
21 42 26.27 375.18
21 43 26.47 376.63
21 44 26.67 378.09
21 45 26.87 379.55
21 46 27.06 381.01
21 47 27.26 382.47
21 48 27.46 383.93
21 49 27.65 385.39
21 50 27.85 386.85
21 51 28.05 388.28
21 52 28.25 389.61
21 53 28.44 390.94
21 54 28.64 392.27
21 55 28.84 393.60
21 56 29.04 394.94
21 57 29.23 396.27
21 58 29.43 397.60
21 59 29.63 398.93
22 00 29.83 400.27
22 01 30.03 401.58
22 02 30.22 402.78
22 03 30.42 403.99
22 04 30.62 405.19
22 05 30.82 406.39
22 06 31.02 407.58
22 07 31.21 408.65
22 08 31.41 409.72
22 09 31.61 410.79
22 10 31.81 411.86
22 11 32.01 412.94
22 12 32.21 414.14
22 13 32.41 415.34
22 14 32.61 416.55
22 15 32.80 417.75
22 16 33.00 418.96
22 17 33.20 419.89
22 18 33.40 420.83
22 19 33.60 421.77
22 20 33.80 422.71
22 21 34.00 423.65
22 22 34.20 424.72
22 23 34.40 425.79
22 24 34.60 426.87
22 25 34.79 427.94
22 26 34.99 429.01
22 27 35.19 429.96
22 28 35.39 430.90
22 29 35.59 431.84
22 30 35.79 432.78
22 31 35.99 433.72
22 32 36.19 434.53
22 33 36.39 435.34
22 34 36.59 436.14
22 35 36.79 436.95
22 36 36.99 437.76
22 37 37.19 438.69
22 38 37.39 439.63
22 39 37.59 440.57
22 40 37.79 441.52
22 41 37.99 442.46
22 42 38.19 443.27
22 43 38.39 444.08
22 44 38.59 444.89
22 45 38.79 445.70
22 46 38.99 446.50
22 47 39.19 447.19
22 48 39.39 447.86
22 49 39.59 448.53
22 50 39.79 449.20
22 51 39.99 449.88
22 52 40.19 450.68
22 53 40.39 451.48
22 54 40.59 452.29
22 55 40.79 453.10
22 56 40.99 453.91
22 57 41.19 454.59
22 58 41.39 455.26
22 59 41.59 455.94
23 00 41.78 456.61
23 01 41.98 457.28
23 02 42.18 457.96
23 03 42.38 458.63
23 04 42.58 459.30
23 05 42.78 459.98
23 06 42.98 460.65
23 07 43.18 461.32
23 08 43.38 461.99
23 09 43.58 462.67
23 10 43.78 463.34
23 11 43.98 464.01
23 12 44.18 464.56
23 13 44.38 465.10
23 14 44.58 465.64
23 15 44.78 466.18
23 16 44.98 466.71
23 17 45.18 467.37
23 18 45.38 468.04
23 19 45.58 468.72
23 20 45.78 469.39
23 21 45.98 470.06
23 22 46.18 470.61
23 23 46.38 471.15
23 24 46.58 471.68
23 25 46.78 472.22
23 26 46.98 472.76
23 27 47.17 473.29
23 28 47.37 473.83
23 29 47.57 474.37
23 30 47.77 474.90
23 31 47.97 475.44
23 32 48.17 475.98
23 33 48.37 476.51
23 34 48.57 477.05
23 35 48.77 477.58
23 36 48.96 478.12
23 37 49.16 478.54
23 38 49.36 478.94
23 39 49.56 479.34
23 40 49.76 479.74
23 41 49.96 480.15
23 42 50.15 480.65
23 43 50.35 481.18
23 44 50.55 481.72
23 45 50.75 482.25
23 46 50.95 482.78
23 47 51.14 483.22
23 48 51.34 483.62
23 49 51.54 484.02
23 50 51.74 484.42
23 51 51.93 484.81
23 52 52.13 485.21
23 53 52.33 485.61
23 54 52.52 486.01
23 55 52.72 486.41
23 56 52.92 486.80
23 57 53.11 487.20
23 58 53.31 487.60
23 59 53.51 488.00
00 00 53.70 488.39
00 01 53.90 488.79
00 02 54.10 489.18
00 03 54.29 489.58
00 04 54.49 489.97
00 05 54.68 490.37
00 06 54.88 490.76
00 07 55.07 491.16
00 08 55.27 491.55
00 09 55.46 491.95
00 10 55.66 492.34
00 11 55.85 492.73
00 12 56.05 493.09
00 13 56.24 493.36
00 14 56.43 493.62
00 15 56.63 493.88
00 16 56.82 494.14
00 17 57.01 494.41
00 18 57.21 494.80
00 19 57.40 495.19
00 20 57.59 495.58
00 21 57.79 495.97
00 22 57.98 496.36
00 23 58.17 496.63
00 24 58.36 496.89
00 25 58.55 497.15
00 26 58.75 497.40
00 27 58.94 497.66
00 28 59.13 498.00
00 29 59.32 498.39
00 30 59.51 498.77
00 31 59.70 499.16
00 32 59.89 499.54
00 33 60.08 499.87
00 34 60.27 500.13
00 35 60.45 500.38
00 36 60.64 500.63
00 37 60.83 500.89
00 38 61.02 501.14
00 39 61.21 501.39
00 40 61.39 501.65
00 41 61.58 501.90
00 42 61.77 502.15
00 43 61.95 502.40
00 44 62.14 502.65
00 45 62.32 502.90
00 46 62.51 503.15
00 47 62.69 503.40
00 48 62.88 503.64
00 49 63.06 503.89
00 50 63.25 504.14
00 51 63.43 504.39
00 52 63.61 504.63
00 53 63.79 504.88
00 54 63.98 505.12
00 55 64.16 505.26
00 56 64.34 505.38
00 57 64.52 505.50
00 58 64.70 505.62
00 59 64.88 505.75
01 00 65.05 505.90
01 01 65.23 506.14
01 02 65.41 506.38
01 03 65.59 506.62
01 04 65.76 506.86
01 05 65.94 507.09
01 06 66.11 507.33
01 07 66.29 507.56
01 08 66.46 507.80
01 09 66.64 508.03
01 10 66.81 508.26
01 11 66.98 508.50
01 12 67.15 508.62
01 13 67.32 508.74
01 14 67.49 508.85
01 15 67.66 508.97
01 16 67.83 509.08
01 17 67.99 509.19
01 18 68.16 509.41
01 19 68.33 509.64
01 20 68.49 509.86
01 21 68.66 510.08
01 22 68.82 510.30
01 23 68.98 510.52
01 24 69.14 510.64
01 25 69.30 510.75
01 26 69.46 510.85
01 27 69.62 510.96
01 28 69.78 511.07
01 29 69.93 511.17
01 30 70.09 511.28
01 31 70.24 511.38
01 32 70.40 511.48
01 33 70.55 511.59
01 34 70.70 511.69
01 35 70.85 511.79
01 36 70.99 511.89
01 37 71.14 512.08
01 38 71.29 512.28
01 39 71.43 512.47
01 40 71.57 512.66
01 41 71.71 512.85
01 42 71.85 513.04
01 43 71.99 513.23
01 44 72.13 513.33
01 45 72.27 513.42
01 46 72.40 513.51
01 47 72.53 513.60
01 48 72.66 513.68
01 49 72.79 513.77
01 50 72.92 513.86
01 51 73.04 513.94
01 52 73.17 514.02
01 53 73.29 514.10
01 54 73.41 514.19
01 55 73.52 514.26
01 56 73.64 514.34
01 57 73.75 514.42
01 58 73.87 514.49
01 59 73.98 514.57
02 00 74.08 514.64
02 01 74.19 514.71
02 02 74.29 514.78
02 03 74.39 514.85
02 04 74.49 514.91
02 05 74.59 514.98
02 06 74.68 515.04
02 07 74.77 515.10
02 08 74.86 515.16
02 09 74.94 515.22
02 10 75.03 515.28
02 11 75.11 515.33
02 12 75.19 515.38
02 13 75.26 515.43
02 14 75.33 515.48
02 15 75.40 515.53
02 16 75.47 515.58
02 17 75.53 515.62
02 18 75.60 515.66
02 19 75.65 515.70
02 20 75.71 515.74
02 21 75.76 515.77
02 22 75.81 515.80
02 23 75.86 515.83
02 24 75.90 515.86
02 25 75.94 515.89
02 26 75.97 515.91
02 27 76.01 515.94
02 28 76.04 515.96
02 29 76.06 515.97
02 30 76.09 515.99
02 31 76.11 516.00
02 32 76.12 516.01
02 33 76.13 516.02
02 34 76.14 516.03
02 35 76.15 516.03
02 36 76.15 516.04
02 37 76.15 516.04
02 38 76.15 516.03
02 39 76.14 516.03
02 40 76.13 516.02
02 41 76.12 516.01
02 42 76.10 516.00
02 43 76.08 515.99
02 44 76.06 515.97
02 45 76.03 515.95
02 46 76.00 515.93
02 47 75.97 515.91
02 48 75.93 515.89
02 49 75.89 515.86
02 50 75.85 515.83
02 51 75.80 515.80
02 52 75.75 515.77
02 53 75.70 515.73
02 54 75.65 515.69
02 55 75.59 515.65
02 56 75.53 515.61
02 57 75.46 515.57
02 58 75.39 515.52
02 59 75.32 515.48
03 00 75.25 515.43
03 01 75.18 515.38
03 02 75.10 515.32
03 03 75.02 515.27
03 04 74.93 515.21
03 05 74.85 515.16
03 06 74.76 515.10
03 07 74.67 515.03
03 08 74.57 514.97
03 09 74.48 514.91
03 10 74.38 514.84
03 11 74.28 514.77
03 12 74.17 514.70
03 13 74.07 514.63
03 14 73.96 514.56
03 15 73.85 514.48
03 16 73.74 514.41
03 17 73.63 514.33
03 18 73.51 514.25
03 19 73.39 514.17
03 20 73.27 514.09
03 21 73.15 514.01
03 22 73.03 513.93
03 23 72.90 513.84
03 24 72.77 513.76
03 25 72.64 513.67
03 26 72.51 513.58
03 27 72.38 513.49
03 28 72.25 513.40
03 29 72.11 513.31
03 30 71.97 513.20
03 31 71.84 513.02
03 32 71.70 512.83
03 33 71.55 512.64
03 34 71.41 512.45
03 35 71.27 512.25
03 36 71.12 512.05
03 37 70.97 511.87
03 38 70.83 511.77
03 39 70.68 511.67
03 40 70.53 511.57
03 41 70.37 511.47
03 42 70.22 511.37
03 43 70.07 511.26
03 44 69.91 511.16
03 45 69.76 511.05
03 46 69.60 510.95
03 47 69.44 510.84
03 48 69.28 510.73
03 49 69.12 510.62
03 50 68.96 510.49
03 51 68.80 510.27
03 52 68.63 510.05
03 53 68.47 509.83
03 54 68.30 509.61
03 55 68.14 509.38
03 56 67.97 509.18
03 57 67.81 509.07
03 58 67.64 508.95
03 59 67.47 508.84
04 00 67.30 508.72
04 01 67.13 508.61
04 02 66.96 508.46
04 03 66.78 508.23
04 04 66.61 508.00
04 05 66.44 507.77
04 06 66.26 507.53
04 07 66.09 507.30
04 08 65.92 507.06
04 09 65.74 506.82
04 10 65.56 506.59
04 11 65.39 506.35
04 12 65.21 506.11
04 13 65.03 505.87
04 14 64.85 505.73
04 15 64.67 505.61
04 16 64.49 505.49
04 17 64.31 505.37
04 18 64.13 505.24
04 19 63.95 505.09
04 20 63.77 504.84
04 21 63.59 504.60
04 22 63.40 504.35
04 23 63.22 504.11
04 24 63.04 503.86
04 25 62.85 503.61
04 26 62.67 503.36
04 27 62.49 503.11
04 28 62.30 502.87
