20 10 10.13 27.94 154.30 0.96
20 11 10.31 28.32 158.30 0.96
20 12 10.50 28.70 162.32 0.96
20 13 10.69 29.08 166.33 0.95
20 14 10.87 29.46 170.35 0.95
20 15 11.06 29.84 174.33 0.95
20 16 11.25 30.22 178.23 0.95
20 17 11.43 30.60 182.14 0.95
20 18 11.62 30.98 186.05 0.95
20 19 11.81 31.36 189.96 0.95
20 20 11.99 31.74 193.87 0.95
20 21 12.18 32.12 197.42 0.94
20 22 12.37 32.50 200.96 0.94
20 23 12.56 32.88 204.51 0.94
20 24 12.75 33.26 208.06 0.94
20 25 12.93 33.64 211.61 0.94
20 26 13.12 34.02 215.08 0.94
20 27 13.31 34.39 218.51 0.94
20 28 13.50 34.77 221.94 0.93
20 29 13.69 35.15 225.38 0.93
20 30 13.88 35.53 228.81 0.93
20 31 14.07 35.91 232.16 0.93
20 32 14.26 36.29 235.35 0.93
20 33 14.45 36.66 238.54 0.93
20 34 14.64 37.04 241.74 0.93
20 35 14.83 37.42 244.94 0.92
20 36 15.02 37.80 248.11 0.92
20 37 15.21 38.17 251.06 0.92
20 38 15.40 38.55 254.01 0.92
20 39 15.59 38.93 256.95 0.92
20 40 15.78 39.30 259.91 0.92
20 41 15.97 39.68 262.86 0.92
20 42 16.16 40.05 265.60 0.91
20 43 16.35 40.43 268.30 0.91
20 44 16.54 40.80 271.01 0.91
20 45 16.73 41.17 273.71 0.91
20 46 16.92 41.55 276.42 0.91
20 47 17.12 41.92 279.13 0.91
20 48 17.31 42.29 281.84 0.90
20 49 17.50 42.66 284.55 0.90
20 50 17.69 43.04 287.27 0.90
20 51 17.88 43.41 289.98 0.90
20 52 18.07 43.78 292.55 0.90
20 53 18.27 44.15 294.88 0.90
20 54 18.46 44.52 297.21 0.89
20 55 18.65 44.89 299.55 0.89
20 56 18.84 45.26 301.88 0.89
20 57 19.04 45.62 304.22 0.89
20 58 19.23 45.99 306.56 0.89
20 59 19.42 46.36 308.90 0.89
21 00 19.62 46.73 311.24 0.88
21 01 19.81 47.09 313.58 0.88
21 02 20.00 47.46 315.93 0.88
21 03 20.20 47.82 318.01 0.88
21 04 20.39 48.19 320.10 0.88
21 05 20.58 48.55 322.18 0.88
21 06 20.78 48.92 324.27 0.87
21 07 20.97 49.28 326.36 0.87
21 08 21.17 49.64 328.46 0.87
21 09 21.36 50.01 330.55 0.87
21 10 21.55 50.37 332.64 0.87
21 11 21.75 50.73 334.74 0.87
21 12 21.94 51.09 336.83 0.86
21 13 22.14 51.45 338.75 0.86
21 14 22.33 51.81 340.58 0.86
21 15 22.53 52.17 342.42 0.86
21 16 22.72 52.52 344.26 0.86
21 17 22.92 52.88 346.10 0.85
21 18 23.11 53.24 347.94 0.85
21 19 23.31 53.59 349.78 0.85
21 20 23.50 53.95 351.62 0.85
21 21 23.70 54.30 353.46 0.85
21 22 23.89 54.66 355.31 0.84
21 23 24.09 55.01 357.09 0.84
21 24 24.29 55.36 358.80 0.84
21 25 24.48 55.72 360.52 0.84
21 26 24.68 56.07 362.23 0.84
21 27 24.87 56.42 363.95 0.84
21 28 25.07 56.77 365.62 0.83
21 29 25.27 57.12 367.21 0.83
21 30 25.46 57.47 368.79 0.83
21 31 25.66 57.82 370.38 0.83
21 32 25.85 58.16 371.97 0.83
21 33 26.05 58.51 373.52 0.82
21 34 26.25 58.86 374.98 0.82
21 35 26.44 59.20 376.43 0.82
21 36 26.64 59.55 377.89 0.82
21 37 26.84 59.89 379.35 0.82
21 38 27.04 60.23 380.81 0.81
21 39 27.23 60.58 382.27 0.81
21 40 27.43 60.92 383.73 0.81
21 41 27.63 61.26 385.19 0.81
21 42 27.82 61.60 386.65 0.81
21 43 28.02 61.94 388.10 0.80
21 44 28.22 62.28 389.43 0.80
21 45 28.42 62.62 390.76 0.80
21 46 28.61 62.95 392.09 0.80
21 47 28.81 63.29 393.42 0.80
21 48 29.01 63.63 394.75 0.79
21 49 29.21 63.96 396.08 0.79
21 50 29.40 64.29 397.42 0.79
21 51 29.60 64.63 398.75 0.79
21 52 29.80 64.96 400.08 0.79
21 53 30.00 65.29 401.42 0.79
21 54 30.20 65.62 402.62 0.78
21 55 30.39 65.95 403.82 0.78
21 56 30.59 66.28 405.02 0.78
21 57 30.79 66.61 406.22 0.78
21 58 30.99 66.94 407.43 0.78
21 59 31.19 67.27 408.50 0.77
22 00 31.39 67.59 409.57 0.77
22 01 31.58 67.92 410.64 0.77
22 02 31.78 68.24 411.71 0.77
22 03 31.98 68.57 412.78 0.77
22 04 32.18 68.89 413.97 0.76
22 05 32.38 69.21 415.18 0.76
22 06 32.58 69.53 416.38 0.76
22 07 32.78 69.85 417.59 0.76
22 08 32.98 70.17 418.79 0.76
22 09 33.17 70.49 419.76 0.75
22 10 33.37 70.81 420.70 0.75
22 11 33.57 71.12 421.64 0.75
22 12 33.77 71.44 422.58 0.75
22 13 33.97 71.76 423.52 0.75
22 14 34.17 72.07 424.57 0.74
22 15 34.37 72.38 425.65 0.74
22 16 34.57 72.69 426.72 0.74
22 17 34.77 73.01 427.79 0.74
22 18 34.97 73.32 428.87 0.74
22 19 35.17 73.63 429.83 0.73
22 20 35.37 73.94 430.77 0.73
22 21 35.56 74.24 431.71 0.73
22 22 35.76 74.55 432.65 0.73
22 23 35.96 74.86 433.59 0.73
22 24 36.16 75.16 434.42 0.72
22 25 36.36 75.47 435.23 0.72
22 26 36.56 75.77 436.03 0.72
22 27 36.76 76.07 436.84 0.72
22 28 36.96 76.37 437.65 0.72
22 29 37.16 76.67 438.56 0.71
22 30 37.36 76.97 439.50 0.71
22 31 37.56 77.27 440.45 0.71
22 32 37.76 77.57 441.39 0.71
22 33 37.96 77.87 442.33 0.71
22 34 38.16 78.16 443.16 0.70
22 35 38.36 78.46 443.97 0.70
22 36 38.56 78.75 444.78 0.70
22 37 38.76 79.04 445.58 0.70
22 38 38.96 79.34 446.39 0.70
22 39 39.16 79.63 447.09 0.70
22 40 39.36 79.92 447.77 0.69
22 41 39.56 80.21 448.44 0.69
22 42 39.76 80.50 449.11 0.69
22 43 39.96 80.78 449.79 0.69
22 44 40.16 81.07 450.56 0.69
22 45 40.36 81.35 451.37 0.68
22 46 40.56 81.64 452.18 0.68
22 47 40.76 81.92 452.99 0.68
22 48 40.96 82.20 453.80 0.68
22 49 41.16 82.49 454.50 0.68
22 50 41.36 82.77 455.17 0.67
22 51 41.56 83.05 455.84 0.67
22 52 41.76 83.32 456.52 0.67
22 53 41.96 83.60 457.19 0.67
22 54 42.16 83.88 457.86 0.67
22 55 42.36 84.15 458.54 0.67
22 56 42.56 84.43 459.21 0.66
22 57 42.76 84.70 459.88 0.66
22 58 42.96 84.97 460.56 0.66
22 59 43.16 85.24 461.23 0.66
23 00 43.36 85.51 461.90 0.66
23 01 43.56 85.78 462.57 0.65
23 02 43.76 86.05 463.25 0.65
23 03 43.96 86.32 463.92 0.65
23 04 44.16 86.59 464.49 0.65
23 05 44.35 86.85 465.03 0.65
23 06 44.55 87.11 465.56 0.65
23 07 44.75 87.38 466.10 0.64
23 08 44.95 87.64 466.64 0.64
23 09 45.15 87.90 467.28 0.64
23 10 45.35 88.16 467.95 0.64
23 11 45.55 88.42 468.62 0.64
23 12 45.75 88.68 469.30 0.63
23 13 45.95 88.93 469.97 0.63
23 14 46.15 89.19 470.54 0.63
23 15 46.35 89.45 471.07 0.63
23 16 46.55 89.70 471.61 0.63
23 17 46.75 89.95 472.15 0.63
23 18 46.95 90.20 472.68 0.62
23 19 47.15 90.45 473.22 0.62
23 20 47.35 90.70 473.76 0.62
23 21 47.55 90.95 474.29 0.62
23 22 47.74 91.20 474.83 0.62
23 23 47.94 91.45 475.37 0.62
23 24 48.14 91.69 475.90 0.61
23 25 48.34 91.94 476.44 0.61
23 26 48.54 92.18 476.97 0.61
23 27 48.74 92.42 477.51 0.61
23 28 48.94 92.66 478.04 0.61
23 29 49.14 92.90 478.49 0.61
23 30 49.33 93.14 478.89 0.60
23 31 49.53 93.38 479.29 0.60
23 32 49.73 93.61 479.69 0.60
23 33 49.93 93.85 480.09 0.60
23 34 50.13 94.08 480.58 0.60
23 35 50.32 94.32 481.11 0.60
23 36 50.52 94.55 481.64 0.59
23 37 50.72 94.78 482.18 0.59
23 38 50.92 95.01 482.71 0.59
23 39 51.12 95.24 483.16 0.59
23 40 51.31 95.47 483.56 0.59
23 41 51.51 95.70 483.96 0.59
23 42 51.71 95.92 484.36 0.59
23 43 51.91 96.15 484.76 0.58
23 44 52.10 96.37 485.16 0.58
23 45 52.30 96.59 485.56 0.58
23 46 52.50 96.81 485.95 0.58
23 47 52.69 97.03 486.35 0.58
23 48 52.89 97.25 486.75 0.58
23 49 53.09 97.47 487.15 0.57
23 50 53.28 97.69 487.54 0.57
23 51 53.48 97.91 487.94 0.57
23 52 53.68 98.12 488.34 0.57
23 53 53.87 98.33 488.73 0.57
23 54 54.07 98.55 489.13 0.57
23 55 54.26 98.76 489.52 0.57
23 56 54.46 98.97 489.92 0.56
23 57 54.66 99.18 490.31 0.56
23 58 54.85 99.39 490.71 0.56
23 59 55.05 99.59 491.10 0.56
00 00 55.24 99.80 491.50 0.56
00 01 55.44 100.00 491.89 0.56
00 02 55.63 100.21 492.29 0.56
00 03 55.83 100.41 492.68 0.55
00 04 56.02 100.61 493.06 0.55
00 05 56.21 100.81 493.32 0.55
00 06 56.41 101.01 493.58 0.55
00 07 56.60 101.21 493.84 0.55
00 08 56.79 101.41 494.10 0.55
00 09 56.99 101.60 494.36 0.55
00 10 57.18 101.80 494.75 0.54
00 11 57.37 101.99 495.14 0.54
00 12 57.57 102.19 495.52 0.54
00 13 57.76 102.38 495.91 0.54
00 14 57.95 102.57 496.30 0.54
00 15 58.14 102.76 496.59 0.54
00 16 58.34 102.95 496.85 0.54
00 17 58.53 103.13 497.11 0.54
00 18 58.72 103.32 497.37 0.53
00 19 58.91 103.50 497.62 0.53
00 20 59.10 103.69 497.95 0.53
00 21 59.29 103.87 498.33 0.53
00 22 59.48 104.05 498.72 0.53
00 23 59.67 104.23 499.10 0.53
00 24 59.86 104.41 499.49 0.53
00 25 60.05 104.59 499.84 0.53
00 26 60.24 104.77 500.09 0.52
00 27 60.43 104.94 500.34 0.52
00 28 60.62 105.12 500.60 0.52
00 29 60.81 105.29 500.85 0.52
00 30 60.99 105.46 501.11 0.52
00 31 61.18 105.64 501.36 0.52
00 32 61.37 105.81 501.61 0.52
00 33 61.56 105.98 501.86 0.52
00 34 61.74 106.14 502.11 0.52
00 35 61.93 106.31 502.36 0.51
00 36 62.11 106.48 502.61 0.51
00 37 62.30 106.64 502.86 0.51
00 38 62.48 106.81 503.11 0.51
00 39 62.67 106.97 503.36 0.51
00 40 62.85 107.13 503.61 0.51
00 41 63.04 107.29 503.86 0.51
00 42 63.22 107.45 504.11 0.51
00 43 63.40 107.61 504.35 0.51
00 44 63.59 107.77 504.60 0.50
00 45 63.77 107.92 504.84 0.50
00 46 63.95 108.08 505.09 0.50
00 47 64.13 108.23 505.24 0.50
00 48 64.31 108.38 505.37 0.50
00 49 64.49 108.54 505.49 0.50
00 50 64.67 108.69 505.61 0.50
00 51 64.85 108.84 505.73 0.50
00 52 65.03 108.98 505.87 0.50
00 53 65.21 109.13 506.11 0.49
00 54 65.39 109.28 506.35 0.49
00 55 65.56 109.42 506.59 0.49
00 56 65.74 109.57 506.82 0.49
00 57 65.91 109.71 507.06 0.49
00 58 66.09 109.85 507.30 0.49
00 59 66.26 109.99 507.53 0.49
01 00 66.44 110.13 507.77 0.49
01 01 66.61 110.27 508.00 0.49
01 02 66.78 110.41 508.23 0.49
01 03 66.96 110.55 508.46 0.49
01 04 67.13 110.68 508.61 0.48
01 05 67.30 110.82 508.72 0.48
01 06 67.47 110.95 508.84 0.48
01 07 67.64 111.08 508.95 0.48
01 08 67.80 111.21 509.06 0.48
01 09 67.97 111.34 509.18 0.48
01 10 68.14 111.47 509.38 0.48
01 11 68.30 111.60 509.61 0.48
01 12 68.47 111.73 509.83 0.48
01 13 68.63 111.85 510.05 0.48
01 14 68.80 111.98 510.27 0.48
01 15 68.96 112.10 510.49 0.47
01 16 69.12 112.22 510.62 0.47
01 17 69.28 112.34 510.73 0.47
01 18 69.44 112.46 510.84 0.47
01 19 69.60 112.58 510.95 0.47
01 20 69.76 112.70 511.05 0.47
01 21 69.91 112.82 511.16 0.47
01 22 70.07 112.94 511.26 0.47
01 23 70.22 113.05 511.37 0.47
01 24 70.37 113.16 511.47 0.47
01 25 70.53 113.28 511.57 0.47
01 26 70.68 113.39 511.67 0.47
01 27 70.83 113.50 511.77 0.47
01 28 70.97 113.61 511.87 0.46
01 29 71.12 113.72 512.05 0.46
01 30 71.27 113.83 512.25 0.46
01 31 71.41 113.93 512.44 0.46
01 32 71.55 114.04 512.64 0.46
01 33 71.70 114.14 512.83 0.46
01 34 71.84 114.25 513.02 0.46
01 35 71.97 114.35 513.20 0.46
01 36 72.11 114.45 513.31 0.46
01 37 72.25 114.55 513.40 0.46
01 38 72.38 114.65 513.49 0.46
01 39 72.51 114.75 513.58 0.46
01 40 72.64 114.85 513.67 0.46
01 41 72.77 114.95 513.76 0.46
01 42 72.90 115.04 513.84 0.45
01 43 73.03 115.14 513.93 0.45
01 44 73.15 115.23 514.01 0.45
01 45 73.27 115.32 514.09 0.45
01 46 73.39 115.41 514.17 0.45
01 47 73.51 115.51 514.25 0.45
01 48 73.62 115.59 514.33 0.45
01 49 73.74 115.68 514.41 0.45
01 50 73.85 115.77 514.48 0.45
01 51 73.96 115.86 514.56 0.45
01 52 74.07 115.94 514.63 0.45
01 53 74.17 116.03 514.70 0.45
01 54 74.28 116.11 514.77 0.45
01 55 74.38 116.20 514.84 0.45
01 56 74.48 116.28 514.91 0.45
01 57 74.57 116.36 514.97 0.45
01 58 74.67 116.44 515.03 0.45
01 59 74.76 116.52 515.10 0.44
02 00 74.85 116.59 515.16 0.44
02 01 74.93 116.67 515.21 0.44
02 02 75.02 116.75 515.27 0.44
02 03 75.10 116.82 515.32 0.44
02 04 75.18 116.90 515.38 0.44
02 05 75.25 116.97 515.43 0.44
02 06 75.32 117.04 515.48 0.44
02 07 75.39 117.11 515.52 0.44
02 08 75.46 117.18 515.57 0.44
02 09 75.53 117.25 515.61 0.44
02 10 75.59 117.32 515.65 0.44
02 11 75.65 117.39 515.69 0.44
02 12 75.70 117.46 515.73 0.44
02 13 75.75 117.52 515.77 0.44
02 14 75.80 117.59 515.80 0.44
02 15 75.85 117.65 515.83 0.44
02 16 75.89 117.72 515.86 0.44
02 17 75.93 117.78 515.89 0.44
02 18 75.97 117.84 515.91 0.44
02 19 76.00 117.90 515.93 0.44
02 20 76.03 117.96 515.95 0.44
02 21 76.06 118.02 515.97 0.43
02 22 76.08 118.08 515.99 0.43
02 23 76.10 118.13 516.00 0.43
02 24 76.12 118.19 516.01 0.43
02 25 76.13 118.24 516.02 0.43
02 26 76.14 118.30 516.03 0.43
02 27 76.15 118.35 516.03 0.43
02 28 76.15 118.41 516.04 0.43
02 29 76.15 118.46 516.04 0.43
02 30 76.15 118.51 516.03 0.43
02 31 76.14 118.56 516.03 0.43
02 32 76.13 118.61 516.02 0.43
02 33 76.12 118.66 516.01 0.43
02 34 76.11 118.70 516.00 0.43
02 35 76.09 118.75 515.99 0.43
02 36 76.06 118.80 515.97 0.43
02 37 76.04 118.84 515.96 0.43
02 38 76.01 118.89 515.94 0.43
02 39 75.97 118.93 515.91 0.43
02 40 75.94 118.97 515.89 0.43
02 41 75.90 119.01 515.86 0.43
02 42 75.86 119.06 515.83 0.43
02 43 75.81 119.10 515.80 0.43
02 44 75.76 119.14 515.77 0.43
02 45 75.71 119.17 515.74 0.43
02 46 75.65 119.21 515.70 0.43
02 47 75.60 119.25 515.66 0.43
02 48 75.53 119.29 515.62 0.43
02 49 75.47 119.32 515.58 0.43
02 50 75.40 119.36 515.53 0.43
02 51 75.33 119.39 515.48 0.43
02 52 75.26 119.42 515.44 0.43
02 53 75.19 119.46 515.38 0.43
02 54 75.11 119.49 515.33 0.43
02 55 75.03 119.52 515.28 0.43
02 56 74.94 119.55 515.22 0.42
02 57 74.86 119.58 515.16 0.42
02 58 74.77 119.61 515.10 0.42
02 59 74.68 119.64 515.04 0.42
03 00 74.59 119.66 514.98 0.42
03 01 74.49 119.69 514.91 0.42
03 02 74.39 119.72 514.85 0.42
03 03 74.29 119.74 514.78 0.42
03 04 74.19 119.77 514.71 0.42
03 05 74.08 119.79 514.64 0.42
03 06 73.98 119.81 514.57 0.42
03 07 73.87 119.84 514.49 0.42
03 08 73.75 119.86 514.42 0.42
03 09 73.64 119.88 514.34 0.42
03 10 73.53 119.90 514.27 0.42
03 11 73.41 119.92 514.19 0.42
03 12 73.29 119.94 514.11 0.42
03 13 73.17 119.96 514.02 0.42
03 14 73.04 119.98 513.94 0.42
03 15 72.92 119.99 513.86 0.42
03 16 72.79 120.01 513.77 0.42
03 17 72.66 120.03 513.68 0.42
03 18 72.53 120.04 513.60 0.42
03 19 72.40 120.06 513.51 0.42
03 20 72.27 120.07 513.42 0.42
03 21 72.13 120.08 513.33 0.42
03 22 71.99 120.10 513.23 0.42
03 23 71.86 120.11 513.04 0.42
03 24 71.72 120.12 512.85 0.42
03 25 71.57 120.13 512.66 0.42
03 26 71.43 120.14 512.47 0.42
03 27 71.29 120.15 512.28 0.42
03 28 71.14 120.16 512.08 0.42
03 29 71.00 120.17 511.89 0.42
03 30 70.85 120.18 511.79 0.42
03 31 70.70 120.19 511.69 0.42
03 32 70.55 120.19 511.59 0.42
03 33 70.40 120.20 511.48 0.42
03 34 70.24 120.21 511.38 0.42
03 35 70.09 120.21 511.28 0.42
03 36 69.93 120.22 511.17 0.42
03 37 69.78 120.22 511.07 0.42
03 38 69.62 120.22 510.96 0.42
03 39 69.46 120.23 510.86 0.42
03 40 69.30 120.23 510.75 0.42
03 41 69.14 120.23 510.64 0.42
03 42 68.98 120.23 510.52 0.42
03 43 68.82 120.24 510.30 0.42
03 44 68.66 120.24 510.08 0.42
03 45 68.49 120.24 509.86 0.42
03 46 68.33 120.24 509.64 0.42
03 47 68.16 120.24 509.41 0.42
03 48 68.00 120.24 509.19 0.42
03 49 67.83 120.23 509.08 0.42
03 50 67.66 120.23 508.97 0.42
03 51 67.49 120.23 508.85 0.42
03 52 67.32 120.23 508.74 0.42
03 53 67.15 120.22 508.62 0.42
03 54 66.98 120.22 508.50 0.42
03 55 66.81 120.21 508.26 0.42
03 56 66.64 120.21 508.03 0.42
03 57 66.46 120.20 507.80 0.42
03 58 66.29 120.20 507.56 0.42
03 59 66.11 120.19 507.33 0.42
04 00 65.94 120.19 507.09 0.42
04 01 65.76 120.18 506.86 0.42
04 02 65.59 120.17 506.62 0.42
04 03 65.41 120.17 506.38 0.42
04 04 65.23 120.16 506.14 0.42
04 05 65.05 120.15 505.90 0.42
04 06 64.88 120.14 505.75 0.42
04 07 64.70 120.13 505.62 0.42
04 08 64.52 120.12 505.50 0.42
04 09 64.34 120.11 505.38 0.42
04 10 64.16 120.10 505.26 0.42
04 11 63.98 120.09 505.12 0.42
04 12 63.79 120.08 504.88 0.42
04 13 63.61 120.07 504.63 0.42
04 14 63.43 120.06 504.39 0.42
04 15 63.25 120.05 504.14 0.42
04 16 63.06 120.03 503.89 0.42
04 17 62.88 120.02 503.65 0.42
04 18 62.70 120.01 503.40 0.42
04 19 62.51 120.00 503.15 0.42
04 20 62.33 119.98 502.90 0.42
04 21 62.14 119.97 502.65 0.42
04 22 61.95 119.96 502.40 0.42
04 23 61.77 119.94 502.15 0.42
04 24 61.58 119.93 501.90 0.42
04 25 61.39 119.91 501.65 0.42
04 26 61.21 119.90 501.39 0.42
04 27 61.02 119.88 501.14 0.42
04 28 60.83 119.87 500.89 0.42
04 29 60.64 119.85 500.63 0.42
