2022 04 22 17 00 -19.59 0.00 0.00
2022 04 22 17 01 -19.46 0.00 0.00
2022 04 22 17 02 -19.34 0.00 0.00
2022 04 22 17 03 -19.22 0.00 0.00
2022 04 22 17 04 -19.10 0.00 0.00
2022 04 22 17 05 -18.97 0.00 0.00
2022 04 22 17 06 -18.85 0.00 0.00
2022 04 22 17 07 -18.72 0.00 0.00
2022 04 22 17 08 -18.60 0.00 0.00
2022 04 22 17 09 -18.47 0.00 0.00
2022 04 22 17 10 -18.34 0.00 0.00
2022 04 22 17 11 -18.22 0.00 0.00
2022 04 22 17 12 -18.09 0.00 0.00
2022 04 22 17 13 -17.96 0.00 0.00
2022 04 22 17 14 -17.83 0.00 0.00
2022 04 22 17 15 -17.70 0.00 0.00
2022 04 22 17 16 -17.57 0.00 0.00
2022 04 22 17 17 -17.44 0.00 0.00
2022 04 22 17 18 -17.31 0.00 0.00
2022 04 22 17 19 -17.18 0.00 0.00
2022 04 22 17 20 -17.05 0.00 0.00
2022 04 22 17 21 -16.92 0.00 0.00
2022 04 22 17 22 -16.78 0.00 0.00
2022 04 22 17 23 -16.65 0.00 0.00
2022 04 22 17 24 -16.52 0.00 0.00
2022 04 22 17 25 -16.38 0.00 0.00
2022 04 22 17 26 -16.25 0.00 0.00
2022 04 22 17 27 -16.11 0.00 0.00
2022 04 22 17 28 -15.98 0.00 0.00
2022 04 22 17 29 -15.84 0.00 0.00
2022 04 22 17 30 -15.70 0.00 0.00
2022 04 22 17 31 -15.57 0.00 0.00
2022 04 22 17 32 -15.43 0.00 0.00
2022 04 22 17 33 -15.29 0.00 0.00
2022 04 22 17 34 -15.15 0.00 0.00
2022 04 22 17 35 -15.01 0.00 0.00
2022 04 22 17 36 -14.87 0.00 0.00
2022 04 22 17 37 -14.73 0.00 0.00
2022 04 22 17 38 -14.59 0.00 0.00
2022 04 22 17 39 -14.45 0.00 0.00
2022 04 22 17 40 -14.31 0.00 0.00
2022 04 22 17 41 -14.17 0.00 0.00
2022 04 22 17 42 -14.02 0.00 0.00
2022 04 22 17 43 -13.88 0.00 0.00
2022 04 22 17 44 -13.74 0.00 0.00
2022 04 22 17 45 -13.59 0.00 0.00
2022 04 22 17 46 -13.45 0.00 0.00
2022 04 22 17 47 -13.30 0.00 0.00
2022 04 22 17 48 -13.16 0.00 0.00
2022 04 22 17 49 -13.01 0.00 0.00
2022 04 22 17 50 -12.87 0.00 0.00
2022 04 22 17 51 -12.72 0.00 0.00
2022 04 22 17 52 -12.57 0.00 0.00
2022 04 22 17 53 -12.43 0.00 0.00
2022 04 22 17 54 -12.28 0.00 0.00
2022 04 22 17 55 -12.13 0.00 0.00
2022 04 22 17 56 -11.98 0.00 0.00
2022 04 22 17 57 -11.83 0.00 0.00
2022 04 22 17 58 -11.68 0.00 0.00
2022 04 22 17 59 -11.53 0.00 0.00
2022 04 22 18 00 -11.38 0.00 0.00
2022 04 22 18 01 -11.23 0.00 0.00
2022 04 22 18 02 -11.08 0.00 0.00
2022 04 22 18 03 -10.93 0.00 0.00
2022 04 22 18 04 -10.78 0.00 0.00
2022 04 22 18 05 -10.62 0.00 0.00
2022 04 22 18 06 -10.47 0.00 0.00
2022 04 22 18 07 -10.32 0.00 0.00
2022 04 22 18 08 -10.16 0.00 0.00
2022 04 22 18 09 -10.01 0.00 0.00
2022 04 22 18 10 -9.86 0.00 0.00
2022 04 22 18 11 -9.70 0.00 0.00
2022 04 22 18 12 -9.55 0.00 0.00
2022 04 22 18 13 -9.39 0.00 0.00
2022 04 22 18 14 -9.23 0.00 0.00
2022 04 22 18 15 -9.08 0.00 0.00
2022 04 22 18 16 -8.92 0.00 0.00
2022 04 22 18 17 -8.76 0.00 0.00
2022 04 22 18 18 -8.61 0.00 0.00
2022 04 22 18 19 -8.45 0.00 0.00
2022 04 22 18 20 -8.29 0.00 0.00
2022 04 22 18 21 -8.13 0.00 0.00
2022 04 22 18 22 -7.97 0.00 0.00
2022 04 22 18 23 -7.82 0.00 0.00
2022 04 22 18 24 -7.66 0.00 0.00
2022 04 22 18 25 -7.50 0.00 0.00
2022 04 22 18 26 -7.34 0.00 0.00
2022 04 22 18 27 -7.18 0.00 0.00
2022 04 22 18 28 -7.01 0.00 0.00
2022 04 22 18 29 -6.85 0.00 0.00
2022 04 22 18 30 -6.69 0.00 0.00
2022 04 22 18 31 -6.53 0.00 0.00
2022 04 22 18 32 -6.37 0.00 0.00
2022 04 22 18 33 -6.20 0.00 0.00
2022 04 22 18 34 -6.04 0.00 0.00
2022 04 22 18 35 -5.88 0.00 0.00
2022 04 22 18 36 -5.72 0.00 0.00
2022 04 22 18 37 -5.55 0.00 0.00
2022 04 22 18 38 -5.39 0.00 0.00
2022 04 22 18 39 -5.22 0.00 0.00
2022 04 22 18 40 -5.06 0.00 0.00
2022 04 22 18 41 -4.89 0.00 0.00
2022 04 22 18 42 -4.73 0.00 0.00
2022 04 22 18 43 -4.56 0.00 0.00
2022 04 22 18 44 -4.40 0.00 0.00
2022 04 22 18 45 -4.23 0.00 0.00
2022 04 22 18 46 -4.06 0.00 0.00
2022 04 22 18 47 -3.89 0.00 0.00
2022 04 22 18 48 -3.73 0.00 0.00
2022 04 22 18 49 -3.56 0.00 0.00
2022 04 22 18 50 -3.39 0.00 0.00
2022 04 22 18 51 -3.22 0.00 0.00
2022 04 22 18 52 -3.06 0.00 0.00
2022 04 22 18 53 -2.89 0.00 0.00
2022 04 22 18 54 -2.72 0.00 0.00
2022 04 22 18 55 -2.55 0.00 0.00
2022 04 22 18 56 -2.38 0.00 0.00
2022 04 22 18 57 -2.21 0.00 0.00
2022 04 22 18 58 -2.04 0.00 0.00
2022 04 22 18 59 -1.87 0.00 0.00
2022 04 22 19 00 -1.70 0.00 0.00
2022 04 22 19 01 -1.53 0.00 0.00
2022 04 22 19 02 -1.35 0.00 0.00
2022 04 22 19 03 -1.18 0.00 0.00
2022 04 22 19 04 -1.01 0.00 0.00
2022 04 22 19 05 -0.84 0.00 0.00
2022 04 22 19 06 -0.67 0.00 0.00
2022 04 22 19 07 -0.49 0.00 0.00
2022 04 22 19 08 -0.32 0.00 0.00
2022 04 22 19 09 -0.15 0.00 0.00
2022 04 22 19 10 0.03 0.00 0.00
2022 04 22 19 11 0.20 0.00 0.00
2022 04 22 19 12 0.37 0.00 0.00
2022 04 22 19 13 0.55 0.00 0.00
2022 04 22 19 14 0.72 0.00 0.00
2022 04 22 19 15 0.90 0.00 0.00
2022 04 22 19 16 1.07 0.00 0.00
2022 04 22 19 17 1.25 0.00 0.00
2022 04 22 19 18 1.42 0.00 0.00
2022 04 22 19 19 1.60 0.00 0.00
2022 04 22 19 20 1.78 0.00 0.00
2022 04 22 19 21 1.95 0.00 0.00
2022 04 22 19 22 2.13 0.00 0.00
2022 04 22 19 23 2.31 0.00 0.00
2022 04 22 19 24 2.48 0.00 0.00
2022 04 22 19 25 2.66 0.00 0.00
2022 04 22 19 26 2.84 0.00 0.00
2022 04 22 19 27 3.02 0.00 0.00
2022 04 22 19 28 3.19 0.00 0.00
2022 04 22 19 29 3.37 0.00 0.00
2022 04 22 19 30 3.55 0.00 0.00
2022 04 22 19 31 3.73 0.00 0.00
2022 04 22 19 32 3.91 0.00 0.00
2022 04 22 19 33 4.09 0.00 0.00
2022 04 22 19 34 4.27 0.00 0.00
2022 04 22 19 35 4.45 0.00 0.00
2022 04 22 19 36 4.63 0.00 0.00
2022 04 22 19 37 4.81 0.00 0.00
2022 04 22 19 38 4.99 0.00 0.00
2022 04 22 19 39 5.17 0.00 0.00
2022 04 22 19 40 5.35 0.00 0.00
2022 04 22 19 41 5.53 0.00 0.00
2022 04 22 19 42 5.71 0.00 0.00
2022 04 22 19 43 5.89 0.00 0.00
2022 04 22 19 44 6.07 0.00 0.00
2022 04 22 19 45 6.25 0.00 0.00
2022 04 22 19 46 6.44 0.00 0.00
2022 04 22 19 47 6.62 0.00 0.00
2022 04 22 19 48 6.80 0.00 0.00
2022 04 22 19 49 6.98 0.00 0.00
2022 04 22 19 50 7.17 0.00 0.00
2022 04 22 19 51 7.35 0.00 0.00
2022 04 22 19 52 7.53 0.00 0.00
2022 04 22 19 53 7.71 0.00 0.00
2022 04 22 19 54 7.90 0.00 0.00
2022 04 22 19 55 8.08 0.00 0.00
2022 04 22 19 56 8.27 0.00 0.00
2022 04 22 19 57 8.45 0.00 0.00
2022 04 22 19 58 8.63 0.00 0.00
2022 04 22 19 59 8.82 0.00 0.00
2022 04 22 20 00 9.00 0.00 0.00
2022 04 22 20 01 9.19 0.00 0.00
2022 04 22 20 02 9.37 0.00 0.00
2022 04 22 20 03 9.56 0.00 0.00
2022 04 22 20 04 9.74 0.00 0.00
2022 04 22 20 05 9.93 0.00 0.00
2022 04 22 20 06 10.11 27.91 0.00
2022 04 22 20 07 10.30 28.29 0.00
2022 04 22 20 08 10.49 28.67 0.00
2022 04 22 20 09 10.67 29.05 0.00
2022 04 22 20 10 10.86 29.43 0.00
2022 04 22 20 11 11.05 29.81 0.00
2022 04 22 20 12 11.23 30.19 0.00
2022 04 22 20 13 11.42 30.57 0.00
2022 04 22 20 14 11.61 30.95 0.00
2022 04 22 20 15 11.79 31.33 0.00
2022 04 22 20 16 11.98 31.71 0.00
2022 04 22 20 17 12.17 32.09 0.00
2022 04 22 20 18 12.36 32.47 0.00
2022 04 22 20 19 12.55 32.85 0.00
2022 04 22 20 20 12.73 33.23 0.00
2022 04 22 20 21 12.92 33.61 0.00
2022 04 22 20 22 13.11 33.99 0.00
2022 04 22 20 23 13.30 34.37 0.00
2022 04 22 20 24 13.49 34.75 0.00
2022 04 22 20 25 13.68 35.13 0.00
2022 04 22 20 26 13.87 35.50 0.00
2022 04 22 20 27 14.05 35.88 0.00
2022 04 22 20 28 14.24 36.26 0.00
2022 04 22 20 29 14.43 36.64 0.00
2022 04 22 20 30 14.62 37.02 0.00
2022 04 22 20 31 14.81 37.39 0.00
2022 04 22 20 32 15.00 37.77 0.00
2022 04 22 20 33 15.19 38.15 0.00
2022 04 22 20 34 15.38 38.52 0.00
2022 04 22 20 35 15.57 38.90 0.00
2022 04 22 20 36 15.76 39.27 0.00
2022 04 22 20 37 15.96 39.65 0.00
2022 04 22 20 38 16.15 40.02 0.00
2022 04 22 20 39 16.34 40.40 0.00
2022 04 22 20 40 16.53 40.77 0.00
2022 04 22 20 41 16.72 41.15 0.00
2022 04 22 20 42 16.91 41.52 0.00
2022 04 22 20 43 17.10 41.89 0.00
2022 04 22 20 44 17.29 42.27 0.00
2022 04 22 20 45 17.49 42.64 0.00
2022 04 22 20 46 17.68 43.01 0.00
2022 04 22 20 47 17.87 43.38 0.00
2022 04 22 20 48 18.06 43.75 0.00
2022 04 22 20 49 18.25 44.12 0.00
2022 04 22 20 50 18.45 44.49 0.00
2022 04 22 20 51 18.64 44.86 0.00
2022 04 22 20 52 18.83 45.23 0.00
2022 04 22 20 53 19.02 45.60 0.00
2022 04 22 20 54 19.22 45.97 0.00
2022 04 22 20 55 19.41 46.33 0.00
2022 04 22 20 56 19.60 46.70 0.00
2022 04 22 20 57 19.80 47.07 0.00
2022 04 22 20 58 19.99 47.43 0.00
2022 04 22 20 59 20.18 47.80 0.00
2022 04 22 21 00 20.38 48.16 0.00
2022 04 22 21 01 20.57 48.53 0.00
2022 04 22 21 02 20.76 48.89 0.00
2022 04 22 21 03 20.96 49.26 0.00
2022 04 22 21 04 21.15 49.62 0.00
2022 04 22 21 05 21.35 49.98 0.00
2022 04 22 21 06 21.54 50.34 0.00
2022 04 22 21 07 21.74 50.70 0.00
2022 04 22 21 08 21.93 51.06 0.00
2022 04 22 21 09 22.12 51.42 0.00
2022 04 22 21 10 22.32 51.78 0.00
2022 04 22 21 11 22.51 52.14 0.00
2022 04 22 21 12 22.71 52.50 0.00
2022 04 22 21 13 22.90 52.86 0.00
2022 04 22 21 14 23.10 53.21 0.00
2022 04 22 21 15 23.29 53.57 0.00
2022 04 22 21 16 23.49 53.92 0.00
2022 04 22 21 17 23.69 54.28 0.00
2022 04 22 21 18 23.88 54.63 0.00
2022 04 22 21 19 24.08 54.99 0.00
2022 04 22 21 20 24.27 55.34 0.00
2022 04 22 21 21 24.47 55.69 0.00
2022 04 22 21 22 24.66 56.04 0.00
2022 04 22 21 23 24.86 56.40 0.00
2022 04 22 21 24 25.06 56.75 0.00
2022 04 22 21 25 25.25 57.10 0.00
2022 04 22 21 26 25.45 57.44 0.00
2022 04 22 21 27 25.64 57.79 0.00
2022 04 22 21 28 25.84 58.14 0.00
2022 04 22 21 29 26.04 58.49 0.00
2022 04 22 21 30 26.23 58.83 0.00
2022 04 22 21 31 26.43 59.18 0.00
2022 04 22 21 32 26.63 59.52 0.00
2022 04 22 21 33 26.82 59.87 0.00
2022 04 22 21 34 27.02 60.21 0.00
2022 04 22 21 35 27.22 60.55 0.00
2022 04 22 21 36 27.42 60.89 0.00
2022 04 22 21 37 27.61 61.24 0.00
2022 04 22 21 38 27.81 61.58 0.00
2022 04 22 21 39 28.01 61.92 0.00
2022 04 22 21 40 28.20 62.25 0.00
2022 04 22 21 41 28.40 62.59 0.00
2022 04 22 21 42 28.60 62.93 0.00
2022 04 22 21 43 28.80 63.27 0.00
2022 04 22 21 44 29.00 63.60 0.00
2022 04 22 21 45 29.19 63.94 0.00
2022 04 22 21 46 29.39 64.27 0.00
2022 04 22 21 47 29.59 64.61 0.00
2022 04 22 21 48 29.79 64.94 0.00
2022 04 22 21 49 29.98 65.27 0.00
2022 04 22 21 50 30.18 65.60 0.00
2022 04 22 21 51 30.38 65.93 0.00
2022 04 22 21 52 30.58 66.26 0.00
2022 04 22 21 53 30.78 66.59 0.00
2022 04 22 21 54 30.98 66.92 0.00
2022 04 22 21 55 31.17 67.24 0.00
2022 04 22 21 56 31.37 67.57 0.00
2022 04 22 21 57 31.57 67.90 0.00
2022 04 22 21 58 31.77 68.22 0.00
2022 04 22 21 59 31.97 68.54 0.00
2022 04 22 22 00 32.17 68.87 32.04
2022 04 22 22 01 32.37 69.19 32.04
2022 04 22 22 02 32.56 69.51 32.05
2022 04 22 22 03 32.76 69.83 32.05
2022 04 22 22 04 32.96 70.15 32.05
2022 04 22 22 05 33.16 70.47 32.06
2022 04 22 22 06 33.36 70.79 32.06
2022 04 22 22 07 33.56 71.10 32.07
2022 04 22 22 08 33.76 71.42 32.07
2022 04 22 22 09 33.96 71.73 32.07
2022 04 22 22 10 34.16 72.05 32.08
2022 04 22 22 11 34.36 72.36 32.08
2022 04 22 22 12 34.55 72.67 32.08
2022 04 22 22 13 34.75 72.99 32.09
2022 04 22 22 14 34.95 73.30 32.09
2022 04 22 22 15 35.15 73.61 32.09
2022 04 22 22 16 35.35 73.91 32.09
2022 04 22 22 17 35.55 74.22 32.10
2022 04 22 22 18 35.75 74.53 32.10
2022 04 22 22 19 35.95 74.84 32.10
2022 04 22 22 20 36.15 75.14 32.10
2022 04 22 22 21 36.35 75.45 32.11
2022 04 22 22 22 36.55 75.75 32.11
2022 04 22 22 23 36.75 76.05 32.11
2022 04 22 22 24 36.95 76.35 32.11
2022 04 22 22 25 37.15 76.65 32.12
2022 04 22 22 26 37.35 76.95 32.12
2022 04 22 22 27 37.55 77.25 32.12
2022 04 22 22 28 37.75 77.55 32.12
2022 04 22 22 29 37.95 77.85 32.12
2022 04 22 22 30 38.15 78.14 32.13
2022 04 22 22 31 38.35 78.44 32.13
2022 04 22 22 32 38.55 78.73 32.13
2022 04 22 22 33 38.75 79.02 32.13
2022 04 22 22 34 38.95 79.32 32.13
2022 04 22 22 35 39.15 79.61 32.14
2022 04 22 22 36 39.35 79.90 32.14
2022 04 22 22 37 39.54 80.19 32.14
2022 04 22 22 38 39.74 80.48 32.14
2022 04 22 22 39 39.94 80.76 32.14
2022 04 22 22 40 40.14 81.05 32.14
2022 04 22 22 41 40.34 81.33 32.14
2022 04 22 22 42 40.54 81.62 32.15
2022 04 22 22 43 40.74 81.90 32.15
2022 04 22 22 44 40.94 82.18 32.15
2022 04 22 22 45 41.14 82.47 32.15
2022 04 22 22 46 41.34 82.75 32.15
2022 04 22 22 47 41.54 83.03 32.15
2022 04 22 22 48 41.74 83.30 32.15
2022 04 22 22 49 41.94 83.58 32.16
2022 04 22 22 50 42.14 83.86 32.16
2022 04 22 22 51 42.34 84.13 32.16
2022 04 22 22 52 42.54 84.41 32.16
2022 04 22 22 53 42.74 84.68 32.16
2022 04 22 22 54 42.94 84.95 32.16
2022 04 22 22 55 43.14 85.23 32.16
2022 04 22 22 56 43.34 85.50 32.16
2022 04 22 22 57 43.54 85.77 32.17
2022 04 22 22 58 43.74 86.03 32.17
2022 04 22 22 59 43.94 86.30 32.17
2022 04 22 23 00 44.14 86.57 32.17
2022 04 22 23 01 44.34 86.83 32.17
2022 04 22 23 02 44.54 87.10 32.17
2022 04 22 23 03 44.74 87.36 32.18
2022 04 22 23 04 44.94 87.62 32.18
2022 04 22 23 05 45.14 87.88 32.18
2022 04 22 23 06 45.34 88.14 32.18
2022 04 22 23 07 45.54 88.40 32.18
2022 04 22 23 08 45.74 88.66 32.19
2022 04 22 23 09 45.94 88.92 32.19
2022 04 22 23 10 46.14 89.17 32.19
2022 04 22 23 11 46.34 89.43 32.19
2022 04 22 23 12 46.54 89.68 32.19
2022 04 22 23 13 46.73 89.93 32.20
2022 04 22 23 14 46.93 90.19 32.20
2022 04 22 23 15 47.13 90.44 32.20
2022 04 22 23 16 47.33 90.69 32.21
2022 04 22 23 17 47.53 90.93 32.21
2022 04 22 23 18 47.73 91.18 32.21
2022 04 22 23 19 47.93 91.43 32.22
2022 04 22 23 20 48.13 91.67 32.22
2022 04 22 23 21 48.33 91.92 32.22
2022 04 22 23 22 48.53 92.16 32.23
2022 04 22 23 23 48.72 92.40 32.23
2022 04 22 23 24 48.92 92.64 32.23
2022 04 22 23 25 49.12 92.88 32.24
2022 04 22 23 26 49.32 93.12 32.24
2022 04 22 23 27 49.52 93.36 32.25
2022 04 22 23 28 49.72 93.60 32.25
2022 04 22 23 29 49.92 93.83 32.26
2022 04 22 23 30 50.11 94.07 32.26
2022 04 22 23 31 50.31 94.30 32.27
2022 04 22 23 32 50.51 94.53 32.28
2022 04 22 23 33 50.71 94.77 32.28
2022 04 22 23 34 50.91 95.00 32.29
2022 04 22 23 35 51.10 95.23 32.29
2022 04 22 23 36 51.30 95.45 32.30
2022 04 22 23 37 51.50 95.68 32.31
2022 04 22 23 38 51.70 95.91 32.32
2022 04 22 23 39 51.89 96.13 32.33
2022 04 22 23 40 52.09 96.35 32.33
2022 04 22 23 41 52.29 96.58 32.34
2022 04 22 23 42 52.48 96.80 32.35
2022 04 22 23 43 52.68 97.02 32.36
2022 04 22 23 44 52.88 97.24 32.37
2022 04 22 23 45 53.07 97.46 32.38
2022 04 22 23 46 53.27 97.67 32.39
2022 04 22 23 47 53.47 97.89 32.40
2022 04 22 23 48 53.66 98.11 32.42
2022 04 22 23 49 53.86 98.32 32.43
2022 04 22 23 50 54.06 98.53 32.44
2022 04 22 23 51 54.25 98.74 32.45
2022 04 22 23 52 54.45 98.95 32.47
2022 04 22 23 53 54.64 99.16 32.48
2022 04 22 23 54 54.84 99.37 32.50
2022 04 22 23 55 55.03 99.58 32.51
2022 04 22 23 56 55.23 99.79 32.53
2022 04 22 23 57 55.42 99.99 32.54
2022 04 22 23 58 55.62 100.19 32.56
2022 04 22 23 59 55.81 100.40 32.58
2022 04 23 00 00 56.01 100.60 32.60
2022 04 23 00 01 56.20 100.80 32.62
2022 04 23 00 02 56.39 101.00 32.64
2022 04 23 00 03 56.59 101.20 32.66
2022 04 23 00 04 56.78 101.39 32.68
2022 04 23 00 05 56.97 101.59 32.70
2022 04 23 00 06 57.17 101.79 32.72
2022 04 23 00 07 57.36 101.98 32.75
2022 04 23 00 08 57.55 102.17 32.77
2022 04 23 00 09 57.75 102.36 32.80
2022 04 23 00 10 57.94 102.55 32.83
2022 04 23 00 11 58.13 102.74 32.85
2022 04 23 00 12 58.32 102.93 32.88
2022 04 23 00 13 58.51 103.12 32.91
2022 04 23 00 14 58.71 103.31 32.94
2022 04 23 00 15 58.90 103.49 32.98
2022 04 23 00 16 59.09 103.67 33.01
2022 04 23 00 17 59.28 103.86 33.04
2022 04 23 00 18 59.47 104.04 33.08
2022 04 23 00 19 59.66 104.22 33.11
2022 04 23 00 20 59.85 104.40 33.15
2022 04 23 00 21 60.04 104.58 33.19
2022 04 23 00 22 60.23 104.75 33.23
2022 04 23 00 23 60.42 104.93 33.27
2022 04 23 00 24 60.60 105.11 33.32
2022 04 23 00 25 60.79 105.28 33.36
2022 04 23 00 26 60.98 105.45 33.41
2022 04 23 00 27 61.17 105.62 33.46
2022 04 23 00 28 61.36 105.79 33.51
2022 04 23 00 29 61.54 105.96 33.56
2022 04 23 00 30 61.73 106.13 33.61
2022 04 23 00 31 61.92 106.30 33.66
2022 04 23 00 32 62.10 106.47 33.72
2022 04 23 00 33 62.29 106.63 33.78
2022 04 23 00 34 62.47 106.80 33.84
2022 04 23 00 35 62.66 106.96 33.90
2022 04 23 00 36 62.84 107.12 33.97
2022 04 23 00 37 63.02 107.28 34.03
2022 04 23 00 38 63.21 107.44 34.10
2022 04 23 00 39 63.39 107.60 34.17
2022 04 23 00 40 63.57 107.76 34.25
2022 04 23 00 41 63.76 107.91 34.32
2022 04 23 00 42 63.94 108.07 34.40
2022 04 23 00 43 64.12 108.22 34.48
2022 04 23 00 44 64.30 108.37 34.56
2022 04 23 00 45 64.48 108.53 34.65
2022 04 23 00 46 64.66 108.68 34.74
2022 04 23 00 47 64.84 108.83 34.83
2022 04 23 00 48 65.02 108.97 34.92
2022 04 23 00 49 65.20 109.12 35.02
2022 04 23 00 50 65.37 109.27 35.12
2022 04 23 00 51 65.55 109.41 35.22
2022 04 23 00 52 65.73 109.56 35.33
2022 04 23 00 53 65.90 109.70 35.44
2022 04 23 00 54 66.08 109.84 35.55
2022 04 23 00 55 66.25 109.98 35.67
2022 04 23 00 56 66.43 110.12 35.79
2022 04 23 00 57 66.60 110.26 35.91
2022 04 23 00 58 66.77 110.40 36.04
2022 04 23 00 59 66.94 110.54 36.17
2022 04 23 01 00 67.12 110.67 36.31
2022 04 23 01 01 67.29 110.81 36.45
2022 04 23 01 02 67.46 110.94 36.59
2022 04 23 01 03 67.62 111.07 36.74
2022 04 23 01 04 67.79 111.20 36.89
2022 04 23 01 05 67.96 111.33 37.05
2022 04 23 01 06 68.13 111.46 37.21
2022 04 23 01 07 68.29 111.59 37.38
2022 04 23 01 08 68.46 111.72 37.55
2022 04 23 01 09 68.62 111.84 37.72
2022 04 23 01 10 68.79 111.97 37.90
2022 04 23 01 11 68.95 112.09 38.09
2022 04 23 01 12 69.11 112.21 38.28
2022 04 23 01 13 69.27 112.34 38.48
2022 04 23 01 14 69.43 112.46 38.68
2022 04 23 01 15 69.59 112.58 38.89
2022 04 23 01 16 69.74 112.69 39.11
2022 04 23 01 17 69.90 112.81 39.33
2022 04 23 01 18 70.06 112.93 39.56
2022 04 23 01 19 70.21 113.04 39.79
2022 04 23 01 20 70.36 113.16 40.03
2022 04 23 01 21 70.52 113.27 40.28
2022 04 23 01 22 70.67 113.38 40.53
2022 04 23 01 23 70.82 113.49 40.79
2022 04 23 01 24 70.96 113.60 41.06
2022 04 23 01 25 71.11 113.71 41.33
2022 04 23 01 26 71.26 113.82 41.62
2022 04 23 01 27 71.40 113.93 41.91
2022 04 23 01 28 71.54 114.03 42.20
2022 04 23 01 29 71.69 114.14 42.51
2022 04 23 01 30 71.83 114.24 42.82
2022 04 23 01 31 71.96 114.34 43.14
2022 04 23 01 32 72.10 114.45 43.47
2022 04 23 01 33 72.24 114.55 43.81
2022 04 23 01 34 72.37 114.65 44.15
2022 04 23 01 35 72.50 114.75 44.51
2022 04 23 01 36 72.63 114.84 44.87
2022 04 23 01 37 72.76 114.94 45.24
2022 04 23 01 38 72.89 115.04 45.62
2022 04 23 01 39 73.02 115.13 46.01
2022 04 23 01 40 73.14 115.22 46.41
2022 04 23 01 41 73.26 115.32 46.82
2022 04 23 01 42 73.38 115.41 47.23
2022 04 23 01 43 73.50 115.50 47.66
2022 04 23 01 44 73.62 115.59 48.09
2022 04 23 01 45 73.73 115.68 48.54
2022 04 23 01 46 73.84 115.77 48.99
2022 04 23 01 47 73.95 115.85 49.46
2022 04 23 01 48 74.06 115.94 49.93
2022 04 23 01 49 74.17 116.02 50.41
2022 04 23 01 50 74.27 116.11 50.91
2022 04 23 01 51 74.37 116.19 51.41
2022 04 23 01 52 74.47 116.27 51.92
2022 04 23 01 53 74.57 116.35 52.44
2022 04 23 01 54 74.66 116.43 52.98
2022 04 23 01 55 74.75 116.51 53.52
2022 04 23 01 56 74.84 116.59 54.07
2022 04 23 01 57 74.93 116.67 54.63
2022 04 23 01 58 75.01 116.74 55.20
2022 04 23 01 59 75.09 116.82 55.78
2022 04 23 02 00 75.17 116.89 56.37
2022 04 23 02 01 75.25 116.97 56.97
2022 04 23 02 02 75.32 117.04 57.57
2022 04 23 02 03 75.39 117.11 58.19
2022 04 23 02 04 75.46 117.18 58.81
2022 04 23 02 05 75.52 117.25 59.44
2022 04 23 02 06 75.58 117.32 60.08
2022 04 23 02 07 75.64 117.39 60.73
2022 04 23 02 08 75.70 117.45 61.39
2022 04 23 02 09 75.75 117.52 62.05
2022 04 23 02 10 75.80 117.58 62.72
2022 04 23 02 11 75.85 117.65 63.40
2022 04 23 02 12 75.89 117.71 64.08
2022 04 23 02 13 75.93 117.77 64.77
2022 04 23 02 14 75.97 117.84 65.47
2022 04 23 02 15 76.00 117.90 66.17
2022 04 23 02 16 76.03 117.96 66.88
2022 04 23 02 17 76.06 118.01 67.59
2022 04 23 02 18 76.08 118.07 68.31
2022 04 23 02 19 76.10 118.13 69.03
2022 04 23 02 20 76.12 118.19 69.75
2022 04 23 02 21 76.13 118.24 70.48
2022 04 23 02 22 76.14 118.30 71.21
2022 04 23 02 23 76.15 118.35 71.94
2022 04 23 02 24 76.15 118.40 72.68
2022 04 23 02 25 76.15 118.45 73.41
2022 04 23 02 26 76.15 118.50 74.15
2022 04 23 02 27 76.15 118.56 74.88
2022 04 23 02 28 76.14 118.60 75.62
2022 04 23 02 29 76.12 118.65 76.36
2022 04 23 02 30 76.11 118.70 77.10
2022 04 23 02 31 76.09 118.75 77.83
2022 04 23 02 32 76.06 118.79 78.57
2022 04 23 02 33 76.04 118.84 79.30
2022 04 23 02 34 76.01 118.88 80.03
2022 04 23 02 35 75.98 118.93 80.76
2022 04 23 02 36 75.94 118.97 81.48
2022 04 23 02 37 75.90 119.01 82.20
2022 04 23 02 38 75.86 119.05 82.92
2022 04 23 02 39 75.81 119.09 83.63
2022 04 23 02 40 75.76 119.13 84.34
2022 04 23 02 41 75.71 119.17 85.04
2022 04 23 02 42 75.66 119.21 85.74
2022 04 23 02 43 75.60 119.25 86.43
2022 04 23 02 44 75.54 119.28 87.12
2022 04 23 02 45 75.48 119.32 87.80
2022 04 23 02 46 75.41 119.35 88.48
2022 04 23 02 47 75.34 119.39 89.14
2022 04 23 02 48 75.27 119.42 89.81
2022 04 23 02 49 75.19 119.45 90.46
2022 04 23 02 50 75.11 119.49 91.11
2022 04 23 02 51 75.03 119.52 91.75
2022 04 23 02 52 74.95 119.55 92.38
2022 04 23 02 53 74.86 119.58 93.01
2022 04 23 02 54 74.78 119.61 93.63
2022 04 23 02 55 74.69 119.63 94.24
2022 04 23 02 56 74.59 119.66 94.84
2022 04 23 02 57 74.50 119.69 95.43
2022 04 23 02 58 74.40 119.71 96.02
2022 04 23 02 59 74.30 119.74 96.60
2022 04 23 03 00 74.20 119.77 97.17
2022 04 23 03 01 74.09 119.79 97.73
2022 04 23 03 02 73.98 119.81 98.28
2022 04 23 03 03 73.87 119.84 98.83
2022 04 23 03 04 73.76 119.86 99.37
2022 04 23 03 05 73.65 119.88 99.90
2022 04 23 03 06 73.53 119.90 100.42
2022 04 23 03 07 73.42 119.92 100.93
2022 04 23 03 08 73.30 119.94 101.43
2022 04 23 03 09 73.17 119.96 101.93
2022 04 23 03 10 73.05 119.97 102.42
2022 04 23 03 11 72.93 119.99 102.90
2022 04 23 03 12 72.80 120.01 103.37
2022 04 23 03 13 72.67 120.02 103.84
2022 04 23 03 14 72.54 120.04 104.29
2022 04 23 03 15 72.41 120.06 104.74
2022 04 23 03 16 72.27 120.07 105.18
2022 04 23 03 17 72.14 120.08 105.61
2022 04 23 03 18 72.00 120.10 106.04
2022 04 23 03 19 71.86 120.11 106.45
2022 04 23 03 20 71.72 120.12 106.86
2022 04 23 03 21 71.58 120.13 107.26
2022 04 23 03 22 71.44 120.14 107.66
2022 04 23 03 23 71.30 120.15 108.04
2022 04 23 03 24 71.15 120.16 108.42
2022 04 23 03 25 71.01 120.17 108.80
2022 04 23 03 26 70.86 120.18 109.16
2022 04 23 03 27 70.71 120.19 109.52
2022 04 23 03 28 70.56 120.19 109.87
2022 04 23 03 29 70.41 120.20 110.22
2022 04 23 03 30 70.25 120.21 110.55
2022 04 23 03 31 70.10 120.21 110.88
2022 04 23 03 32 69.94 120.22 111.21
2022 04 23 03 33 69.79 120.22 111.52
2022 04 23 03 34 69.63 120.22 111.83
2022 04 23 03 35 69.47 120.23 112.14
2022 04 23 03 36 69.31 120.23 112.44
2022 04 23 03 37 69.15 120.23 112.73
2022 04 23 03 38 68.99 120.23 113.01
2022 04 23 03 39 68.83 120.24 113.29
2022 04 23 03 40 68.67 120.24 113.56
2022 04 23 03 41 68.50 120.24 113.83
2022 04 23 03 42 68.34 120.24 114.09
2022 04 23 03 43 68.17 120.24 114.34
2022 04 23 03 44 68.01 120.24 114.59
2022 04 23 03 45 67.84 120.23 114.83
2022 04 23 03 46 67.67 120.23 115.07
2022 04 23 03 47 67.50 120.23 115.29
2022 04 23 03 48 67.33 120.23 115.52
2022 04 23 03 49 67.16 120.22 115.74
2022 04 23 03 50 66.99 120.22 115.95
2022 04 23 03 51 66.82 120.21 116.15
2022 04 23 03 52 66.65 120.21 116.35
2022 04 23 03 53 66.47 120.20 116.54
2022 04 23 03 54 66.30 120.20 116.73
2022 04 23 03 55 66.13 120.19 116.91
2022 04 23 03 56 65.95 120.19 117.09
2022 04 23 03 57 65.78 120.18 117.26
2022 04 23 03 58 65.60 120.17 117.42
2022 04 23 03 59 65.42 120.17 117.58
2022 04 23 04 00 65.25 120.16 117.73
2022 04 23 04 01 65.07 120.15 117.87
2022 04 23 04 02 64.89 120.14 118.01
2022 04 23 04 03 64.71 120.13 118.14
2022 04 23 04 04 64.53 120.12 118.27
2022 04 23 04 05 64.35 120.11 118.38
2022 04 23 04 06 64.17 120.10 118.49
2022 04 23 04 07 63.99 120.09 118.60
2022 04 23 04 08 63.81 120.08 118.69
2022 04 23 04 09 63.62 120.07 118.78
2022 04 23 04 10 63.44 120.06 118.86
2022 04 23 04 11 63.26 120.05 118.94
2022 04 23 04 12 63.08 120.03 119.00
2022 04 23 04 13 62.89 120.02 119.06
2022 04 23 04 14 62.71 120.01 119.10
2022 04 23 04 15 62.52 120.00 119.14
2022 04 23 04 16 62.34 119.98 119.17
2022 04 23 04 17 62.15 119.97 119.19
2022 04 23 04 18 61.97 119.96 119.19
2022 04 23 04 19 61.78 119.94 119.19
2022 04 23 04 20 61.59 119.93 119.17
2022 04 23 04 21 61.41 119.91 119.14
2022 04 23 04 22 61.22 119.90 119.10
2022 04 23 04 23 61.03 119.88 119.04
2022 04 23 04 24 60.85 119.87 118.97
2022 04 23 04 25 60.66 119.85 118.88
2022 04 23 04 26 60.47 119.84 118.78
2022 04 23 04 27 60.28 119.82 118.65
2022 04 23 04 28 60.09 119.80 118.51
2022 04 23 04 29 59.90 119.79 118.34
2022 04 23 04 30 59.71 0.00 0.00
2022 04 23 04 31 59.52 0.00 0.00
2022 04 23 04 32 59.33 0.00 0.00
2022 04 23 04 33 59.14 0.00 0.00
2022 04 23 04 34 58.95 0.00 0.00
2022 04 23 04 35 58.76 0.00 0.00
2022 04 23 04 36 58.57 0.00 0.00
2022 04 23 04 37 58.38 0.00 0.00
2022 04 23 04 38 58.18 0.00 0.00
2022 04 23 04 39 57.99 0.00 0.00
2022 04 23 04 40 57.80 0.00 0.00
2022 04 23 04 41 57.61 0.00 0.00
2022 04 23 04 42 57.41 0.00 0.00
2022 04 23 04 43 57.22 0.00 0.00
2022 04 23 04 44 57.03 0.00 0.00
2022 04 23 04 45 56.84 0.00 0.00
2022 04 23 04 46 56.64 0.00 0.00
2022 04 23 04 47 56.45 0.00 0.00
2022 04 23 04 48 56.25 0.00 0.00
2022 04 23 04 49 56.06 0.00 0.00
2022 04 23 04 50 55.87 0.00 0.00
2022 04 23 04 51 55.67 0.00 0.00
2022 04 23 04 52 55.48 0.00 0.00
2022 04 23 04 53 55.28 0.00 0.00
2022 04 23 04 54 55.09 0.00 0.00
2022 04 23 04 55 54.89 0.00 0.00
2022 04 23 04 56 54.70 0.00 0.00
2022 04 23 04 57 54.50 0.00 0.00
2022 04 23 04 58 54.31 0.00 0.00
2022 04 23 04 59 54.11 0.00 0.00
