2022 04 23 17 00 -19.10 0.00 0.00
2022 04 23 17 01 -18.98 0.00 0.00
2022 04 23 17 02 -18.86 0.00 0.00
2022 04 23 17 03 -18.73 0.00 0.00
2022 04 23 17 04 -18.61 0.00 0.00
2022 04 23 17 05 -18.48 0.00 0.00
2022 04 23 17 06 -18.35 0.00 0.00
2022 04 23 17 07 -18.23 0.00 0.00
2022 04 23 17 08 -18.10 0.00 0.00
2022 04 23 17 09 -17.97 0.00 0.00
2022 04 23 17 10 -17.84 0.00 0.00
2022 04 23 17 11 -17.71 0.00 0.00
2022 04 23 17 12 -17.58 0.00 0.00
2022 04 23 17 13 -17.45 0.00 0.00
2022 04 23 17 14 -17.32 0.00 0.00
2022 04 23 17 15 -17.19 0.00 0.00
2022 04 23 17 16 -17.06 0.00 0.00
2022 04 23 17 17 -16.93 0.00 0.00
2022 04 23 17 18 -16.79 0.00 0.00
2022 04 23 17 19 -16.66 0.00 0.00
2022 04 23 17 20 -16.53 0.00 0.00
2022 04 23 17 21 -16.39 0.00 0.00
2022 04 23 17 22 -16.26 0.00 0.00
2022 04 23 17 23 -16.12 0.00 0.00
2022 04 23 17 24 -15.99 0.00 0.00
2022 04 23 17 25 -15.85 0.00 0.00
2022 04 23 17 26 -15.71 0.00 0.00
2022 04 23 17 27 -15.57 0.00 0.00
2022 04 23 17 28 -15.44 0.00 0.00
2022 04 23 17 29 -15.30 0.00 0.00
2022 04 23 17 30 -15.16 0.00 0.00
2022 04 23 17 31 -15.02 0.00 0.00
2022 04 23 17 32 -14.88 0.00 0.00
2022 04 23 17 33 -14.74 0.00 0.00
2022 04 23 17 34 -14.60 0.00 0.00
2022 04 23 17 35 -14.46 0.00 0.00
2022 04 23 17 36 -14.32 0.00 0.00
2022 04 23 17 37 -14.18 0.00 0.00
2022 04 23 17 38 -14.03 0.00 0.00
2022 04 23 17 39 -13.89 0.00 0.00
2022 04 23 17 40 -13.75 0.00 0.00
2022 04 23 17 41 -13.60 0.00 0.00
2022 04 23 17 42 -13.46 0.00 0.00
2022 04 23 17 43 -13.31 0.00 0.00
2022 04 23 17 44 -13.17 0.00 0.00
2022 04 23 17 45 -13.02 0.00 0.00
2022 04 23 17 46 -12.88 0.00 0.00
2022 04 23 17 47 -12.73 0.00 0.00
2022 04 23 17 48 -12.58 0.00 0.00
2022 04 23 17 49 -12.44 0.00 0.00
2022 04 23 17 50 -12.29 0.00 0.00
2022 04 23 17 51 -12.14 0.00 0.00
2022 04 23 17 52 -11.99 0.00 0.00
2022 04 23 17 53 -11.84 0.00 0.00
2022 04 23 17 54 -11.69 0.00 0.00
2022 04 23 17 55 -11.54 0.00 0.00
2022 04 23 17 56 -11.39 0.00 0.00
2022 04 23 17 57 -11.24 0.00 0.00
2022 04 23 17 58 -11.09 0.00 0.00
2022 04 23 17 59 -10.94 0.00 0.00
2022 04 23 18 00 -10.79 0.00 0.00
2022 04 23 18 01 -10.63 0.00 0.00
2022 04 23 18 02 -10.48 0.00 0.00
2022 04 23 18 03 -10.33 0.00 0.00
2022 04 23 18 04 -10.17 0.00 0.00
2022 04 23 18 05 -10.02 0.00 0.00
2022 04 23 18 06 -9.87 0.00 0.00
2022 04 23 18 07 -9.71 0.00 0.00
2022 04 23 18 08 -9.56 0.00 0.00
2022 04 23 18 09 -9.40 0.00 0.00
2022 04 23 18 10 -9.25 0.00 0.00
2022 04 23 18 11 -9.09 0.00 0.00
2022 04 23 18 12 -8.93 0.00 0.00
2022 04 23 18 13 -8.78 0.00 0.00
2022 04 23 18 14 -8.62 0.00 0.00
2022 04 23 18 15 -8.46 0.00 0.00
2022 04 23 18 16 -8.30 0.00 0.00
2022 04 23 18 17 -8.14 0.00 0.00
2022 04 23 18 18 -7.99 0.00 0.00
2022 04 23 18 19 -7.83 0.00 0.00
2022 04 23 18 20 -7.67 0.00 0.00
2022 04 23 18 21 -7.51 0.00 0.00
2022 04 23 18 22 -7.35 0.00 0.00
2022 04 23 18 23 -7.19 0.00 0.00
2022 04 23 18 24 -7.03 0.00 0.00
2022 04 23 18 25 -6.86 0.00 0.00
2022 04 23 18 26 -6.70 0.00 0.00
2022 04 23 18 27 -6.54 0.00 0.00
2022 04 23 18 28 -6.38 0.00 0.00
2022 04 23 18 29 -6.22 0.00 0.00
2022 04 23 18 30 -6.05 0.00 0.00
2022 04 23 18 31 -5.89 0.00 0.00
2022 04 23 18 32 -5.73 0.00 0.00
2022 04 23 18 33 -5.56 0.00 0.00
2022 04 23 18 34 -5.40 0.00 0.00
2022 04 23 18 35 -5.23 0.00 0.00
2022 04 23 18 36 -5.07 0.00 0.00
2022 04 23 18 37 -4.90 0.00 0.00
2022 04 23 18 38 -4.74 0.00 0.00
2022 04 23 18 39 -4.57 0.00 0.00
2022 04 23 18 40 -4.41 0.00 0.00
2022 04 23 18 41 -4.24 0.00 0.00
2022 04 23 18 42 -4.07 0.00 0.00
2022 04 23 18 43 -3.91 0.00 0.00
2022 04 23 18 44 -3.74 0.00 0.00
2022 04 23 18 45 -3.57 0.00 0.00
2022 04 23 18 46 -3.40 0.00 0.00
2022 04 23 18 47 -3.24 0.00 0.00
2022 04 23 18 48 -3.07 0.00 0.00
2022 04 23 18 49 -2.90 0.00 0.00
2022 04 23 18 50 -2.73 0.00 0.00
2022 04 23 18 51 -2.56 0.00 0.00
2022 04 23 18 52 -2.39 0.00 0.00
2022 04 23 18 53 -2.22 0.00 0.00
2022 04 23 18 54 -2.05 0.00 0.00
2022 04 23 18 55 -1.88 0.00 0.00
2022 04 23 18 56 -1.71 0.00 0.00
2022 04 23 18 57 -1.54 0.00 0.00
2022 04 23 18 58 -1.37 0.00 0.00
2022 04 23 18 59 -1.19 0.00 0.00
2022 04 23 19 00 -1.02 0.00 0.00
2022 04 23 19 01 -0.85 0.00 0.00
2022 04 23 19 02 -0.68 0.00 0.00
2022 04 23 19 03 -0.50 0.00 0.00
2022 04 23 19 04 -0.33 0.00 0.00
2022 04 23 19 05 -0.16 0.00 0.00
2022 04 23 19 06 0.01 0.00 0.00
2022 04 23 19 07 0.19 0.00 0.00
2022 04 23 19 08 0.36 0.00 0.00
2022 04 23 19 09 0.54 0.00 0.00
2022 04 23 19 10 0.71 0.00 0.00
2022 04 23 19 11 0.89 0.00 0.00
2022 04 23 19 12 1.06 0.00 0.00
2022 04 23 19 13 1.24 0.00 0.00
2022 04 23 19 14 1.41 0.00 0.00
2022 04 23 19 15 1.59 0.00 0.00
2022 04 23 19 16 1.76 0.00 0.00
2022 04 23 19 17 1.94 0.00 0.00
2022 04 23 19 18 2.12 0.00 0.00
2022 04 23 19 19 2.29 0.00 0.00
2022 04 23 19 20 2.47 0.00 0.00
2022 04 23 19 21 2.65 0.00 0.00
2022 04 23 19 22 2.83 0.00 0.00
2022 04 23 19 23 3.00 0.00 0.00
2022 04 23 19 24 3.18 0.00 0.00
2022 04 23 19 25 3.36 0.00 0.00
2022 04 23 19 26 3.54 0.00 0.00
2022 04 23 19 27 3.72 0.00 0.00
2022 04 23 19 28 3.90 0.00 0.00
2022 04 23 19 29 4.07 0.00 0.00
2022 04 23 19 30 4.25 0.00 0.00
2022 04 23 19 31 4.43 0.00 0.00
2022 04 23 19 32 4.61 0.00 0.00
2022 04 23 19 33 4.79 0.00 0.00
2022 04 23 19 34 4.97 0.00 0.00
2022 04 23 19 35 5.15 0.00 0.00
2022 04 23 19 36 5.33 0.00 0.00
2022 04 23 19 37 5.52 0.00 0.00
2022 04 23 19 38 5.70 0.00 0.00
2022 04 23 19 39 5.88 0.00 0.00
2022 04 23 19 40 6.06 0.00 0.00
2022 04 23 19 41 6.24 0.00 0.00
2022 04 23 19 42 6.42 0.00 0.00
2022 04 23 19 43 6.60 0.00 0.00
2022 04 23 19 44 6.79 0.00 0.00
2022 04 23 19 45 6.97 0.00 0.00
2022 04 23 19 46 7.15 0.00 0.00
2022 04 23 19 47 7.34 0.00 0.00
2022 04 23 19 48 7.52 0.00 0.00
2022 04 23 19 49 7.70 0.00 0.00
2022 04 23 19 50 7.89 0.00 0.00
2022 04 23 19 51 8.07 0.00 0.00
2022 04 23 19 52 8.25 0.00 0.00
2022 04 23 19 53 8.44 0.00 0.00
2022 04 23 19 54 8.62 0.00 0.00
2022 04 23 19 55 8.81 0.00 0.00
2022 04 23 19 56 8.99 0.00 0.00
2022 04 23 19 57 9.18 0.00 0.00
2022 04 23 19 58 9.36 0.00 0.00
2022 04 23 19 59 9.55 0.00 0.00
2022 04 23 20 00 9.73 0.00 0.00
2022 04 23 20 01 9.92 0.00 0.00
2022 04 23 20 02 10.10 27.88 0.00
2022 04 23 20 03 10.29 28.26 0.00
2022 04 23 20 04 10.47 28.64 0.00
2022 04 23 20 05 10.66 29.02 0.00
2022 04 23 20 06 10.85 29.40 0.00
2022 04 23 20 07 11.03 29.78 0.00
2022 04 23 20 08 11.22 30.16 0.00
2022 04 23 20 09 11.41 30.54 0.00
2022 04 23 20 10 11.59 30.92 0.00
2022 04 23 20 11 11.78 31.31 0.00
2022 04 23 20 12 11.97 31.69 0.00
2022 04 23 20 13 12.16 32.07 0.00
2022 04 23 20 14 12.34 32.44 0.00
2022 04 23 20 15 12.53 32.82 0.00
2022 04 23 20 16 12.72 33.20 0.00
2022 04 23 20 17 12.91 33.58 0.00
2022 04 23 20 18 13.10 33.96 0.00
2022 04 23 20 19 13.29 34.34 0.00
2022 04 23 20 20 13.47 34.72 0.00
2022 04 23 20 21 13.66 35.10 0.00
2022 04 23 20 22 13.85 35.48 0.00
2022 04 23 20 23 14.04 35.86 0.00
2022 04 23 20 24 14.23 36.23 0.00
2022 04 23 20 25 14.42 36.61 0.00
2022 04 23 20 26 14.61 36.99 0.00
2022 04 23 20 27 14.80 37.37 0.00
2022 04 23 20 28 14.99 37.74 0.00
2022 04 23 20 29 15.18 38.12 0.00
2022 04 23 20 30 15.37 38.50 0.00
2022 04 23 20 31 15.56 38.87 0.00
2022 04 23 20 32 15.75 39.25 0.00
2022 04 23 20 33 15.94 39.62 0.00
2022 04 23 20 34 16.13 40.00 0.00
2022 04 23 20 35 16.32 40.37 0.00
2022 04 23 20 36 16.51 40.75 0.00
2022 04 23 20 37 16.71 41.12 0.00
2022 04 23 20 38 16.90 41.49 0.00
2022 04 23 20 39 17.09 41.87 0.00
2022 04 23 20 40 17.28 42.24 0.00
2022 04 23 20 41 17.47 42.61 0.00
2022 04 23 20 42 17.66 42.98 0.00
2022 04 23 20 43 17.86 43.36 0.00
2022 04 23 20 44 18.05 43.73 0.00
2022 04 23 20 45 18.24 44.10 0.00
2022 04 23 20 46 18.43 44.47 0.00
2022 04 23 20 47 18.63 44.84 0.00
2022 04 23 20 48 18.82 45.20 0.00
2022 04 23 20 49 19.01 45.57 0.00
2022 04 23 20 50 19.20 45.94 0.00
2022 04 23 20 51 19.40 46.31 0.00
2022 04 23 20 52 19.59 46.68 0.00
2022 04 23 20 53 19.78 47.04 0.00
2022 04 23 20 54 19.98 47.41 0.00
2022 04 23 20 55 20.17 47.77 0.00
2022 04 23 20 56 20.36 48.14 0.00
2022 04 23 20 57 20.56 48.50 0.00
2022 04 23 20 58 20.75 48.87 0.00
2022 04 23 20 59 20.95 49.23 0.00
2022 04 23 21 00 21.14 49.59 0.00
2022 04 23 21 01 21.33 49.96 0.00
2022 04 23 21 02 21.53 50.32 0.00
2022 04 23 21 03 21.72 50.68 0.00
2022 04 23 21 04 21.92 51.04 0.00
2022 04 23 21 05 22.11 51.40 0.00
2022 04 23 21 06 22.31 51.76 0.00
2022 04 23 21 07 22.50 52.12 0.00
2022 04 23 21 08 22.70 52.47 0.00
2022 04 23 21 09 22.89 52.83 0.00
2022 04 23 21 10 23.09 53.19 0.00
2022 04 23 21 11 23.28 53.54 0.00
2022 04 23 21 12 23.48 53.90 0.00
2022 04 23 21 13 23.67 54.26 0.00
2022 04 23 21 14 23.87 54.61 0.00
2022 04 23 21 15 24.06 54.96 0.00
2022 04 23 21 16 24.26 55.32 0.00
2022 04 23 21 17 24.45 55.67 0.00
2022 04 23 21 18 24.65 56.02 0.00
2022 04 23 21 19 24.85 56.37 0.00
2022 04 23 21 20 25.04 56.72 0.00
2022 04 23 21 21 25.24 57.07 0.00
2022 04 23 21 22 25.43 57.42 0.00
2022 04 23 21 23 25.63 57.77 0.00
2022 04 23 21 24 25.83 58.12 0.00
2022 04 23 21 25 26.02 58.46 0.00
2022 04 23 21 26 26.22 58.81 0.00
2022 04 23 21 27 26.42 59.15 0.00
2022 04 23 21 28 26.61 59.50 0.00
2022 04 23 21 29 26.81 59.84 0.00
2022 04 23 21 30 27.01 60.19 0.00
2022 04 23 21 31 27.20 60.53 0.00
2022 04 23 21 32 27.40 60.87 0.00
2022 04 23 21 33 27.60 61.21 0.00
2022 04 23 21 34 27.80 61.55 0.00
2022 04 23 21 35 27.99 61.89 0.00
2022 04 23 21 36 28.19 62.23 0.00
2022 04 23 21 37 28.39 62.57 0.00
2022 04 23 21 38 28.59 62.91 0.00
2022 04 23 21 39 28.78 63.24 0.00
2022 04 23 21 40 28.98 63.58 0.00
2022 04 23 21 41 29.18 63.91 0.00
2022 04 23 21 42 29.38 64.25 0.00
2022 04 23 21 43 29.57 64.58 0.00
2022 04 23 21 44 29.77 64.91 0.00
2022 04 23 21 45 29.97 65.25 0.00
2022 04 23 21 46 30.17 65.58 0.00
2022 04 23 21 47 30.37 65.91 0.00
2022 04 23 21 48 30.57 66.24 0.00
2022 04 23 21 49 30.76 66.57 0.00
2022 04 23 21 50 30.96 66.89 0.00
2022 04 23 21 51 31.16 67.22 0.00
2022 04 23 21 52 31.36 67.55 0.00
2022 04 23 21 53 31.56 67.87 0.00
2022 04 23 21 54 31.76 68.20 0.00
2022 04 23 21 55 31.95 68.52 0.00
2022 04 23 21 56 32.15 68.84 0.00
2022 04 23 21 57 32.35 69.17 0.00
2022 04 23 21 58 32.55 69.49 0.00
2022 04 23 21 59 32.75 69.81 0.00
2022 04 23 22 00 32.95 70.13 0.00
2022 04 23 22 01 33.15 70.45 0.00
2022 04 23 22 02 33.35 70.76 0.00
2022 04 23 22 03 33.55 71.08 0.00
2022 04 23 22 04 33.74 71.40 0.00
2022 04 23 22 05 33.94 71.71 0.00
2022 04 23 22 06 34.14 72.03 0.00
2022 04 23 22 07 34.34 72.34 0.00
2022 04 23 22 08 34.54 72.65 0.00
2022 04 23 22 09 34.74 72.96 0.00
2022 04 23 22 10 34.94 73.27 0.00
2022 04 23 22 11 35.14 73.58 0.00
2022 04 23 22 12 35.34 73.89 0.00
2022 04 23 22 13 35.54 74.20 0.00
2022 04 23 22 14 35.74 74.51 0.00
2022 04 23 22 15 35.94 74.81 0.00
2022 04 23 22 16 36.14 75.12 0.00
2022 04 23 22 17 36.34 75.42 0.00
2022 04 23 22 18 36.54 75.73 0.00
2022 04 23 22 19 36.73 76.03 0.00
2022 04 23 22 20 36.93 76.33 0.00
2022 04 23 22 21 37.13 76.63 0.00
2022 04 23 22 22 37.33 76.93 0.00
2022 04 23 22 23 37.53 77.23 0.00
2022 04 23 22 24 37.73 77.53 0.00
2022 04 23 22 25 37.93 77.83 0.00
2022 04 23 22 26 38.13 78.12 0.00
2022 04 23 22 27 38.33 78.42 0.00
2022 04 23 22 28 38.53 78.71 0.00
2022 04 23 22 29 38.73 79.00 0.00
2022 04 23 22 30 38.93 79.30 0.00
2022 04 23 22 31 39.13 79.59 0.00
2022 04 23 22 32 39.33 79.88 0.00
2022 04 23 22 33 39.53 80.17 0.00
2022 04 23 22 34 39.73 80.46 0.00
2022 04 23 22 35 39.93 80.74 0.00
2022 04 23 22 36 40.13 81.03 0.00
2022 04 23 22 37 40.33 81.32 0.00
2022 04 23 22 38 40.53 81.60 0.00
2022 04 23 22 39 40.73 81.88 0.00
2022 04 23 22 40 40.93 82.17 0.00
2022 04 23 22 41 41.13 82.45 0.00
2022 04 23 22 42 41.33 82.73 0.00
2022 04 23 22 43 41.53 83.01 0.00
2022 04 23 22 44 41.73 83.29 0.00
2022 04 23 22 45 41.93 83.56 0.00
2022 04 23 22 46 42.13 83.84 0.00
2022 04 23 22 47 42.33 84.12 0.00
2022 04 23 22 48 42.53 84.39 0.00
2022 04 23 22 49 42.73 84.66 0.00
2022 04 23 22 50 42.93 84.94 0.00
2022 04 23 22 51 43.13 85.21 0.00
2022 04 23 22 52 43.33 85.48 0.00
2022 04 23 22 53 43.53 85.75 0.00
2022 04 23 22 54 43.73 86.02 0.00
2022 04 23 22 55 43.93 86.28 0.00
2022 04 23 22 56 44.13 86.55 0.00
2022 04 23 22 57 44.33 86.81 0.00
2022 04 23 22 58 44.53 87.08 0.00
2022 04 23 22 59 44.73 87.34 0.00
2022 04 23 23 00 44.93 87.60 0.00
2022 04 23 23 01 45.13 87.87 0.00
2022 04 23 23 02 45.33 88.13 0.00
2022 04 23 23 03 45.52 88.38 0.00
2022 04 23 23 04 45.72 88.64 0.00
2022 04 23 23 05 45.92 88.90 45.77
2022 04 23 23 06 46.12 89.16 45.77
2022 04 23 23 07 46.32 89.41 45.77
2022 04 23 23 08 46.52 89.66 45.77
2022 04 23 23 09 46.72 89.92 45.77
2022 04 23 23 10 46.92 90.17 45.77
2022 04 23 23 11 47.12 90.42 45.77
2022 04 23 23 12 47.32 90.67 45.77
2022 04 23 23 13 47.52 90.92 45.77
2022 04 23 23 14 47.72 91.17 45.77
2022 04 23 23 15 47.92 91.41 45.76
2022 04 23 23 16 48.11 91.66 45.76
2022 04 23 23 17 48.31 91.90 45.76
2022 04 23 23 18 48.51 92.14 45.76
2022 04 23 23 19 48.71 92.39 45.76
2022 04 23 23 20 48.91 92.63 45.76
2022 04 23 23 21 49.11 92.87 45.76
2022 04 23 23 22 49.31 93.11 45.76
2022 04 23 23 23 49.50 93.35 45.75
2022 04 23 23 24 49.70 93.58 45.75
2022 04 23 23 25 49.90 93.82 45.75
2022 04 23 23 26 50.10 94.05 45.75
2022 04 23 23 27 50.30 94.29 45.75
2022 04 23 23 28 50.50 94.52 45.75
2022 04 23 23 29 50.69 94.75 45.75
2022 04 23 23 30 50.89 94.98 45.74
2022 04 23 23 31 51.09 95.21 45.74
2022 04 23 23 32 51.29 95.44 45.74
2022 04 23 23 33 51.48 95.66 45.74
2022 04 23 23 34 51.68 95.89 45.74
2022 04 23 23 35 51.88 96.12 45.74
2022 04 23 23 36 52.08 96.34 45.73
2022 04 23 23 37 52.27 96.56 45.73
2022 04 23 23 38 52.47 96.78 45.73
2022 04 23 23 39 52.67 97.00 45.73
2022 04 23 23 40 52.86 97.22 45.73
2022 04 23 23 41 53.06 97.44 45.73
2022 04 23 23 42 53.26 97.66 45.73
2022 04 23 23 43 53.45 97.88 45.72
2022 04 23 23 44 53.65 98.09 45.72
2022 04 23 23 45 53.85 98.30 45.72
2022 04 23 23 46 54.04 98.52 45.72
2022 04 23 23 47 54.24 98.73 45.72
2022 04 23 23 48 54.43 98.94 45.72
2022 04 23 23 49 54.63 99.15 45.72
2022 04 23 23 50 54.82 99.36 45.72
2022 04 23 23 51 55.02 99.56 45.72
2022 04 23 23 52 55.21 99.77 45.72
2022 04 23 23 53 55.41 99.98 45.72
2022 04 23 23 54 55.60 100.18 45.72
2022 04 23 23 55 55.80 100.38 45.72
2022 04 23 23 56 55.99 100.58 45.72
2022 04 23 23 57 56.19 100.79 45.72
2022 04 23 23 58 56.38 100.98 45.72
2022 04 23 23 59 56.57 101.18 45.72
2022 04 24 00 00 56.77 101.38 45.72
2022 04 24 00 01 56.96 101.58 45.73
2022 04 24 00 02 57.15 101.77 45.73
2022 04 24 00 03 57.35 101.97 45.73
2022 04 24 00 04 57.54 102.16 45.73
2022 04 24 00 05 57.73 102.35 45.74
2022 04 24 00 06 57.93 102.54 45.74
2022 04 24 00 07 58.12 102.73 45.75
2022 04 24 00 08 58.31 102.92 45.75
2022 04 24 00 09 58.50 103.11 45.75
2022 04 24 00 10 58.69 103.29 45.76
2022 04 24 00 11 58.88 103.48 45.77
2022 04 24 00 12 59.07 103.66 45.77
2022 04 24 00 13 59.27 103.84 45.78
2022 04 24 00 14 59.46 104.03 45.79
2022 04 24 00 15 59.65 104.21 45.79
2022 04 24 00 16 59.84 104.39 45.80
2022 04 24 00 17 60.02 104.57 45.81
2022 04 24 00 18 60.21 104.74 45.82
2022 04 24 00 19 60.40 104.92 45.83
2022 04 24 00 20 60.59 105.09 45.84
2022 04 24 00 21 60.78 105.27 45.85
2022 04 24 00 22 60.97 105.44 45.87
2022 04 24 00 23 61.16 105.61 45.88
2022 04 24 00 24 61.34 105.78 45.89
2022 04 24 00 25 61.53 105.95 45.91
2022 04 24 00 26 61.72 106.12 45.92
2022 04 24 00 27 61.90 106.29 45.94
2022 04 24 00 28 62.09 106.45 45.96
2022 04 24 00 29 62.27 106.62 45.98
2022 04 24 00 30 62.46 106.78 46.00
2022 04 24 00 31 62.64 106.95 46.02
2022 04 24 00 32 62.83 107.11 46.04
2022 04 24 00 33 63.01 107.27 46.06
2022 04 24 00 34 63.20 107.43 46.08
2022 04 24 00 35 63.38 107.59 46.11
2022 04 24 00 36 63.56 107.74 46.14
2022 04 24 00 37 63.74 107.90 46.16
2022 04 24 00 38 63.93 108.06 46.19
2022 04 24 00 39 64.11 108.21 46.22
2022 04 24 00 40 64.29 108.36 46.26
2022 04 24 00 41 64.47 108.52 46.29
2022 04 24 00 42 64.65 108.67 46.32
2022 04 24 00 43 64.83 108.82 46.36
2022 04 24 00 44 65.01 108.96 46.40
2022 04 24 00 45 65.18 109.11 46.44
2022 04 24 00 46 65.36 109.26 46.48
2022 04 24 00 47 65.54 109.40 46.53
2022 04 24 00 48 65.71 109.55 46.57
2022 04 24 00 49 65.89 109.69 46.62
2022 04 24 00 50 66.07 109.83 46.67
2022 04 24 00 51 66.24 109.97 46.72
2022 04 24 00 52 66.41 110.11 46.78
2022 04 24 00 53 66.59 110.25 46.83
2022 04 24 00 54 66.76 110.39 46.89
2022 04 24 00 55 66.93 110.53 46.95
2022 04 24 00 56 67.10 110.66 47.02
2022 04 24 00 57 67.27 110.80 47.09
2022 04 24 00 58 67.44 110.93 47.16
2022 04 24 00 59 67.61 111.06 47.23
2022 04 24 01 00 67.78 111.19 47.30
2022 04 24 01 01 67.95 111.32 47.38
2022 04 24 01 02 68.12 111.45 47.46
2022 04 24 01 03 68.28 111.58 47.55
2022 04 24 01 04 68.45 111.71 47.64
2022 04 24 01 05 68.61 111.83 47.73
2022 04 24 01 06 68.77 111.96 47.82
2022 04 24 01 07 68.94 112.08 47.92
2022 04 24 01 08 69.10 112.21 48.02
2022 04 24 01 09 69.26 112.33 48.13
2022 04 24 01 10 69.42 112.45 48.24
2022 04 24 01 11 69.58 112.57 48.36
2022 04 24 01 12 69.73 112.69 48.47
2022 04 24 01 13 69.89 112.80 48.60
2022 04 24 01 14 70.05 112.92 48.73
2022 04 24 01 15 70.20 113.03 48.86
2022 04 24 01 16 70.35 113.15 49.00
2022 04 24 01 17 70.51 113.26 49.14
2022 04 24 01 18 70.66 113.37 49.29
2022 04 24 01 19 70.81 113.49 49.44
2022 04 24 01 20 70.95 113.60 49.60
2022 04 24 01 21 71.10 113.70 49.76
2022 04 24 01 22 71.25 113.81 49.93
2022 04 24 01 23 71.39 113.92 50.11
2022 04 24 01 24 71.53 114.03 50.29
2022 04 24 01 25 71.68 114.13 50.47
2022 04 24 01 26 71.82 114.23 50.67
2022 04 24 01 27 71.96 114.34 50.87
2022 04 24 01 28 72.09 114.44 51.07
2022 04 24 01 29 72.23 114.54 51.29
2022 04 24 01 30 72.36 114.64 51.51
2022 04 24 01 31 72.49 114.74 51.74
2022 04 24 01 32 72.63 114.84 51.97
2022 04 24 01 33 72.75 114.93 52.21
2022 04 24 01 34 72.88 115.03 52.46
2022 04 24 01 35 73.01 115.12 52.72
2022 04 24 01 36 73.13 115.22 52.98
2022 04 24 01 37 73.25 115.31 53.26
2022 04 24 01 38 73.37 115.40 53.54
2022 04 24 01 39 73.49 115.49 53.83
2022 04 24 01 40 73.61 115.58 54.12
2022 04 24 01 41 73.72 115.67 54.43
2022 04 24 01 42 73.84 115.76 54.75
2022 04 24 01 43 73.95 115.85 55.07
2022 04 24 01 44 74.05 115.93 55.40
2022 04 24 01 45 74.16 116.02 55.74
2022 04 24 01 46 74.26 116.10 56.09
2022 04 24 01 47 74.36 116.18 56.45
2022 04 24 01 48 74.46 116.27 56.82
2022 04 24 01 49 74.56 116.35 57.19
2022 04 24 01 50 74.65 116.43 57.58
2022 04 24 01 51 74.75 116.51 57.97
2022 04 24 01 52 74.83 116.58 58.38
2022 04 24 01 53 74.92 116.66 58.79
2022 04 24 01 54 75.01 116.74 59.21
2022 04 24 01 55 75.09 116.81 59.65
2022 04 24 01 56 75.17 116.89 60.09
2022 04 24 01 57 75.24 116.96 60.54
2022 04 24 01 58 75.31 117.03 61.00
2022 04 24 01 59 75.39 117.10 61.46
2022 04 24 02 00 75.45 117.18 61.94
2022 04 24 02 01 75.52 117.25 62.42
2022 04 24 02 02 75.58 117.31 62.92
2022 04 24 02 03 75.64 117.38 63.42
2022 04 24 02 04 75.69 117.45 63.93
2022 04 24 02 05 75.75 117.51 64.45
2022 04 24 02 06 75.80 117.58 64.97
2022 04 24 02 07 75.84 117.64 65.51
2022 04 24 02 08 75.89 117.71 66.05
2022 04 24 02 09 75.93 117.77 66.59
2022 04 24 02 10 75.96 117.83 67.15
2022 04 24 02 11 76.00 117.89 67.71
2022 04 24 02 12 76.03 117.95 68.27
2022 04 24 02 13 76.06 118.01 68.85
2022 04 24 02 14 76.08 118.07 69.43
2022 04 24 02 15 76.10 118.13 70.01
2022 04 24 02 16 76.12 118.18 70.60
2022 04 24 02 17 76.13 118.24 71.19
2022 04 24 02 18 76.14 118.29 71.78
2022 04 24 02 19 76.15 118.35 72.38
2022 04 24 02 20 76.15 118.40 72.99
2022 04 24 02 21 76.15 118.45 73.59
2022 04 24 02 22 76.15 118.50 74.20
2022 04 24 02 23 76.15 118.55 74.81
2022 04 24 02 24 76.14 118.60 75.43
2022 04 24 02 25 76.12 118.65 76.04
2022 04 24 02 26 76.11 118.70 76.65
2022 04 24 02 27 76.09 118.74 77.27
2022 04 24 02 28 76.07 118.79 77.89
2022 04 24 02 29 76.04 118.84 78.50
2022 04 24 02 30 76.01 118.88 79.12
2022 04 24 02 31 75.98 118.92 79.73
2022 04 24 02 32 75.94 118.97 80.34
2022 04 24 02 33 75.90 119.01 80.95
2022 04 24 02 34 75.86 119.05 81.56
2022 04 24 02 35 75.82 119.09 82.17
2022 04 24 02 36 75.77 119.13 82.77
2022 04 24 02 37 75.72 119.17 83.37
2022 04 24 02 38 75.66 119.21 83.97
2022 04 24 02 39 75.60 119.24 84.56
2022 04 24 02 40 75.54 119.28 85.15
2022 04 24 02 41 75.48 119.32 85.73
2022 04 24 02 42 75.41 119.35 86.32
2022 04 24 02 43 75.34 119.39 86.89
2022 04 24 02 44 75.27 119.42 87.46
2022 04 24 02 45 75.20 119.45 88.03
2022 04 24 02 46 75.12 119.48 88.59
2022 04 24 02 47 75.04 119.51 89.15
2022 04 24 02 48 74.96 119.55 89.70
2022 04 24 02 49 74.87 119.58 90.24
2022 04 24 02 50 74.78 119.60 90.78
2022 04 24 02 51 74.69 119.63 91.32
2022 04 24 02 52 74.60 119.66 91.84
2022 04 24 02 53 74.50 119.69 92.36
2022 04 24 02 54 74.41 119.71 92.88
2022 04 24 02 55 74.31 119.74 93.39
2022 04 24 02 56 74.20 119.76 93.89
2022 04 24 02 57 74.10 119.79 94.39
2022 04 24 02 58 73.99 119.81 94.87
2022 04 24 02 59 73.88 119.83 95.36
2022 04 24 03 00 73.77 119.86 95.83
2022 04 24 03 01 73.66 119.88 96.30
2022 04 24 03 02 73.54 119.90 96.77
2022 04 24 03 03 73.42 119.92 97.23
2022 04 24 03 04 73.30 119.94 97.68
2022 04 24 03 05 73.18 119.96 98.12
2022 04 24 03 06 73.06 119.97 98.56
2022 04 24 03 07 72.93 119.99 98.99
2022 04 24 03 08 72.81 120.01 99.42
2022 04 24 03 09 72.68 120.02 99.84
2022 04 24 03 10 72.55 120.04 100.25
2022 04 24 03 11 72.42 120.05 100.66
2022 04 24 03 12 72.28 120.07 101.06
2022 04 24 03 13 72.15 120.08 101.45
2022 04 24 03 14 72.01 120.09 101.84
2022 04 24 03 15 71.87 120.11 102.22
2022 04 24 03 16 71.73 120.12 102.60
2022 04 24 03 17 71.59 120.13 102.97
2022 04 24 03 18 71.45 120.14 103.34
2022 04 24 03 19 71.31 120.15 103.70
2022 04 24 03 20 71.16 120.16 104.05
2022 04 24 03 21 71.02 120.17 104.40
2022 04 24 03 22 70.87 120.18 104.75
2022 04 24 03 23 70.72 120.19 105.09
2022 04 24 03 24 70.57 120.19 105.42
2022 04 24 03 25 70.42 120.20 105.75
2022 04 24 03 26 70.26 120.20 106.07
2022 04 24 03 27 70.11 120.21 106.39
2022 04 24 03 28 69.96 120.22 106.70
2022 04 24 03 29 69.80 120.22 107.01
2022 04 24 03 30 69.64 120.22 107.32
2022 04 24 03 31 69.48 120.23 107.62
2022 04 24 03 32 69.33 120.23 107.91
2022 04 24 03 33 69.16 120.23 108.20
2022 04 24 03 34 69.00 120.23 108.49
2022 04 24 03 35 68.84 120.24 108.77
2022 04 24 03 36 68.68 120.24 109.05
2022 04 24 03 37 68.52 120.24 109.32
2022 04 24 03 38 68.35 120.24 109.59
2022 04 24 03 39 68.18 120.24 109.86
2022 04 24 03 40 68.02 120.24 110.12
2022 04 24 03 41 67.85 120.23 110.38
2022 04 24 03 42 67.68 120.23 110.63
2022 04 24 03 43 67.51 120.23 110.88
2022 04 24 03 44 67.34 120.23 111.13
2022 04 24 03 45 67.17 120.22 111.38
2022 04 24 03 46 67.00 120.22 111.62
2022 04 24 03 47 66.83 120.22 111.85
2022 04 24 03 48 66.66 120.21 112.09
2022 04 24 03 49 66.49 120.21 112.32
2022 04 24 03 50 66.31 120.20 112.55
2022 04 24 03 51 66.14 120.19 112.77
2022 04 24 03 52 65.96 120.19 112.99
2022 04 24 03 53 65.79 120.18 113.21
2022 04 24 03 54 65.61 120.17 113.43
2022 04 24 03 55 65.43 120.17 113.64
2022 04 24 03 56 65.26 120.16 113.85
2022 04 24 03 57 65.08 120.15 114.06
2022 04 24 03 58 64.90 120.14 114.27
2022 04 24 03 59 64.72 120.13 114.47
2022 04 24 04 00 64.54 120.12 114.67
2022 04 24 04 01 64.36 120.11 114.87
2022 04 24 04 02 64.18 120.10 115.06
2022 04 24 04 03 64.00 120.09 115.26
2022 04 24 04 04 63.82 120.08 115.45
2022 04 24 04 05 63.64 120.07 115.64
2022 04 24 04 06 63.45 120.06 115.82
2022 04 24 04 07 63.27 120.05 116.01
2022 04 24 04 08 63.09 120.04 116.19
2022 04 24 04 09 62.90 120.02 116.37
2022 04 24 04 10 62.72 120.01 116.55
2022 04 24 04 11 62.54 120.00 116.73
2022 04 24 04 12 62.35 119.98 116.90
2022 04 24 04 13 62.17 119.97 117.07
2022 04 24 04 14 61.98 119.96 117.24
2022 04 24 04 15 61.79 119.94 117.41
2022 04 24 04 16 61.61 119.93 117.58
2022 04 24 04 17 61.42 119.91 117.75
2022 04 24 04 18 61.23 119.90 117.91
2022 04 24 04 19 61.05 119.88 118.08
2022 04 24 04 20 60.86 119.87 118.24
2022 04 24 04 21 60.67 119.85 118.40
2022 04 24 04 22 60.48 119.84 118.56
2022 04 24 04 23 60.29 119.82 118.72
2022 04 24 04 24 60.10 119.80 118.87
2022 04 24 04 25 59.91 119.79 119.03
2022 04 24 04 26 59.72 119.77 119.18
2022 04 24 04 27 59.53 119.75 119.33
2022 04 24 04 28 59.34 119.74 119.49
2022 04 24 04 29 59.15 119.72 119.64
2022 04 24 04 30 58.96 119.70 119.79
2022 04 24 04 31 58.77 0.00 0.00
2022 04 24 04 32 58.58 0.00 0.00
2022 04 24 04 33 58.39 0.00 0.00
2022 04 24 04 34 58.20 0.00 0.00
2022 04 24 04 35 58.01 0.00 0.00
2022 04 24 04 36 57.81 0.00 0.00
2022 04 24 04 37 57.62 0.00 0.00
2022 04 24 04 38 57.43 0.00 0.00
2022 04 24 04 39 57.24 0.00 0.00
2022 04 24 04 40 57.04 0.00 0.00
2022 04 24 04 41 56.85 0.00 0.00
2022 04 24 04 42 56.66 0.00 0.00
2022 04 24 04 43 56.46 0.00 0.00
2022 04 24 04 44 56.27 0.00 0.00
2022 04 24 04 45 56.07 0.00 0.00
2022 04 24 04 46 55.88 0.00 0.00
2022 04 24 04 47 55.68 0.00 0.00
2022 04 24 04 48 55.49 0.00 0.00
2022 04 24 04 49 55.30 0.00 0.00
2022 04 24 04 50 55.10 0.00 0.00
2022 04 24 04 51 54.91 0.00 0.00
2022 04 24 04 52 54.71 0.00 0.00
2022 04 24 04 53 54.51 0.00 0.00
2022 04 24 04 54 54.32 0.00 0.00
2022 04 24 04 55 54.12 0.00 0.00
2022 04 24 04 56 53.93 0.00 0.00
2022 04 24 04 57 53.73 0.00 0.00
2022 04 24 04 58 53.54 0.00 0.00
2022 04 24 04 59 53.34 0.00 0.00
