2022 04 21 17 00 -20.06 0.00 0.00
2022 04 21 17 01 -19.94 0.00 0.00
2022 04 21 17 02 -19.82 0.00 0.00
2022 04 21 17 03 -19.70 0.00 0.00
2022 04 21 17 04 -19.58 0.00 0.00
2022 04 21 17 05 -19.46 0.00 0.00
2022 04 21 17 06 -19.33 0.00 0.00
2022 04 21 17 07 -19.21 0.00 0.00
2022 04 21 17 08 -19.09 0.00 0.00
2022 04 21 17 09 -18.96 0.00 0.00
2022 04 21 17 10 -18.84 0.00 0.00
2022 04 21 17 11 -18.71 0.00 0.00
2022 04 21 17 12 -18.59 0.00 0.00
2022 04 21 17 13 -18.46 0.00 0.00
2022 04 21 17 14 -18.34 0.00 0.00
2022 04 21 17 15 -18.21 0.00 0.00
2022 04 21 17 16 -18.08 0.00 0.00
2022 04 21 17 17 -17.95 0.00 0.00
2022 04 21 17 18 -17.82 0.00 0.00
2022 04 21 17 19 -17.69 0.00 0.00
2022 04 21 17 20 -17.57 0.00 0.00
2022 04 21 17 21 -17.43 0.00 0.00
2022 04 21 17 22 -17.30 0.00 0.00
2022 04 21 17 23 -17.17 0.00 0.00
2022 04 21 17 24 -17.04 0.00 0.00
2022 04 21 17 25 -16.91 0.00 0.00
2022 04 21 17 26 -16.78 0.00 0.00
2022 04 21 17 27 -16.64 0.00 0.00
2022 04 21 17 28 -16.51 0.00 0.00
2022 04 21 17 29 -16.37 0.00 0.00
2022 04 21 17 30 -16.24 0.00 0.00
2022 04 21 17 31 -16.10 0.00 0.00
2022 04 21 17 32 -15.97 0.00 0.00
2022 04 21 17 33 -15.83 0.00 0.00
2022 04 21 17 34 -15.69 0.00 0.00
2022 04 21 17 35 -15.56 0.00 0.00
2022 04 21 17 36 -15.42 0.00 0.00
2022 04 21 17 37 -15.28 0.00 0.00
2022 04 21 17 38 -15.14 0.00 0.00
2022 04 21 17 39 -15.00 0.00 0.00
2022 04 21 17 40 -14.86 0.00 0.00
2022 04 21 17 41 -14.72 0.00 0.00
2022 04 21 17 42 -14.58 0.00 0.00
2022 04 21 17 43 -14.44 0.00 0.00
2022 04 21 17 44 -14.30 0.00 0.00
2022 04 21 17 45 -14.16 0.00 0.00
2022 04 21 17 46 -14.01 0.00 0.00
2022 04 21 17 47 -13.87 0.00 0.00
2022 04 21 17 48 -13.73 0.00 0.00
2022 04 21 17 49 -13.58 0.00 0.00
2022 04 21 17 50 -13.44 0.00 0.00
2022 04 21 17 51 -13.29 0.00 0.00
2022 04 21 17 52 -13.15 0.00 0.00
2022 04 21 17 53 -13.00 0.00 0.00
2022 04 21 17 54 -12.86 0.00 0.00
2022 04 21 17 55 -12.71 0.00 0.00
2022 04 21 17 56 -12.56 0.00 0.00
2022 04 21 17 57 -12.41 0.00 0.00
2022 04 21 17 58 -12.27 0.00 0.00
2022 04 21 17 59 -12.12 0.00 0.00
2022 04 21 18 00 -11.97 0.00 0.00
2022 04 21 18 01 -11.82 0.00 0.00
2022 04 21 18 02 -11.67 0.00 0.00
2022 04 21 18 03 -11.52 0.00 0.00
2022 04 21 18 04 -11.37 0.00 0.00
2022 04 21 18 05 -11.22 0.00 0.00
2022 04 21 18 06 -11.07 0.00 0.00
2022 04 21 18 07 -10.92 0.00 0.00
2022 04 21 18 08 -10.77 0.00 0.00
2022 04 21 18 09 -10.61 0.00 0.00
2022 04 21 18 10 -10.46 0.00 0.00
2022 04 21 18 11 -10.31 0.00 0.00
2022 04 21 18 12 -10.15 0.00 0.00
2022 04 21 18 13 -10.00 0.00 0.00
2022 04 21 18 14 -9.84 0.00 0.00
2022 04 21 18 15 -9.69 0.00 0.00
2022 04 21 18 16 -9.54 0.00 0.00
2022 04 21 18 17 -9.38 0.00 0.00
2022 04 21 18 18 -9.22 0.00 0.00
2022 04 21 18 19 -9.07 0.00 0.00
2022 04 21 18 20 -8.91 0.00 0.00
2022 04 21 18 21 -8.75 0.00 0.00
2022 04 21 18 22 -8.60 0.00 0.00
2022 04 21 18 23 -8.44 0.00 0.00
2022 04 21 18 24 -8.28 0.00 0.00
2022 04 21 18 25 -8.12 0.00 0.00
2022 04 21 18 26 -7.96 0.00 0.00
2022 04 21 18 27 -7.80 0.00 0.00
2022 04 21 18 28 -7.64 0.00 0.00
2022 04 21 18 29 -7.48 0.00 0.00
2022 04 21 18 30 -7.32 0.00 0.00
2022 04 21 18 31 -7.16 0.00 0.00
2022 04 21 18 32 -7.00 0.00 0.00
2022 04 21 18 33 -6.84 0.00 0.00
2022 04 21 18 34 -6.68 0.00 0.00
2022 04 21 18 35 -6.52 0.00 0.00
2022 04 21 18 36 -6.36 0.00 0.00
2022 04 21 18 37 -6.19 0.00 0.00
2022 04 21 18 38 -6.03 0.00 0.00
2022 04 21 18 39 -5.87 0.00 0.00
2022 04 21 18 40 -5.70 0.00 0.00
2022 04 21 18 41 -5.54 0.00 0.00
2022 04 21 18 42 -5.38 0.00 0.00
2022 04 21 18 43 -5.21 0.00 0.00
2022 04 21 18 44 -5.05 0.00 0.00
2022 04 21 18 45 -4.88 0.00 0.00
2022 04 21 18 46 -4.72 0.00 0.00
2022 04 21 18 47 -4.55 0.00 0.00
2022 04 21 18 48 -4.38 0.00 0.00
2022 04 21 18 49 -4.22 0.00 0.00
2022 04 21 18 50 -4.05 0.00 0.00
2022 04 21 18 51 -3.88 0.00 0.00
2022 04 21 18 52 -3.72 0.00 0.00
2022 04 21 18 53 -3.55 0.00 0.00
2022 04 21 18 54 -3.38 0.00 0.00
2022 04 21 18 55 -3.21 0.00 0.00
2022 04 21 18 56 -3.04 0.00 0.00
2022 04 21 18 57 -2.87 0.00 0.00
2022 04 21 18 58 -2.71 0.00 0.00
2022 04 21 18 59 -2.54 0.00 0.00
2022 04 21 19 00 -2.37 0.00 0.00
2022 04 21 19 01 -2.20 0.00 0.00
2022 04 21 19 02 -2.03 0.00 0.00
2022 04 21 19 03 -1.86 0.00 0.00
2022 04 21 19 04 -1.68 0.00 0.00
2022 04 21 19 05 -1.51 0.00 0.00
2022 04 21 19 06 -1.34 0.00 0.00
2022 04 21 19 07 -1.17 0.00 0.00
2022 04 21 19 08 -1.00 0.00 0.00
2022 04 21 19 09 -0.83 0.00 0.00
2022 04 21 19 10 -0.65 0.00 0.00
2022 04 21 19 11 -0.48 0.00 0.00
2022 04 21 19 12 -0.31 0.00 0.00
2022 04 21 19 13 -0.13 0.00 0.00
2022 04 21 19 14 0.04 0.00 0.00
2022 04 21 19 15 0.21 0.00 0.00
2022 04 21 19 16 0.39 0.00 0.00
2022 04 21 19 17 0.56 0.00 0.00
2022 04 21 19 18 0.74 0.00 0.00
2022 04 21 19 19 0.91 0.00 0.00
2022 04 21 19 20 1.09 0.00 0.00
2022 04 21 19 21 1.26 0.00 0.00
2022 04 21 19 22 1.44 0.00 0.00
2022 04 21 19 23 1.61 0.00 0.00
2022 04 21 19 24 1.79 0.00 0.00
2022 04 21 19 25 1.96 0.00 0.00
2022 04 21 19 26 2.14 0.00 0.00
2022 04 21 19 27 2.32 0.00 0.00
2022 04 21 19 28 2.50 0.00 0.00
2022 04 21 19 29 2.67 0.00 0.00
2022 04 21 19 30 2.85 0.00 0.00
2022 04 21 19 31 3.03 0.00 0.00
2022 04 21 19 32 3.21 0.00 0.00
2022 04 21 19 33 3.38 0.00 0.00
2022 04 21 19 34 3.56 0.00 0.00
2022 04 21 19 35 3.74 0.00 0.00
2022 04 21 19 36 3.92 0.00 0.00
2022 04 21 19 37 4.10 0.00 0.00
2022 04 21 19 38 4.28 0.00 0.00
2022 04 21 19 39 4.46 0.00 0.00
2022 04 21 19 40 4.64 0.00 0.00
2022 04 21 19 41 4.82 0.00 0.00
2022 04 21 19 42 5.00 0.00 0.00
2022 04 21 19 43 5.18 0.00 0.00
2022 04 21 19 44 5.36 0.00 0.00
2022 04 21 19 45 5.54 0.00 0.00
2022 04 21 19 46 5.72 0.00 0.00
2022 04 21 19 47 5.90 0.00 0.00
2022 04 21 19 48 6.08 0.00 0.00
2022 04 21 19 49 6.27 0.00 0.00
2022 04 21 19 50 6.45 0.00 0.00
2022 04 21 19 51 6.63 0.00 0.00
2022 04 21 19 52 6.81 0.00 0.00
2022 04 21 19 53 6.99 0.00 0.00
2022 04 21 19 54 7.18 0.00 0.00
2022 04 21 19 55 7.36 0.00 0.00
2022 04 21 19 56 7.54 0.00 0.00
2022 04 21 19 57 7.73 0.00 0.00
2022 04 21 19 58 7.91 0.00 0.00
2022 04 21 19 59 8.09 0.00 0.00
2022 04 21 20 00 8.28 0.00 0.00
2022 04 21 20 01 8.46 0.00 0.00
2022 04 21 20 02 8.65 0.00 0.00
2022 04 21 20 03 8.83 0.00 0.00
2022 04 21 20 04 9.02 0.00 0.00
2022 04 21 20 05 9.20 0.00 0.00
2022 04 21 20 06 9.39 0.00 0.00
2022 04 21 20 07 9.57 0.00 0.00
2022 04 21 20 08 9.76 0.00 0.00
2022 04 21 20 09 9.94 0.00 0.00
2022 04 21 20 10 10.13 27.94 0.00
2022 04 21 20 11 10.31 28.32 0.00
2022 04 21 20 12 10.50 28.70 0.00
2022 04 21 20 13 10.69 29.08 0.00
2022 04 21 20 14 10.87 29.46 0.00
2022 04 21 20 15 11.06 29.84 0.00
2022 04 21 20 16 11.25 30.22 0.00
2022 04 21 20 17 11.43 30.60 0.00
2022 04 21 20 18 11.62 30.98 0.00
2022 04 21 20 19 11.81 31.36 0.00
2022 04 21 20 20 11.99 31.74 0.00
2022 04 21 20 21 12.18 32.12 0.00
2022 04 21 20 22 12.37 32.50 0.00
2022 04 21 20 23 12.56 32.88 0.00
2022 04 21 20 24 12.75 33.26 0.00
2022 04 21 20 25 12.93 33.64 0.00
2022 04 21 20 26 13.12 34.02 0.00
2022 04 21 20 27 13.31 34.39 0.00
2022 04 21 20 28 13.50 34.77 0.00
2022 04 21 20 29 13.69 35.15 0.00
2022 04 21 20 30 13.88 35.53 0.00
2022 04 21 20 31 14.07 35.91 0.00
2022 04 21 20 32 14.26 36.29 0.00
2022 04 21 20 33 14.45 36.66 0.00
2022 04 21 20 34 14.64 37.04 0.00
2022 04 21 20 35 14.83 37.42 0.00
2022 04 21 20 36 15.02 37.80 0.00
2022 04 21 20 37 15.21 38.17 0.00
2022 04 21 20 38 15.40 38.55 0.00
2022 04 21 20 39 15.59 38.93 0.00
2022 04 21 20 40 15.78 39.30 0.00
2022 04 21 20 41 15.97 39.68 0.00
2022 04 21 20 42 16.16 40.05 0.00
2022 04 21 20 43 16.35 40.43 0.00
2022 04 21 20 44 16.54 40.80 0.00
2022 04 21 20 45 16.73 41.17 0.00
2022 04 21 20 46 16.92 41.55 0.00
2022 04 21 20 47 17.12 41.92 0.00
2022 04 21 20 48 17.31 42.29 0.00
2022 04 21 20 49 17.50 42.66 0.00
2022 04 21 20 50 17.69 43.04 0.00
2022 04 21 20 51 17.88 43.41 0.00
2022 04 21 20 52 18.07 43.78 0.00
2022 04 21 20 53 18.27 44.15 0.00
2022 04 21 20 54 18.46 44.52 0.00
2022 04 21 20 55 18.65 44.89 18.59
2022 04 21 20 56 18.84 45.26 18.59
2022 04 21 20 57 19.04 45.62 18.59
2022 04 21 20 58 19.23 45.99 18.59
2022 04 21 20 59 19.42 46.36 18.59
2022 04 21 21 00 19.62 46.73 18.59
2022 04 21 21 01 19.81 47.09 18.60
2022 04 21 21 02 20.00 47.46 18.60
2022 04 21 21 03 20.20 47.82 18.60
2022 04 21 21 04 20.39 48.19 18.60
2022 04 21 21 05 20.58 48.55 18.60
2022 04 21 21 06 20.78 48.92 18.60
2022 04 21 21 07 20.97 49.28 18.60
2022 04 21 21 08 21.17 49.64 18.60
2022 04 21 21 09 21.36 50.01 18.60
2022 04 21 21 10 21.55 50.37 18.60
2022 04 21 21 11 21.75 50.73 18.60
2022 04 21 21 12 21.94 51.09 18.60
2022 04 21 21 13 22.14 51.45 18.60
2022 04 21 21 14 22.33 51.81 18.60
2022 04 21 21 15 22.53 52.17 18.60
2022 04 21 21 16 22.72 52.52 18.60
2022 04 21 21 17 22.92 52.88 18.60
2022 04 21 21 18 23.11 53.24 18.60
2022 04 21 21 19 23.31 53.59 18.60
2022 04 21 21 20 23.50 53.95 18.60
2022 04 21 21 21 23.70 54.30 18.60
2022 04 21 21 22 23.89 54.66 18.60
2022 04 21 21 23 24.09 55.01 18.60
2022 04 21 21 24 24.29 55.36 18.61
2022 04 21 21 25 24.48 55.72 18.61
2022 04 21 21 26 24.68 56.07 18.61
2022 04 21 21 27 24.87 56.42 18.61
2022 04 21 21 28 25.07 56.77 18.61
2022 04 21 21 29 25.27 57.12 18.61
2022 04 21 21 30 25.46 57.47 18.61
2022 04 21 21 31 25.66 57.82 18.61
2022 04 21 21 32 25.85 58.16 18.61
2022 04 21 21 33 26.05 58.51 18.61
2022 04 21 21 34 26.25 58.86 18.61
2022 04 21 21 35 26.44 59.20 18.61
2022 04 21 21 36 26.64 59.55 18.61
2022 04 21 21 37 26.84 59.89 18.61
2022 04 21 21 38 27.04 60.23 18.61
2022 04 21 21 39 27.23 60.58 18.61
2022 04 21 21 40 27.43 60.92 18.61
2022 04 21 21 41 27.63 61.26 18.61
2022 04 21 21 42 27.82 61.60 18.61
2022 04 21 21 43 28.02 61.94 18.61
2022 04 21 21 44 28.22 62.28 18.61
2022 04 21 21 45 28.42 62.62 18.61
2022 04 21 21 46 28.61 62.95 18.61
2022 04 21 21 47 28.81 63.29 18.62
2022 04 21 21 48 29.01 63.63 18.62
2022 04 21 21 49 29.21 63.96 18.62
2022 04 21 21 50 29.40 64.29 18.62
2022 04 21 21 51 29.60 64.63 18.62
2022 04 21 21 52 29.80 64.96 18.62
2022 04 21 21 53 30.00 65.29 18.62
2022 04 21 21 54 30.20 65.62 18.62
2022 04 21 21 55 30.39 65.95 18.62
2022 04 21 21 56 30.59 66.28 18.62
2022 04 21 21 57 30.79 66.61 18.62
2022 04 21 21 58 30.99 66.94 18.63
2022 04 21 21 59 31.19 67.27 18.63
2022 04 21 22 00 31.39 67.59 18.63
2022 04 21 22 01 31.58 67.92 18.63
2022 04 21 22 02 31.78 68.24 18.63
2022 04 21 22 03 31.98 68.57 18.63
2022 04 21 22 04 32.18 68.89 18.63
2022 04 21 22 05 32.38 69.21 18.64
2022 04 21 22 06 32.58 69.53 18.64
2022 04 21 22 07 32.78 69.85 18.64
2022 04 21 22 08 32.98 70.17 18.64
2022 04 21 22 09 33.17 70.49 18.64
2022 04 21 22 10 33.37 70.81 18.64
2022 04 21 22 11 33.57 71.12 18.65
2022 04 21 22 12 33.77 71.44 18.65
2022 04 21 22 13 33.97 71.76 18.65
2022 04 21 22 14 34.17 72.07 18.65
2022 04 21 22 15 34.37 72.38 18.66
2022 04 21 22 16 34.57 72.69 18.66
2022 04 21 22 17 34.77 73.01 18.66
2022 04 21 22 18 34.97 73.32 18.66
2022 04 21 22 19 35.17 73.63 18.67
2022 04 21 22 20 35.37 73.94 18.67
2022 04 21 22 21 35.56 74.24 18.67
2022 04 21 22 22 35.76 74.55 18.68
2022 04 21 22 23 35.96 74.86 18.68
2022 04 21 22 24 36.16 75.16 18.68
2022 04 21 22 25 36.36 75.47 18.69
2022 04 21 22 26 36.56 75.77 18.69
2022 04 21 22 27 36.76 76.07 18.69
2022 04 21 22 28 36.96 76.37 18.70
2022 04 21 22 29 37.16 76.67 18.70
2022 04 21 22 30 37.36 76.97 18.71
2022 04 21 22 31 37.56 77.27 18.71
2022 04 21 22 32 37.76 77.57 18.72
2022 04 21 22 33 37.96 77.87 18.72
2022 04 21 22 34 38.16 78.16 18.73
2022 04 21 22 35 38.36 78.46 18.73
2022 04 21 22 36 38.56 78.75 18.74
2022 04 21 22 37 38.76 79.04 18.74
2022 04 21 22 38 38.96 79.34 18.75
2022 04 21 22 39 39.16 79.63 18.75
2022 04 21 22 40 39.36 79.92 18.76
2022 04 21 22 41 39.56 80.21 18.77
2022 04 21 22 42 39.76 80.50 18.77
2022 04 21 22 43 39.96 80.78 18.78
2022 04 21 22 44 40.16 81.07 18.79
2022 04 21 22 45 40.36 81.35 18.79
2022 04 21 22 46 40.56 81.64 18.80
2022 04 21 22 47 40.76 81.92 18.81
2022 04 21 22 48 40.96 82.20 18.82
2022 04 21 22 49 41.16 82.49 18.82
2022 04 21 22 50 41.36 82.77 18.83
2022 04 21 22 51 41.56 83.05 18.84
2022 04 21 22 52 41.76 83.32 18.85
2022 04 21 22 53 41.96 83.60 18.86
2022 04 21 22 54 42.16 83.88 18.87
2022 04 21 22 55 42.36 84.15 18.88
2022 04 21 22 56 42.56 84.43 18.89
2022 04 21 22 57 42.76 84.70 18.90
2022 04 21 22 58 42.96 84.97 18.91
2022 04 21 22 59 43.16 85.24 18.92
2022 04 21 23 00 43.36 85.51 18.93
2022 04 21 23 01 43.56 85.78 18.94
2022 04 21 23 02 43.76 86.05 18.96
2022 04 21 23 03 43.96 86.32 18.97
2022 04 21 23 04 44.16 86.59 18.98
2022 04 21 23 05 44.35 86.85 18.99
2022 04 21 23 06 44.55 87.11 19.01
2022 04 21 23 07 44.75 87.38 19.02
2022 04 21 23 08 44.95 87.64 19.03
2022 04 21 23 09 45.15 87.90 19.05
2022 04 21 23 10 45.35 88.16 19.06
2022 04 21 23 11 45.55 88.42 19.08
2022 04 21 23 12 45.75 88.68 19.09
2022 04 21 23 13 45.95 88.93 19.11
2022 04 21 23 14 46.15 89.19 19.13
2022 04 21 23 15 46.35 89.45 19.14
2022 04 21 23 16 46.55 89.70 19.16
2022 04 21 23 17 46.75 89.95 19.18
2022 04 21 23 18 46.95 90.20 19.20
2022 04 21 23 19 47.15 90.45 19.22
2022 04 21 23 20 47.35 90.70 19.24
2022 04 21 23 21 47.55 90.95 19.26
2022 04 21 23 22 47.74 91.20 19.28
2022 04 21 23 23 47.94 91.45 19.30
2022 04 21 23 24 48.14 91.69 19.32
2022 04 21 23 25 48.34 91.94 19.34
2022 04 21 23 26 48.54 92.18 19.36
2022 04 21 23 27 48.74 92.42 19.39
2022 04 21 23 28 48.94 92.66 19.41
2022 04 21 23 29 49.14 92.90 19.44
2022 04 21 23 30 49.33 93.14 19.46
2022 04 21 23 31 49.53 93.38 19.49
2022 04 21 23 32 49.73 93.61 19.51
2022 04 21 23 33 49.93 93.85 19.54
2022 04 21 23 34 50.13 94.08 19.57
2022 04 21 23 35 50.32 94.32 19.60
2022 04 21 23 36 50.52 94.55 19.63
2022 04 21 23 37 50.72 94.78 19.66
2022 04 21 23 38 50.92 95.01 19.69
2022 04 21 23 39 51.12 95.24 19.72
2022 04 21 23 40 51.31 95.47 19.75
2022 04 21 23 41 51.51 95.70 19.78
2022 04 21 23 42 51.71 95.92 19.82
2022 04 21 23 43 51.91 96.15 19.85
2022 04 21 23 44 52.10 96.37 19.89
2022 04 21 23 45 52.30 96.59 19.93
2022 04 21 23 46 52.50 96.81 19.96
2022 04 21 23 47 52.69 97.03 20.00
2022 04 21 23 48 52.89 97.25 20.04
2022 04 21 23 49 53.09 97.47 20.08
2022 04 21 23 50 53.28 97.69 20.12
2022 04 21 23 51 53.48 97.91 20.17
2022 04 21 23 52 53.68 98.12 20.21
2022 04 21 23 53 53.87 98.33 20.25
2022 04 21 23 54 54.07 98.55 20.30
2022 04 21 23 55 54.26 98.76 20.35
2022 04 21 23 56 54.46 98.97 20.39
2022 04 21 23 57 54.66 99.18 20.44
2022 04 21 23 58 54.85 99.39 20.49
2022 04 21 23 59 55.05 99.59 20.54
2022 04 22 00 00 55.24 99.80 20.60
2022 04 22 00 01 55.44 100.00 20.65
2022 04 22 00 02 55.63 100.21 20.70
2022 04 22 00 03 55.83 100.41 20.76
2022 04 22 00 04 56.02 100.61 20.82
2022 04 22 00 05 56.21 100.81 20.88
2022 04 22 00 06 56.41 101.01 20.94
2022 04 22 00 07 56.60 101.21 21.00
2022 04 22 00 08 56.79 101.41 21.06
2022 04 22 00 09 56.99 101.60 21.13
2022 04 22 00 10 57.18 101.80 21.20
2022 04 22 00 11 57.37 101.99 21.26
2022 04 22 00 12 57.57 102.19 21.33
2022 04 22 00 13 57.76 102.38 21.40
2022 04 22 00 14 57.95 102.57 21.48
2022 04 22 00 15 58.14 102.76 21.55
2022 04 22 00 16 58.34 102.95 21.63
2022 04 22 00 17 58.53 103.13 21.71
2022 04 22 00 18 58.72 103.32 21.79
2022 04 22 00 19 58.91 103.50 21.87
2022 04 22 00 20 59.10 103.69 21.95
2022 04 22 00 21 59.29 103.87 22.04
2022 04 22 00 22 59.48 104.05 22.13
2022 04 22 00 23 59.67 104.23 22.22
2022 04 22 00 24 59.86 104.41 22.31
2022 04 22 00 25 60.05 104.59 22.40
2022 04 22 00 26 60.24 104.77 22.50
2022 04 22 00 27 60.43 104.94 22.59
2022 04 22 00 28 60.62 105.12 22.70
2022 04 22 00 29 60.81 105.29 22.80
2022 04 22 00 30 60.99 105.46 22.90
2022 04 22 00 31 61.18 105.64 23.01
2022 04 22 00 32 61.37 105.81 23.12
2022 04 22 00 33 61.56 105.98 23.23
2022 04 22 00 34 61.74 106.14 23.35
2022 04 22 00 35 61.93 106.31 23.47
2022 04 22 00 36 62.11 106.48 23.59
2022 04 22 00 37 62.30 106.64 23.71
2022 04 22 00 38 62.48 106.81 23.84
2022 04 22 00 39 62.67 106.97 23.96
2022 04 22 00 40 62.85 107.13 24.10
2022 04 22 00 41 63.04 107.29 24.23
2022 04 22 00 42 63.22 107.45 24.37
2022 04 22 00 43 63.40 107.61 24.51
2022 04 22 00 44 63.59 107.77 24.65
2022 04 22 00 45 63.77 107.92 24.80
2022 04 22 00 46 63.95 108.08 24.95
2022 04 22 00 47 64.13 108.23 25.10
2022 04 22 00 48 64.31 108.38 25.26
2022 04 22 00 49 64.49 108.54 25.42
2022 04 22 00 50 64.67 108.69 25.58
2022 04 22 00 51 64.85 108.84 25.75
2022 04 22 00 52 65.03 108.98 25.92
2022 04 22 00 53 65.21 109.13 26.10
2022 04 22 00 54 65.39 109.28 26.28
2022 04 22 00 55 65.56 109.42 26.46
2022 04 22 00 56 65.74 109.57 26.65
2022 04 22 00 57 65.91 109.71 26.84
2022 04 22 00 58 66.09 109.85 27.03
2022 04 22 00 59 66.26 109.99 27.23
2022 04 22 01 00 66.44 110.13 27.44
2022 04 22 01 01 66.61 110.27 27.65
2022 04 22 01 02 66.78 110.41 27.86
2022 04 22 01 03 66.96 110.55 28.08
2022 04 22 01 04 67.13 110.68 28.30
2022 04 22 01 05 67.30 110.82 28.53
2022 04 22 01 06 67.47 110.95 28.76
2022 04 22 01 07 67.64 111.08 28.99
2022 04 22 01 08 67.80 111.21 29.24
2022 04 22 01 09 67.97 111.34 29.48
2022 04 22 01 10 68.14 111.47 29.73
2022 04 22 01 11 68.30 111.60 29.99
2022 04 22 01 12 68.47 111.73 30.26
2022 04 22 01 13 68.63 111.85 30.52
2022 04 22 01 14 68.80 111.98 30.80
2022 04 22 01 15 68.96 112.10 31.08
2022 04 22 01 16 69.12 112.22 31.36
2022 04 22 01 17 69.28 112.34 31.66
2022 04 22 01 18 69.44 112.46 31.95
2022 04 22 01 19 69.60 112.58 32.26
2022 04 22 01 20 69.76 112.70 32.57
2022 04 22 01 21 69.91 112.82 32.88
2022 04 22 01 22 70.07 112.94 33.21
2022 04 22 01 23 70.22 113.05 33.54
2022 04 22 01 24 70.37 113.16 33.87
2022 04 22 01 25 70.53 113.28 34.22
2022 04 22 01 26 70.68 113.39 34.57
2022 04 22 01 27 70.83 113.50 34.92
2022 04 22 01 28 70.97 113.61 35.29
2022 04 22 01 29 71.12 113.72 35.66
2022 04 22 01 30 71.27 113.83 36.04
2022 04 22 01 31 71.41 113.93 36.42
2022 04 22 01 32 71.55 114.04 36.82
2022 04 22 01 33 71.70 114.14 37.22
2022 04 22 01 34 71.84 114.25 37.63
2022 04 22 01 35 71.97 114.35 38.05
2022 04 22 01 36 72.11 114.45 38.47
2022 04 22 01 37 72.25 114.55 38.90
2022 04 22 01 38 72.38 114.65 39.34
2022 04 22 01 39 72.51 114.75 39.79
2022 04 22 01 40 72.64 114.85 40.25
2022 04 22 01 41 72.77 114.95 40.72
2022 04 22 01 42 72.90 115.04 41.19
2022 04 22 01 43 73.03 115.14 41.67
2022 04 22 01 44 73.15 115.23 42.16
2022 04 22 01 45 73.27 115.32 42.66
2022 04 22 01 46 73.39 115.41 43.17
2022 04 22 01 47 73.51 115.51 43.69
2022 04 22 01 48 73.62 115.59 44.21
2022 04 22 01 49 73.74 115.68 44.75
2022 04 22 01 50 73.85 115.77 45.29
2022 04 22 01 51 73.96 115.86 45.84
2022 04 22 01 52 74.07 115.94 46.40
2022 04 22 01 53 74.17 116.03 46.97
2022 04 22 01 54 74.28 116.11 47.55
2022 04 22 01 55 74.38 116.20 48.13
2022 04 22 01 56 74.48 116.28 48.73
2022 04 22 01 57 74.57 116.36 49.33
2022 04 22 01 58 74.67 116.44 49.94
2022 04 22 01 59 74.76 116.52 50.56
2022 04 22 02 00 74.85 116.59 51.19
2022 04 22 02 01 74.93 116.67 51.83
2022 04 22 02 02 75.02 116.75 52.47
2022 04 22 02 03 75.10 116.82 53.12
2022 04 22 02 04 75.18 116.90 53.78
2022 04 22 02 05 75.25 116.97 54.45
2022 04 22 02 06 75.32 117.04 55.12
2022 04 22 02 07 75.39 117.11 55.80
2022 04 22 02 08 75.46 117.18 56.49
2022 04 22 02 09 75.53 117.25 57.19
2022 04 22 02 10 75.59 117.32 57.89
2022 04 22 02 11 75.65 117.39 58.60
2022 04 22 02 12 75.70 117.46 59.31
2022 04 22 02 13 75.75 117.52 60.03
2022 04 22 02 14 75.80 117.59 60.75
2022 04 22 02 15 75.85 117.65 61.48
2022 04 22 02 16 75.89 117.72 62.21
2022 04 22 02 17 75.93 117.78 62.95
2022 04 22 02 18 75.97 117.84 63.69
2022 04 22 02 19 76.00 117.90 64.44
2022 04 22 02 20 76.03 117.96 65.18
2022 04 22 02 21 76.06 118.02 65.93
2022 04 22 02 22 76.08 118.08 66.68
2022 04 22 02 23 76.10 118.13 67.44
2022 04 22 02 24 76.12 118.19 68.19
2022 04 22 02 25 76.13 118.24 68.94
2022 04 22 02 26 76.14 118.30 69.70
2022 04 22 02 27 76.15 118.35 70.45
2022 04 22 02 28 76.15 118.41 71.20
2022 04 22 02 29 76.15 118.46 71.95
2022 04 22 02 30 76.15 118.51 72.70
2022 04 22 02 31 76.14 118.56 73.45
2022 04 22 02 32 76.13 118.61 74.20
2022 04 22 02 33 76.12 118.66 74.94
2022 04 22 02 34 76.11 118.70 75.67
2022 04 22 02 35 76.09 118.75 76.40
2022 04 22 02 36 76.06 118.80 77.13
2022 04 22 02 37 76.04 118.84 77.85
2022 04 22 02 38 76.01 118.89 78.57
2022 04 22 02 39 75.97 118.93 79.28
2022 04 22 02 40 75.94 118.97 79.98
2022 04 22 02 41 75.90 119.01 80.67
2022 04 22 02 42 75.86 119.06 81.36
2022 04 22 02 43 75.81 119.10 82.04
2022 04 22 02 44 75.76 119.14 82.71
2022 04 22 02 45 75.71 119.17 83.37
2022 04 22 02 46 75.65 119.21 84.02
2022 04 22 02 47 75.60 119.25 84.66
2022 04 22 02 48 75.53 119.29 85.29
2022 04 22 02 49 75.47 119.32 85.91
2022 04 22 02 50 75.40 119.36 86.52
2022 04 22 02 51 75.33 119.39 87.11
2022 04 22 02 52 75.26 119.42 87.70
2022 04 22 02 53 75.19 119.46 88.27
2022 04 22 02 54 75.11 119.49 88.82
2022 04 22 02 55 75.03 119.52 89.37
2022 04 22 02 56 74.94 119.55 89.90
2022 04 22 02 57 74.86 119.58 90.41
2022 04 22 02 58 74.77 119.61 90.91
2022 04 22 02 59 74.68 119.64 91.40
2022 04 22 03 00 74.59 119.66 91.87
2022 04 22 03 01 74.49 119.69 92.33
2022 04 22 03 02 74.39 119.72 92.76
2022 04 22 03 03 74.29 119.74 93.19
2022 04 22 03 04 74.19 119.77 93.59
2022 04 22 03 05 74.08 119.79 93.98
2022 04 22 03 06 73.98 119.81 94.35
2022 04 22 03 07 73.87 119.84 94.70
2022 04 22 03 08 73.75 119.86 95.03
2022 04 22 03 09 73.64 119.88 95.34
2022 04 22 03 10 73.53 119.90 95.63
2022 04 22 03 11 73.41 119.92 95.90
2022 04 22 03 12 73.29 119.94 96.15
2022 04 22 03 13 73.17 119.96 96.38
2022 04 22 03 14 73.04 119.98 96.58
2022 04 22 03 15 72.92 119.99 96.76
2022 04 22 03 16 72.79 120.01 96.91
2022 04 22 03 17 72.66 120.03 97.04
2022 04 22 03 18 72.53 120.04 97.14
2022 04 22 03 19 72.40 120.06 97.22
2022 04 22 03 20 72.27 120.07 97.26
2022 04 22 03 21 72.13 120.08 97.28
2022 04 22 03 22 71.99 120.10 97.26
2022 04 22 03 23 71.86 120.11 97.21
2022 04 22 03 24 71.72 120.12 97.13
2022 04 22 03 25 71.57 120.13 97.01
2022 04 22 03 26 71.43 120.14 96.85
2022 04 22 03 27 71.29 120.15 96.65
2022 04 22 03 28 71.14 120.16 96.41
2022 04 22 03 29 71.00 120.17 96.12
2022 04 22 03 30 70.85 120.18 95.78
2022 04 22 03 31 70.70 120.19 95.40
2022 04 22 03 32 70.55 120.19 94.95
2022 04 22 03 33 70.40 120.20 94.45
2022 04 22 03 34 70.24 120.21 93.89
2022 04 22 03 35 70.09 120.21 93.27
2022 04 22 03 36 69.93 120.22 92.57
2022 04 22 03 37 69.78 120.22 91.80
2022 04 22 03 38 69.62 120.22 90.94
2022 04 22 03 39 69.46 120.23 90.01
2022 04 22 03 40 69.30 120.23 88.98
2022 04 22 03 41 69.14 120.23 87.85
2022 04 22 03 42 68.98 120.23 86.62
2022 04 22 03 43 68.82 120.24 85.29
2022 04 22 03 44 68.66 120.24 83.83
2022 04 22 03 45 68.49 120.24 82.26
2022 04 22 03 46 68.33 120.24 80.56
2022 04 22 03 47 68.16 120.24 78.73
2022 04 22 03 48 68.00 120.24 76.77
2022 04 22 03 49 67.83 120.23 74.67
2022 04 22 03 50 67.66 120.23 72.44
2022 04 22 03 51 67.49 120.23 70.08
2022 04 22 03 52 67.32 120.23 67.60
2022 04 22 03 53 67.15 120.22 65.01
2022 04 22 03 54 66.98 120.22 62.32
2022 04 22 03 55 66.81 120.21 59.56
2022 04 22 03 56 66.64 120.21 56.74
2022 04 22 03 57 66.46 120.20 53.90
2022 04 22 03 58 66.29 120.20 51.06
2022 04 22 03 59 66.11 120.19 48.24
2022 04 22 04 00 65.94 120.19 45.49
2022 04 22 04 01 65.76 120.18 42.83
2022 04 22 04 02 65.59 120.17 40.29
2022 04 22 04 03 65.41 120.17 37.88
2022 04 22 04 04 65.23 120.16 35.63
2022 04 22 04 05 65.05 120.15 33.55
2022 04 22 04 06 64.88 120.14 31.66
2022 04 22 04 07 64.70 120.13 29.95
2022 04 22 04 08 64.52 120.12 28.43
2022 04 22 04 09 64.34 120.11 27.10
2022 04 22 04 10 64.16 120.10 25.94
2022 04 22 04 11 63.98 120.09 24.96
2022 04 22 04 12 63.79 120.08 24.14
2022 04 22 04 13 63.61 120.07 23.46
2022 04 22 04 14 63.43 120.06 22.92
2022 04 22 04 15 63.25 120.05 22.49
2022 04 22 04 16 63.06 120.03 22.17
2022 04 22 04 17 62.88 120.02 21.93
2022 04 22 04 18 62.70 120.01 21.78
2022 04 22 04 19 62.51 120.00 21.68
2022 04 22 04 20 62.33 119.98 21.64
2022 04 22 04 21 62.14 119.97 21.64
2022 04 22 04 22 61.95 119.96 21.68
2022 04 22 04 23 61.77 119.94 21.74
2022 04 22 04 24 61.58 119.93 21.83
2022 04 22 04 25 61.39 119.91 21.93
2022 04 22 04 26 61.21 119.90 22.05
2022 04 22 04 27 61.02 119.88 22.17
2022 04 22 04 28 60.83 119.87 22.30
2022 04 22 04 29 60.64 119.85 22.43
2022 04 22 04 30 60.46 0.00 0.00
2022 04 22 04 31 60.27 0.00 0.00
2022 04 22 04 32 60.08 0.00 0.00
2022 04 22 04 33 59.89 0.00 0.00
2022 04 22 04 34 59.70 0.00 0.00
2022 04 22 04 35 59.51 0.00 0.00
2022 04 22 04 36 59.32 0.00 0.00
2022 04 22 04 37 59.13 0.00 0.00
2022 04 22 04 38 58.94 0.00 0.00
2022 04 22 04 39 58.75 0.00 0.00
2022 04 22 04 40 58.55 0.00 0.00
2022 04 22 04 41 58.36 0.00 0.00
2022 04 22 04 42 58.17 0.00 0.00
2022 04 22 04 43 57.98 0.00 0.00
2022 04 22 04 44 57.79 0.00 0.00
2022 04 22 04 45 57.59 0.00 0.00
2022 04 22 04 46 57.40 0.00 0.00
2022 04 22 04 47 57.21 0.00 0.00
2022 04 22 04 48 57.02 0.00 0.00
2022 04 22 04 49 56.82 0.00 0.00
2022 04 22 04 50 56.63 0.00 0.00
2022 04 22 04 51 56.43 0.00 0.00
2022 04 22 04 52 56.24 0.00 0.00
2022 04 22 04 53 56.05 0.00 0.00
2022 04 22 04 54 55.85 0.00 0.00
2022 04 22 04 55 55.66 0.00 0.00
2022 04 22 04 56 55.46 0.00 0.00
2022 04 22 04 57 55.27 0.00 0.00
2022 04 22 04 58 55.07 0.00 0.00
2022 04 22 04 59 54.88 0.00 0.00
