# 2022, 4, chunk number, day, hour, min, exp rms A, meas rms A, ratio A, exp B, meas B, ratio B, exp 3, meas 3, ratio3, exp 4, meas 4, ratio 4, exp AB, meas AB, ratio AB, exp BA, meas BA, ratio BA
00 17 01 09 9.29 3.66 39.36 9.18 2.60 28.36 9.55 3.33 34.92 8.92 2.79 31.28 9.91 3.07 30.97 8.60 3.00 34.90
01 17 01 09 9.87 3.88 39.28 9.89 2.79 28.21 10.35 3.55 34.32 9.39 2.79 29.69 10.62 3.22 30.30 9.19 3.39 36.86
02 17 01 09 10.64 4.12 38.68 10.47 2.98 28.48 10.59 3.73 35.23 10.50 3.29 31.34 11.27 3.46 30.71 9.88 3.53 35.74
03 17 01 09 11.32 4.13 36.45 10.97 3.20 29.15 11.20 3.93 35.11 11.08 3.53 31.91 11.84 3.77 31.84 10.48 3.68 35.09
04 17 01 09 12.61 4.76 37.76 12.23 3.56 29.07 12.73 4.43 34.81 12.10 3.85 31.80 13.24 4.01 30.30 11.65 4.13 35.47
05 17 01 09 8.45 3.20 37.88 8.24 2.46 29.88 8.20 2.93 35.78 8.47 2.64 31.11 8.68 2.73 31.47 8.02 2.78 34.66
06 17 01 09 9.13 3.54 38.83 8.67 2.68 30.91 8.89 3.48 39.15 8.81 2.71 30.74 9.32 3.06 32.78 8.48 3.02 35.60
07 17 01 09 9.28 3.54 38.17 8.66 2.61 30.20 8.40 3.39 40.36 9.45 2.89 30.64 9.22 3.06 33.22 8.72 2.95 33.89
08 17 01 09 9.18 3.61 39.34 8.76 2.60 29.72 8.96 3.35 37.39 8.90 2.79 31.37 9.32 3.02 32.41 8.62 3.04 35.30
09 17 01 09 8.41 3.31 39.32 8.24 2.35 28.56 8.58 3.28 38.19 8.04 2.49 30.95 8.74 2.83 32.40 7.93 2.82 35.62
10 17 01 09 9.09 3.45 38.00 8.60 2.64 30.68 8.53 3.11 36.46 9.09 3.01 33.08 9.17 2.96 32.24 8.53 2.99 35.04
11 17 01 09 9.13 3.42 37.46 9.14 2.67 29.20 9.85 3.47 35.20 8.43 2.72 32.24 9.55 3.06 32.03 8.74 3.11 35.51
12 17 01 09 9.20 3.54 38.44 8.88 2.69 30.31 8.76 3.31 37.79 9.05 3.02 33.43 9.72 3.06 31.42 8.40 3.06 36.46
13 17 01 09 8.82 3.56 40.33 8.58 2.44 28.42 8.44 3.39 40.18 8.85 2.66 30.03 9.36 2.89 30.88 8.09 2.90 35.79
14 17 01 09 8.90 3.49 39.22 8.65 2.66 30.81 8.51 3.29 38.65 9.00 2.85 31.73 9.41 3.01 32.01 8.17 3.00 36.66
15 17 01 09 9.80 3.92 40.01 9.54 2.72 28.52 9.66 3.80 39.32 9.66 2.91 30.18 10.39 3.23 31.08 9.00 3.42 37.98
16 17 01 09 10.32 4.09 39.61 10.04 2.91 28.95 10.29 4.01 39.01 10.04 3.07 30.54 10.97 3.43 31.22 9.45 3.61 38.16
17 17 01 09 12.22 4.72 38.60 11.81 3.43 29.01 11.95 4.60 38.52 11.99 3.71 30.95 12.80 4.04 31.53 11.28 4.16 36.91
18 17 01 09 13.56 5.28 38.95 13.02 3.93 30.19 13.51 5.10 37.75 12.99 3.88 29.89 14.15 4.61 32.60 12.48 4.43 35.53
19 17 01 09 14.89 5.96 40.04 14.09 4.36 30.94 14.24 5.16 36.25 14.72 4.70 31.92 15.41 4.85 31.50 13.61 4.93 36.19
20 17 01 09 9.63 3.86 40.04 9.40 2.77 29.48 8.72 3.59 41.16 10.30 3.19 30.97 10.31 3.16 30.71 8.78 3.32 37.77
21 17 01 09 9.67 3.79 39.16 9.09 2.82 31.02 8.22 3.17 38.52 10.56 3.28 31.09 9.88 3.10 31.37 8.90 3.34 37.57
22 17 01 09 9.41 3.57 37.98 9.01 2.78 30.87 8.45 3.44 40.67 9.98 3.19 31.98 9.81 3.15 32.08 8.64 3.31 38.29
23 17 01 09 9.00 3.50 38.90 8.74 2.57 29.36 8.65 3.43 39.64 9.01 2.85 31.70 9.51 3.05 32.11 8.27 3.09 37.34
