# 2022, 4, chunk number, day, hour, min, exp rms A, meas rms A, ratio A, exp B, meas B, ratio B, exp 3, meas 3, ratio3, exp 4, meas 4, ratio 4, exp AB, meas AB, ratio AB, exp BA, meas BA, ratio BA
00 19 21 47 12.61 4.93 39.10 12.72 3.56 27.99 12.37 5.24 42.37 12.96 4.00 30.88 13.61 4.17 30.65 11.78 3.96 33.62
01 19 23 34 9.55 3.59 37.55 9.87 2.67 27.00 9.62 3.78 39.26 9.79 2.77 28.27 10.15 3.16 31.07 9.29 3.16 34.05
02 20 01 21 9.10 3.50 38.41 9.12 2.50 27.40 9.03 3.63 40.20 9.19 2.89 31.46 9.54 2.94 30.83 8.70 2.87 32.99
03 20 03 08 8.69 3.30 37.95 8.79 2.43 27.69 8.74 3.69 42.25 8.74 2.66 30.39 9.17 2.77 30.24 8.34 2.89 34.65
04 20 23 21 10.93 4.30 39.31 10.55 3.07 29.10 9.85 4.11 41.71 11.71 3.50 29.92 11.72 3.59 30.62 9.84 3.64 37.03
05 21 00 41 9.95 3.81 38.29 9.79 2.82 28.83 9.22 3.57 38.73 10.55 3.11 29.44 10.63 3.20 30.10 9.17 3.28 35.82
06 21 02 01 10.18 3.74 36.77 9.98 2.93 29.37 9.55 3.76 39.35 10.62 3.09 29.12 10.84 3.34 30.83 9.38 3.29 35.08
07 21 03 20 9.95 3.80 38.18 9.80 2.90 29.55 9.29 3.68 39.58 10.48 3.17 30.21 10.68 3.23 30.28 9.13 3.26 35.72
08 21 22 37 11.46 4.41 38.48 11.68 3.27 27.97 10.69 4.28 40.06 12.52 3.74 29.86 12.78 3.83 30.00 10.47 3.75 35.82
09 22 00 10 9.98 3.73 37.36 10.09 2.85 28.21 9.41 3.58 38.04 10.69 3.67 34.36 10.89 3.14 28.83 9.24 3.27 35.44
10 22 01 42 9.85 3.78 38.40 9.98 2.76 27.66 9.35 3.52 37.59 10.49 4.68 44.64 10.71 3.24 30.22 9.18 3.22 35.04
11 22 03 15 9.94 3.80 38.25 10.08 2.71 26.89 9.31 3.56 38.23 10.77 5.30 49.21 10.87 3.16 29.03 9.22 3.32 36.06
